id,type,public,created_at,actor_id,actor_login,repo_id,repo_name,payload_ref,payload_ref_type,payload_pusher_type,payload_push_id,payload_size,payload_distinct_size,payload_commits,payload_action,payload_pr_number,payload_forkee_full_name,payload_changes,payload_review_state,payload_review_author_association,payload_member_id,payload_member_login,payload_member_type,payload_member_site_admin
18159546927,PushEvent,true,2021-09-27 08:03:01.000000 UTC,82620612,ohmihee,380973716,ohmihee/react,"""refs/heads/master""",,,8020340749,1,1,"[{""sha"":""3e7d9fd247330ba58263ff826a6a8efa45095243"",""author"":{""name"":""algml"",""email"":""d5a0f6e1065a1949e974cd60567d3df885233808@gmail.com""},""message"":""first"",""distinct"":true,""url"":""https://api.github.com/repos/ohmihee/react/commits/3e7d9fd247330ba58263ff826a6a8efa45095243""}]",,,,,,,,,,
18159518340,PushEvent,true,2021-09-27 08:01:15.000000 UTC,304757,stoty,200856537,stoty/phoenix,"""refs/heads/PHOENIX-6537-4.x""",,,8020327993,2,2,"[{""sha"":""bf33145e332587e6d21a354a83492fcba117574a"",""author"":{""name"":""Istvan Toth"",""email"":""a03c1e2834d1d2738e22668d816c6ff6b73cf552@apache.org""},""message"":""PHOENIX-6556 Log INPUT_TABLE_CONDITIONS for MR jobs"",""distinct"":true,""url"":""https://api.github.com/repos/stoty/phoenix/commits/bf33145e332587e6d21a354a83492fcba117574a""},{""sha"":""71db6eeecb5f145d9f17deb63239dc6c54296b3f"",""author"":{""name"":""Istvan Toth"",""email"":""a03c1e2834d1d2738e22668d816c6ff6b73cf552@apache.org""},""message"":""PHOENIX-6537 Fix CI pipeline and upgrade Yetus\n\nupdate Yetus to 0.13\nupdate Yetus personality to patch in mvn verify in the yetus module\nupdate Yetus personality to not rebuild hbase twice\nskip shaded and assembly modules during CI\nupdate Jacoco maven plugin to 0.8.7\ndisable Jacoco for CI runs\nincrease test kill timeout for Failsafe\nupdate Surefire/Failsafe maven plugin to 3.0.0-M5\nrefactor Junit @Category annotations for new Surefire/failsafe version\nupdate OWASP maven plugin to 6.3.1\ncreate /var/run in Yetus docker images for gpg\nfix hbase table cleanup code in BaseTest"",""distinct"":true,""url"":""https://api.github.com/repos/stoty/phoenix/commits/71db6eeecb5f145d9f17deb63239dc6c54296b3f""}]",,,,,,,,,,
18160344282,PushEvent,true,2021-09-27 08:54:44.000000 UTC,16487352,zihaomu,268666309,zihaomu/opencv,"""refs/heads/tf_expand_dim_layer""",,,8020701391,1,1,"[{""sha"":""5285ff4f24da7f6b61dc7ce24b79d21a4bdab6d1"",""author"":{""name"":""Zihao Mu"",""email"":""63504df8f201f47986e75c5fcf540932f01ba249@outlook.com""},""message"":""Compatible with 5-dimensional NDHWC data"",""distinct"":true,""url"":""https://api.github.com/repos/zihaomu/opencv/commits/5285ff4f24da7f6b61dc7ce24b79d21a4bdab6d1""}]",,,,,,,,,,
18159671716,PullRequestEvent,true,2021-09-27 08:10:50.000000 UTC,49699333,dependabot[bot],29244747,SebastianZ/kuma,,,,,,,,"""opened""",9,,,,,,,,
18159671828,CreateEvent,true,2021-09-27 08:10:51.000000 UTC,49699333,dependabot[bot],29244747,SebastianZ/kuma,"""dependabot/pip/elasticsearch-7.15.0""","""branch""","""user""",,,,,,,,,,,,,,
18159672288,PullRequestEvent,true,2021-09-27 08:10:52.000000 UTC,49699333,dependabot[bot],29244747,SebastianZ/kuma,,,,,,,,"""closed""",8,,,,,,,,
18160017933,DeleteEvent,true,2021-09-27 08:33:06.000000 UTC,16077464,dbalek,110686400,dbalek/netbeans,"""dbalek/lsp-native-test-explorer""","""branch""","""user""",,,,,,,,,,,,,,
18160311205,CreateEvent,true,2021-09-27 08:52:36.000000 UTC,1549069,behnammodi,276963306,behnammodi/react,"""use-hasOwnProperty-in-devtools-backend""","""branch""","""user""",,,,,,,,,,,,,,
18159500947,CreateEvent,true,2021-09-27 08:00:09.000000 UTC,2536374,asmorkalov,6243001,asmorkalov/opencv,"""as/parser_verbose_print""","""branch""","""user""",,,,,,,,,,,,,,
18160353074,PushEvent,true,2021-09-27 08:55:18.000000 UTC,89917375,juliainkaxo,405049142,juliainkaxo/react,"""refs/heads/master""",,,8020705454,1,1,"[{""sha"":""2e15fd632161fa3a6a51912b9802d42d43f33c1f"",""author"":{""name"":""juliainkaxo"",""email"":""429ecf15b2336ef965a62d10df967b6b1c8b9bf6@users.noreply.github.com""},""message"":""geolocation"",""distinct"":true,""url"":""https://api.github.com/repos/juliainkaxo/react/commits/2e15fd632161fa3a6a51912b9802d42d43f33c1f""}]",,,,,,,,,,
18159894989,PushEvent,true,2021-09-27 08:24:59.000000 UTC,25884820,muhanggaohs,408751283,muhanggaohs/react,"""refs/heads/master""",,,8020495475,1,1,"[{""sha"":""601b2db87664b21c3886391ce4a5bdf15650488f"",""author"":{""name"":""muhanggaohs"",""email"":""90ef1c61900488f577acaf8365263fafaeb7d415@gmail.com""},""message"":""header"",""distinct"":true,""url"":""https://api.github.com/repos/muhanggaohs/react/commits/601b2db87664b21c3886391ce4a5bdf15650488f""}]",,,,,,,,,,
18159838338,CreateEvent,true,2021-09-27 08:21:26.000000 UTC,1654111,oriondream,96284985,oriondream/opencv,"""3.4.0-CUDA11.3-Pascal""","""branch""","""user""",,,,,,,,,,,,,,
18159781515,WatchEvent,true,2021-09-27 08:17:49.000000 UTC,43192415,CurtainCui,222355138,qq281113270/react,,,,,,,,"""started""",,,,,,,,,
18160080804,CreateEvent,true,2021-09-27 08:37:21.000000 UTC,7789691,rjagdale,409154250,rjagdale/terraform,"""terraform-new""","""branch""","""user""",,,,,,,,,,,,,,
18159809162,PullRequestEvent,true,2021-09-27 08:19:36.000000 UTC,10150602,Corefinder89,379685044,Corefinder89/phoenix,,,,,,,,"""closed""",4,,,,,,,,
18160069518,WatchEvent,true,2021-09-27 08:36:35.000000 UTC,43772832,xinqq1018,378877870,phoenixchain/phoenix,,,,,,,,"""started""",,,,,,,,,
18159503788,PullRequestEvent,true,2021-09-27 08:00:19.000000 UTC,147145,WyriHaximus,391980572,WyriHaximus/terraform,,,,,,,,"""closed""",5,,,,,,,,
18159945740,IssueCommentEvent,true,2021-09-27 08:28:19.000000 UTC,1804568,thaJeztah,7691631,moby/moby,,,,,,,,"""created""",,,,,,,,,
18159988713,IssueCommentEvent,true,2021-09-27 08:31:09.000000 UTC,1804568,thaJeztah,7691631,moby/moby,,,,,,,,"""created""",,,,,,,,,
18160056603,IssueCommentEvent,true,2021-09-27 08:35:41.000000 UTC,1804568,thaJeztah,7691631,moby/moby,,,,,,,,"""created""",,,,,,,,,
18159528860,DeleteEvent,true,2021-09-27 08:01:54.000000 UTC,45942572,SiarheiSakharevich,337402726,saby/react,"""21.5100/mergerator/270921_110140""","""branch""","""user""",,,,,,,,,,,,,,
18159533555,IssueCommentEvent,true,2021-09-27 08:02:11.000000 UTC,304757,stoty,20473418,apache/phoenix,,,,,,,,"""created""",,,,,,,,,
18160016937,PullRequestEvent,true,2021-09-27 08:33:03.000000 UTC,16077464,dbalek,102083576,apache/netbeans,,,,,,,,"""closed""",3186,,,,,,,,
18159988188,PullRequestReviewEvent,true,2021-09-27 08:31:07.000000 UTC,26887752,JaroslavTulach,102083576,apache/netbeans,,,,,,,,"""created""",3186,,,"""approved""","""CONTRIBUTOR""",,,,
18160181928,WatchEvent,true,2021-09-27 08:44:06.000000 UTC,40136779,watson21,5108051,opencv/opencv,,,,,,,,"""started""",,,,,,,,,
18160420415,PullRequestReviewEvent,true,2021-09-27 08:59:39.000000 UTC,16487352,zihaomu,5108051,opencv/opencv,,,,,,,,"""created""",20702,,,"""commented""","""CONTRIBUTOR""",,,,
18160232902,PullRequestEvent,true,2021-09-27 08:47:26.000000 UTC,46279571,DumDereDum,5108051,opencv/opencv,,,,,,,,"""opened""",20755,,,,,,,,
18159713286,WatchEvent,true,2021-09-27 08:13:31.000000 UTC,48270341,hansolo12334,5108051,opencv/opencv,,,,,,,,"""started""",,,,,,,,,
18159508521,PullRequestEvent,true,2021-09-27 08:00:38.000000 UTC,2536374,asmorkalov,5108051,opencv/opencv,,,,,,,,"""opened""",20754,,,,,,,,
18159980717,ForkEvent,true,2021-09-27 08:30:38.000000 UTC,89381324,Asbjornhh,10270250,facebook/react,,,,,,,,,,"""Asbjornhh/react""",,,,,,,
18160338028,WatchEvent,true,2021-09-27 08:54:20.000000 UTC,40005914,ahmetkosker,10270250,facebook/react,,,,,,,,"""started""",,,,,,,,,
18159710656,WatchEvent,true,2021-09-27 08:13:21.000000 UTC,1392239,sergiig,10270250,facebook/react,,,,,,,,"""started""",,,,,,,,,
18160295102,WatchEvent,true,2021-09-27 08:51:34.000000 UTC,43874339,WellBeing-Man,10270250,facebook/react,,,,,,,,"""started""",,,,,,,,,
18160204635,WatchEvent,true,2021-09-27 08:45:33.000000 UTC,51422045,MellKam,10270250,facebook/react,,,,,,,,"""started""",,,,,,,,,
18159986812,IssuesEvent,true,2021-09-27 08:31:02.000000 UTC,5222512,hazcod,17728164,hashicorp/terraform,,,,,,,,"""opened""",,,,,,,,,
18160298548,IssueCommentEvent,true,2021-09-27 08:51:47.000000 UTC,69719569,omxpro,45717250,tensorflow/tensorflow,,,,,,,,"""created""",,,,,,,,,
18160244236,WatchEvent,true,2021-09-27 08:48:12.000000 UTC,19310233,timestee,45717250,tensorflow/tensorflow,,,,,,,,"""started""",,,,,,,,,
18159882767,IssueCommentEvent,true,2021-09-27 08:24:12.000000 UTC,56610014,google-ml-butler[bot],45717250,tensorflow/tensorflow,,,,,,,,"""created""",,,,,,,,,
18159992586,IssuesEvent,true,2021-09-27 08:31:25.000000 UTC,3979096,benbarsdell,45717250,tensorflow/tensorflow,,,,,,,,"""closed""",,,,,,,,,
18160054396,IssueCommentEvent,true,2021-09-27 08:35:32.000000 UTC,59822926,Saduf2019,45717250,tensorflow/tensorflow,,,,,,,,"""created""",,,,,,,,,
18160266517,WatchEvent,true,2021-09-27 08:49:42.000000 UTC,41161981,willtryagain,45717250,tensorflow/tensorflow,,,,,,,,"""started""",,,,,,,,,
18160327835,IssueCommentEvent,true,2021-09-27 08:53:40.000000 UTC,69719569,omxpro,45717250,tensorflow/tensorflow,,,,,,,,"""created""",,,,,,,,,
18160339456,IssueCommentEvent,true,2021-09-27 08:54:26.000000 UTC,59822926,Saduf2019,45717250,tensorflow/tensorflow,,,,,,,,"""created""",,,,,,,,,
18160395171,IssueCommentEvent,true,2021-09-27 08:58:01.000000 UTC,69719569,omxpro,45717250,tensorflow/tensorflow,,,,,,,,"""created""",,,,,,,,,
18159992439,IssueCommentEvent,true,2021-09-27 08:31:24.000000 UTC,3979096,benbarsdell,45717250,tensorflow/tensorflow,,,,,,,,"""created""",,,,,,,,,
18159992850,IssueCommentEvent,true,2021-09-27 08:31:26.000000 UTC,56610014,google-ml-butler[bot],45717250,tensorflow/tensorflow,,,,,,,,"""created""",,,,,,,,,
18160265315,IssuesEvent,true,2021-09-27 08:49:37.000000 UTC,17096858,kamalkraj,45717250,tensorflow/tensorflow,,,,,,,,"""opened""",,,,,,,,,
18159883558,IssueCommentEvent,true,2021-09-27 08:24:15.000000 UTC,56610014,google-ml-butler[bot],45717250,tensorflow/tensorflow,,,,,,,,"""created""",,,,,,,,,
18160269378,IssueCommentEvent,true,2021-09-27 08:49:54.000000 UTC,69719569,omxpro,45717250,tensorflow/tensorflow,,,,,,,,"""created""",,,,,,,,,
18160209064,IssuesEvent,true,2021-09-27 08:45:51.000000 UTC,1680079,lesteve,843222,scikit-learn/scikit-learn,,,,,,,,"""opened""",,,,,,,,,
18160004869,PullRequestEvent,true,2021-09-27 08:32:14.000000 UTC,89061,ogrisel,843222,scikit-learn/scikit-learn,,,,,,,,"""opened""",21159,,,,,,,,
18160220124,ForkEvent,true,2021-09-27 08:46:35.000000 UTC,82425432,2333-jpg,843222,scikit-learn/scikit-learn,,,,,,,,,,"""2333-jpg/scikit-learn""",,,,,,,
18159655044,WatchEvent,true,2021-09-27 08:09:48.000000 UTC,84718483,CalvinFrancasudo,843222,scikit-learn/scikit-learn,,,,,,,,"""started""",,,,,,,,,
18160425487,PullRequestReviewEvent,true,2021-09-27 08:59:59.000000 UTC,13029839,jjerphan,843222,scikit-learn/scikit-learn,,,,,,,,"""created""",21159,,,"""approved""","""MEMBER""",,,,
18159962857,IssueCommentEvent,true,2021-09-27 08:29:27.000000 UTC,7454015,glemaitre,843222,scikit-learn/scikit-learn,,,,,,,,"""created""",,,,,,,,,
18160108461,IssueCommentEvent,true,2021-09-27 08:39:14.000000 UTC,26326659,dayyass,843222,scikit-learn/scikit-learn,,,,,,,,"""created""",,,,,,,,,
18160421654,IssueCommentEvent,true,2021-09-27 08:59:44.000000 UTC,89061,ogrisel,843222,scikit-learn/scikit-learn,,,,,,,,"""created""",,,,,,,,,
18159932897,IssueCommentEvent,true,2021-09-27 08:27:28.000000 UTC,7454015,glemaitre,843222,scikit-learn/scikit-learn,,,,,,,,"""created""",,,,,,,,,
18160032907,PushEvent,true,2021-09-27 08:34:07.000000 UTC,89061,ogrisel,843222,scikit-learn/scikit-learn,"""refs/heads/main""",,,8020557636,1,1,"[{""sha"":""6e2388f9016c07a813fa5925f9429f1b2ea4f217"",""author"":{""name"":""Juan Martin Loyola"",""email"":""bac18c3815d8dcc0c5d975b27af08b0c6f83bdab@outlook.com""},""message"":""DOC Ensures that RobustScaler passes numpydoc validation (#21155)"",""distinct"":true,""url"":""https://api.github.com/repos/scikit-learn/scikit-learn/commits/6e2388f9016c07a813fa5925f9429f1b2ea4f217""}]",,,,,,,,,,
18159930986,PullRequestEvent,true,2021-09-27 08:27:20.000000 UTC,7454015,glemaitre,843222,scikit-learn/scikit-learn,,,,,,,,"""closed""",21149,,,,,,,,
18159938289,PushEvent,true,2021-09-27 08:27:49.000000 UTC,7454015,glemaitre,843222,scikit-learn/scikit-learn,"""refs/heads/main""",,,8020515110,1,1,"[{""sha"":""1b51ae220ebd5249e640e0d418ea2d802a51a76d"",""author"":{""name"":""Juan Martin Loyola"",""email"":""bac18c3815d8dcc0c5d975b27af08b0c6f83bdab@outlook.com""},""message"":""DOC Ensures that MissingIndicator passes numpydoc validation (#21149)"",""distinct"":true,""url"":""https://api.github.com/repos/scikit-learn/scikit-learn/commits/1b51ae220ebd5249e640e0d418ea2d802a51a76d""}]",,,,,,,,,,
18159827491,ForkEvent,true,2021-09-27 08:20:46.000000 UTC,17523316,wintering521,843222,scikit-learn/scikit-learn,,,,,,,,,,"""wintering521/scikit-learn""",,,,,,,
18160028419,PullRequestReviewEvent,true,2021-09-27 08:33:49.000000 UTC,89061,ogrisel,843222,scikit-learn/scikit-learn,,,,,,,,"""created""",21155,,,"""approved""","""MEMBER""",,,,
18159881986,ForkEvent,true,2021-09-27 08:24:10.000000 UTC,89364384,haruqiqi,135786093,typescript-cheatsheets/react,,,,,,,,,,"""haruqiqi/react""",,,,,,,
18159789478,WatchEvent,true,2021-09-27 08:18:19.000000 UTC,57950554,StevieTaylor,135786093,typescript-cheatsheets/react,,,,,,,,"""started""",,,,,,,,,
18160099429,PushEvent,true,2021-09-27 08:38:37.000000 UTC,89241006,KKugi,400071506,KKugi/opencv,"""refs/heads/master""",,,8020587678,1,1,"[{""sha"":""2a7517e38d83196009cd598e089fa0b25b3a98bc"",""author"":{""name"":""KKugi"",""email"":""5e8cccb23147ce8e0e9638c59865ca61e7a23d9a@users.noreply.github.com""},""message"":""Colaboratory를 통해 생성됨"",""distinct"":true,""url"":""https://api.github.com/repos/KKugi/opencv/commits/2a7517e38d83196009cd598e089fa0b25b3a98bc""}]",,,,,,,,,,
18159629766,CreateEvent,true,2021-09-27 08:08:14.000000 UTC,85179936,bleskova,410796367,bleskova/react,,"""repository""","""user""",,,,,,,,,,,,,,
18160172421,PushEvent,true,2021-09-27 08:43:27.000000 UTC,30895292,nauy1216,320716185,nauy1216/react,"""refs/heads/lcy-test""",,,8020621041,1,1,"[{""sha"":""44cee713a52203d28b6c4a360770cd80c390640d"",""author"":{""name"":""liuchengyuan"",""email"":""2bf767405206858c973e0405ba3f7696d7743110@codemao.cn""},""message"":""update"",""distinct"":true,""url"":""https://api.github.com/repos/nauy1216/react/commits/44cee713a52203d28b6c4a360770cd80c390640d""}]",,,,,,,,,,
18160287267,PushEvent,true,2021-09-27 08:51:04.000000 UTC,16487352,zihaomu,268666309,zihaomu/opencv,"""refs/heads/tf_expand_dim_layer""",,,8020674782,1,1,"[{""sha"":""27b0eef2c298cac7a6fa317362991842a1ca49f2"",""author"":{""name"":""Zihao Mu"",""email"":""63504df8f201f47986e75c5fcf540932f01ba249@outlook.com""},""message"":""Support different dimensions of input."",""distinct"":true,""url"":""https://api.github.com/repos/zihaomu/opencv/commits/27b0eef2c298cac7a6fa317362991842a1ca49f2""}]",,,,,,,,,,
18159672441,DeleteEvent,true,2021-09-27 08:10:53.000000 UTC,49699333,dependabot[bot],29244747,SebastianZ/kuma,"""dependabot/pip/elasticsearch-7.14.1""","""branch""","""user""",,,,,,,,,,,,,,
18159672106,IssueCommentEvent,true,2021-09-27 08:10:52.000000 UTC,49699333,dependabot[bot],29244747,SebastianZ/kuma,,,,,,,,"""created""",,,,,,,,,
18160395396,PushEvent,true,2021-09-27 08:58:02.000000 UTC,85682479,mehrsobir,404344837,mehrsobir/react,"""refs/heads/master""",,,8020724886,1,1,"[{""sha"":""2c0372dcef3d011bd46e9bed1c8e3d458ca0a8f8"",""author"":{""name"":""Mehr"",""email"":""fa33e26dfcb08b12ade81bb05b067e93b7806d24@gmail.com""},""message"":""some debugings"",""distinct"":true,""url"":""https://api.github.com/repos/mehrsobir/react/commits/2c0372dcef3d011bd46e9bed1c8e3d458ca0a8f8""}]",,,,,,,,,,
18159854266,ForkEvent,true,2021-09-27 08:22:24.000000 UTC,29714803,FranklynVidal,346585888,Stywar/terraform,,,,,,,,,,"""FranklynVidal/terraform""",,,,,,,
18160321835,PushEvent,true,2021-09-27 08:53:17.000000 UTC,1549069,behnammodi,276963306,behnammodi/react,"""refs/heads/use-hasOwnProperty-in-devtools-backend""",,,8020690967,1,1,"[{""sha"":""cfc2e9ca0f18573560a1b122f72c02862739cbac"",""author"":{""name"":""Behnam Mohammadi"",""email"":""e60bfd15efa0ef0d0b5be4cda8700dbcfca0b68a@live.com""},""message"":""add hasOwnProperty to devTools backend"",""distinct"":true,""url"":""https://api.github.com/repos/behnammodi/react/commits/cfc2e9ca0f18573560a1b122f72c02862739cbac""}]",,,,,,,,,,
18160082398,PushEvent,true,2021-09-27 08:37:27.000000 UTC,60080224,aaakch0316,390226147,leejaehee1/react,"""refs/heads/master""",,,8020579930,25,25,"[{""sha"":""a2b0591fa37240d7cb66f4ee64c57c78b8b2f8a5"",""author"":{""name"":""aaakch0316"",""email"":""eba248b837e37626fe2a277d2f2385e5b16f12ae@gmail.com""},""message"":""PL-115 [!] add dataflow at ERROR"",""distinct"":true,""url"":""https://api.github.com/repos/leejaehee1/react/commits/a2b0591fa37240d7cb66f4ee64c57c78b8b2f8a5""},{""sha"":""fecf97a9b3e460bd7ee3baca2eb5f61c652b1ca9"",""author"":{""name"":""aaakch0316"",""email"":""eba248b837e37626fe2a277d2f2385e5b16f12ae@gmail.com""},""message"":""PL-118 [+] install redux redux-react"",""distinct"":true,""url"":""https://api.github.com/repos/leejaehee1/react/commits/fecf97a9b3e460bd7ee3baca2eb5f61c652b1ca9""},{""sha"":""d1dc2a707dc5e08182365b23fa2a825ac5fcfc94"",""author"":{""name"":""aaakch0316"",""email"":""eba248b837e37626fe2a277d2f2385e5b16f12ae@gmail.com""},""message"":""PL-118 [+] change data logic at punchlist board"",""distinct"":true,""url"":""https://api.github.com/repos/leejaehee1/react/commits/d1dc2a707dc5e08182365b23fa2a825ac5fcfc94""},{""sha"":""ffea1944636550ac489193fed5fa9d10c854814c"",""author"":{""name"":""aaakch0316"",""email"":""eba248b837e37626fe2a277d2f2385e5b16f12ae@gmail.com""},""message"":""PL-118 [+] connect data logic at punchlist board"",""distinct"":true,""url"":""https://api.github.com/repos/leejaehee1/react/commits/ffea1944636550ac489193fed5fa9d10c854814c""},{""sha"":""cd66c2e0b77fe58903aaa9cb9340a273e79b3648"",""author"":{""name"":""aaakch0316"",""email"":""eba248b837e37626fe2a277d2f2385e5b16f12ae@gmail.com""},""message"":""PL-118 [+] connect data logic at punchlist status chart"",""distinct"":true,""url"":""https://api.github.com/repos/leejaehee1/react/commits/cd66c2e0b77fe58903aaa9cb9340a273e79b3648""},{""sha"":""0c1c824b1140a90c767abf7a640890c3eecb585c"",""author"":{""name"":""aaakch0316"",""email"":""eba248b837e37626fe2a277d2f2385e5b16f12ae@gmail.com""},""message"":""PL-118 [+] connect data logic at punchlist category chart"",""distinct"":true,""url"":""https://api.github.com/repos/leejaehee1/react/commits/0c1c824b1140a90c767abf7a640890c3eecb585c""},{""sha"":""c8c63b37f88217575112dffff50481de7fa6e52d"",""author"":{""name"":""aaakch0316"",""email"":""eba248b837e37626fe2a277d2f2385e5b16f12ae@gmail.com""},""message"":""PL-123 [+] create state button baseline by html"",""distinct"":true,""url"":""https://api.github.com/repos/leejaehee1/react/commits/c8c63b37f88217575112dffff50481de7fa6e52d""},{""sha"":""6962f14be04be3443bacf730597349030099cb68"",""author"":{""name"":""aaakch0316"",""email"":""eba248b837e37626fe2a277d2f2385e5b16f12ae@gmail.com""},""message"":""PL-123 [+] create button CSS baseline by css"",""distinct"":true,""url"":""https://api.github.com/repos/leejaehee1/react/commits/6962f14be04be3443bacf730597349030099cb68""},{""sha"":""57579ea9d3c29f08d4cd13d803f5e30f6a1682ef"",""author"":{""name"":""aaakch0316"",""email"":""eba248b837e37626fe2a277d2f2385e5b16f12ae@gmail.com""},""message"":""PL-123 [+] update button CSS by css"",""distinct"":true,""url"":""https://api.github.com/repos/leejaehee1/react/commits/57579ea9d3c29f08d4cd13d803f5e30f6a1682ef""},{""sha"":""6cd806517e1a92a55c86147858f3b7fea2dd2a91"",""author"":{""name"":""aaakch0316"",""email"":""eba248b837e37626fe2a277d2f2385e5b16f12ae@gmail.com""},""message"":""PL-123 [+] create all buttons hover by css"",""distinct"":true,""url"":""https://api.github.com/repos/leejaehee1/react/commits/6cd806517e1a92a55c86147858f3b7fea2dd2a91""},{""sha"":""24a977046d1eb5e87008a5b2c353a5921f0bed03"",""author"":{""name"":""aaakch0316"",""email"":""eba248b837e37626fe2a277d2f2385e5b16f12ae@gmail.com""},""message"":""PL-124 [+] create useState at StateButton"",""distinct"":true,""url"":""https://api.github.com/repos/leejaehee1/react/commits/24a977046d1eb5e87008a5b2c353a5921f0bed03""},{""sha"":""0c84ebe6860986ff6f2b54f31c5fe4faeca33f6a"",""author"":{""name"":""aaakch0316"",""email"":""eba248b837e37626fe2a277d2f2385e5b16f12ae@gmail.com""},""message"":""PL-124 [+] update onClick UI baseline at StateButton"",""distinct"":true,""url"":""https://api.github.com/repos/leejaehee1/react/commits/0c84ebe6860986ff6f2b54f31c5fe4faeca33f6a""},{""sha"":""9f25a196b1f4255f1e3ae1834b9b4e50d467bc4d"",""author"":{""name"":""aaakch0316"",""email"":""eba248b837e37626fe2a277d2f2385e5b16f12ae@gmail.com""},""message"":""PL-124 [+] update layout at StateButton"",""distinct"":true,""url"":""https://api.github.com/repos/leejaehee1/react/commits/9f25a196b1f4255f1e3ae1834b9b4e50d467bc4d""},{""sha"":""6eb5c8380f18de003c0cbb2183baa3f95e4af91f"",""author"":{""name"":""aaakch0316"",""email"":""eba248b837e37626fe2a277d2f2385e5b16f12ae@gmail.com""},""message"":""PL-123 [+] update color at StateButton"",""distinct"":true,""url"":""https://api.github.com/repos/leejaehee1/react/commits/6eb5c8380f18de003c0cbb2183baa3f95e4af91f""},{""sha"":""7836d6478c67c9aef52ee610167c6842e272e684"",""author"":{""name"":""aaakch0316"",""email"":""eba248b837e37626fe2a277d2f2385e5b16f12ae@gmail.com""},""message"":""PL-123 [+] find ParentNode className at StateButton"",""distinct"":true,""url"":""https://api.github.com/repos/leejaehee1/react/commits/7836d6478c67c9aef52ee610167c6842e272e684""},{""sha"":""41e9aa8d6e632aea9171167ec0c5f7d073613144"",""author"":{""name"":""aaakch0316"",""email"":""eba248b837e37626fe2a277d2f2385e5b16f12ae@gmail.com""},""message"":""PL-123 [+] split targetcase baseline at StateButton"",""distinct"":true,""url"":""https://api.github.com/repos/leejaehee1/react/commits/41e9aa8d6e632aea9171167ec0c5f7d073613144""},{""sha"":""3c034d6a6cd0cbca5bba70d041057447ced6e874"",""author"":{""name"":""aaakch0316"",""email"":""eba248b837e37626fe2a277d2f2385e5b16f12ae@gmail.com""},""message"":""PL-123 [+] complete onClickEvent UI at StateButton"",""distinct"":true,""url"":""https://api.github.com/repos/leejaehee1/react/commits/3c034d6a6cd0cbca5bba70d041057447ced6e874""},{""sha"":""5dc863fa5bc019d1a7f54f56ffdf38aeafbc035f"",""author"":{""name"":""aaakch0316"",""email"":""eba248b837e37626fe2a277d2f2385e5b16f12ae@gmail.com""},""message"":""PL-123 [+] update props at StateButton"",""distinct"":true,""url"":""https://api.github.com/repos/leejaehee1/react/commits/5dc863fa5bc019d1a7f54f56ffdf38aeafbc035f""},{""sha"":""8def3479487e87a1f040fa9a18580cefbed74891"",""author"":{""name"":""aaakch0316"",""email"":""eba248b837e37626fe2a277d2f2385e5b16f12ae@gmail.com""},""message"":""PL-123 [+] complete eventlistener algorithm at StateButton"",""distinct"":true,""url"":""https://api.github.com/repos/leejaehee1/react/commits/8def3479487e87a1f040fa9a18580cefbed74891""},{""sha"":""446d5fab0bc3fb3b8b452ef91c28ffe5bfdd8973"",""author"":{""name"":""aaakch0316"",""email"":""eba248b837e37626fe2a277d2f2385e5b16f12ae@gmail.com""},""message"":""PL-125 [+] update connecting Detail component and Board component at punchlist"",""distinct"":true,""url"":""https://api.github.com/repos/leejaehee1/react/commits/446d5fab0bc3fb3b8b452ef91c28ffe5bfdd8973""}]",,,,,,,,,,
18160217020,CreateEvent,true,2021-09-27 08:46:22.000000 UTC,46279571,DumDereDum,328600848,DumDereDum/opencv,"""new_odometry""","""branch""","""user""",,,,,,,,,,,,,,
18159809378,PushEvent,true,2021-09-27 08:19:37.000000 UTC,10150602,Corefinder89,379685044,Corefinder89/phoenix,"""refs/heads/master""",,,8020457904,6,1,"[{""sha"":""3a9859ab03564aab666bf6084e1cdf4bf5327491"",""author"":{""name"":""Corefinder89"",""email"":""2ae758db3ad47a04c09cf8112cb9f028ac9e4c1f@outlook.com""},""message"":""Adding in mods to configmgmt branch"",""distinct"":false,""url"":""https://api.github.com/repos/Corefinder89/phoenix/commits/3a9859ab03564aab666bf6084e1cdf4bf5327491""},{""sha"":""9075379e082a6825afc05fdd6b7efd43aeb280f7"",""author"":{""name"":""Corefinder89"",""email"":""2ae758db3ad47a04c09cf8112cb9f028ac9e4c1f@outlook.com""},""message"":""Remove no_log:true from db config"",""distinct"":false,""url"":""https://api.github.com/repos/Corefinder89/phoenix/commits/9075379e082a6825afc05fdd6b7efd43aeb280f7""},{""sha"":""6b7dc0187a9c45578716c44356894b1e5c945ed5"",""author"":{""name"":""Corefinder89"",""email"":""2ae758db3ad47a04c09cf8112cb9f028ac9e4c1f@outlook.com""},""message"":""Add playbook.yml mods for db config"",""distinct"":false,""url"":""https://api.github.com/repos/Corefinder89/phoenix/commits/6b7dc0187a9c45578716c44356894b1e5c945ed5""},{""sha"":""2601299a26fed0ce1fcb647ea532f2303f7c8345"",""author"":{""name"":""Corefinder89"",""email"":""2ae758db3ad47a04c09cf8112cb9f028ac9e4c1f@outlook.com""},""message"":""apache conf mods"",""distinct"":false,""url"":""https://api.github.com/repos/Corefinder89/phoenix/commits/2601299a26fed0ce1fcb647ea532f2303f7c8345""},{""sha"":""f5f0a8c54f62348ef09698f0e9fd24954662b033"",""author"":{""name"":""Corefinder89"",""email"":""2ae758db3ad47a04c09cf8112cb9f028ac9e4c1f@outlook.com""},""message"":""Make playbook mods"",""distinct"":false,""url"":""https://api.github.com/repos/Corefinder89/phoenix/commits/f5f0a8c54f62348ef09698f0e9fd24954662b033""},{""sha"":""f88bc14efa73b847ff556b024edf8f1d7e967059"",""author"":{""name"":""Soumyajit Basu (C0r3f!nd3r)"",""email"":""2ae758db3ad47a04c09cf8112cb9f028ac9e4c1f@outlook.com""},""message"":""Merge pull request #4 from Corefinder89/configmgmt\n\nConfigmgmt -> Master"",""distinct"":true,""url"":""https://api.github.com/repos/Corefinder89/phoenix/commits/f88bc14efa73b847ff556b024edf8f1d7e967059""}]",,,,,,,,,,
18159795118,PushEvent,true,2021-09-27 08:18:41.000000 UTC,10150602,Corefinder89,379685044,Corefinder89/phoenix,"""refs/heads/configmgmt""",,,8020451634,1,1,"[{""sha"":""f5f0a8c54f62348ef09698f0e9fd24954662b033"",""author"":{""name"":""Corefinder89"",""email"":""2ae758db3ad47a04c09cf8112cb9f028ac9e4c1f@outlook.com""},""message"":""Make playbook mods"",""distinct"":true,""url"":""https://api.github.com/repos/Corefinder89/phoenix/commits/f5f0a8c54f62348ef09698f0e9fd24954662b033""}]",,,,,,,,,,
18159807930,PullRequestEvent,true,2021-09-27 08:19:31.000000 UTC,10150602,Corefinder89,379685044,Corefinder89/phoenix,,,,,,,,"""opened""",4,,,,,,,,
18159997261,CreateEvent,true,2021-09-27 08:31:44.000000 UTC,89061,ogrisel,843501,ogrisel/scikit-learn,"""fix-whats_new-v1.0.rst-date""","""branch""","""user""",,,,,,,,,,,,,,
18159503928,PushEvent,true,2021-09-27 08:00:20.000000 UTC,147145,WyriHaximus,391980572,WyriHaximus/terraform,"""refs/heads/main""",,,8020321455,2,2,"[{""sha"":""aecc1c8ed490c4ceb80dda00ff43b4d9efd1ca40"",""author"":{""name"":""Cees-Jan Kiewiet"",""email"":""3c3ecfc161606d8b294b0bff7557930c557236c6@gmail.com""},""message"":""Pass in PAT to plan and apply"",""distinct"":true,""url"":""https://api.github.com/repos/WyriHaximus/terraform/commits/aecc1c8ed490c4ceb80dda00ff43b4d9efd1ca40""},{""sha"":""6b473a7d23ff79827a6052211c570d931a489459"",""author"":{""name"":""Cees-Jan Kiewiet"",""email"":""3c3ecfc161606d8b294b0bff7557930c557236c6@gmail.com""},""message"":""Merge pull request #5 from WyriHaximus/pass-in-pat-to-plan-and-apply"",""distinct"":true,""url"":""https://api.github.com/repos/WyriHaximus/terraform/commits/6b473a7d23ff79827a6052211c570d931a489459""}]",,,,,,,,,,
18159504017,DeleteEvent,true,2021-09-27 08:00:20.000000 UTC,147145,WyriHaximus,391980572,WyriHaximus/terraform,"""pass-in-pat-to-plan-and-apply""","""branch""","""user""",,,,,,,,,,,,,,
18160008638,PushEvent,true,2021-09-27 08:32:29.000000 UTC,84310975,seolhyeonyang,383779382,seolhyeonyang/tensorflow,"""refs/heads/main""",,,8020546875,1,1,"[{""sha"":""faaabd23ec5273d30e756a180dfc2d6181c0daee"",""author"":{""name"":""seolhyeonyang"",""email"":""0109b69dc1ab03beed9adb32e50c23bc65aad78e@naver.com""},""message"":""21.09.27"",""distinct"":true,""url"":""https://api.github.com/repos/seolhyeonyang/tensorflow/commits/faaabd23ec5273d30e756a180dfc2d6181c0daee""}]",,,,,,,,,,
18159725581,WatchEvent,true,2021-09-27 08:14:18.000000 UTC,15901171,comnetwork,20473418,apache/phoenix,,,,,,,,"""started""",,,,,,,,,
18160017666,PushEvent,true,2021-09-27 08:33:05.000000 UTC,16077464,dbalek,102083576,apache/netbeans,"""refs/heads/master""",,,8020550766,1,1,"[{""sha"":""253b52dd2cebac79110b153fe0e90db72328649b"",""author"":{""name"":""Dusan Balek"",""email"":""93d74d1cc9df89834360f8b313cef058ebced495@oracle.com""},""message"":""LSP: Test results displayed using the new TestExplorer API. (#3186)"",""distinct"":true,""url"":""https://api.github.com/repos/apache/netbeans/commits/253b52dd2cebac79110b153fe0e90db72328649b""}]",,,,,,,,,,
18159682287,WatchEvent,true,2021-09-27 08:11:31.000000 UTC,43230661,VasilyGerrans,10270250,facebook/react,,,,,,,,"""started""",,,,,,,,,
18160358503,PullRequestEvent,true,2021-09-27 08:55:39.000000 UTC,1549069,behnammodi,10270250,facebook/react,,,,,,,,"""opened""",22437,,,,,,,,
18159771982,ForkEvent,true,2021-09-27 08:17:13.000000 UTC,53158892,vianarafael,10270250,facebook/react,,,,,,,,,,"""vianarafael/react""",,,,,,,
18159903077,IssuesEvent,true,2021-09-27 08:25:31.000000 UTC,3747318,RuRo,658518,ipython/ipython,,,,,,,,"""opened""",,,,,,,,,
18159603105,ForkEvent,true,2021-09-27 08:06:32.000000 UTC,8908311,pytypist,1093228,cocos2d/cocos2d-x,,,,,,,,,,"""pytypist/cocos2d-x""",,,,,,,
18160032177,PullRequestEvent,true,2021-09-27 08:34:04.000000 UTC,89061,ogrisel,843222,scikit-learn/scikit-learn,,,,,,,,"""closed""",21155,,,,,,,,
18160421593,PullRequestReviewEvent,true,2021-09-27 08:59:44.000000 UTC,7454015,glemaitre,843222,scikit-learn/scikit-learn,,,,,,,,"""created""",21159,,,"""approved""","""CONTRIBUTOR""",,,,
18160420467,PullRequestReviewCommentEvent,true,2021-09-27 08:59:39.000000 UTC,16487352,zihaomu,5108051,opencv/opencv,,,,,,,,"""created""",20702,,,,,,,,
18159691731,IssueCommentEvent,true,2021-09-27 08:12:07.000000 UTC,59822926,Saduf2019,45717250,tensorflow/tensorflow,,,,,,,,"""created""",,,,,,,,,
18159883103,IssuesEvent,true,2021-09-27 08:24:13.000000 UTC,56610014,google-ml-butler[bot],45717250,tensorflow/tensorflow,,,,,,,,"""closed""",,,,,,,,,
18159870425,IssueCommentEvent,true,2021-09-27 08:23:26.000000 UTC,69719569,omxpro,45717250,tensorflow/tensorflow,,,,,,,,"""created""",,,,,,,,,
18159881922,IssueCommentEvent,true,2021-09-27 08:24:09.000000 UTC,56610014,google-ml-butler[bot],45717250,tensorflow/tensorflow,,,,,,,,"""created""",,,,,,,,,
18160262403,IssueCommentEvent,true,2021-09-27 08:49:25.000000 UTC,13711526,Valret,45717250,tensorflow/tensorflow,,,,,,,,"""created""",,,,,,,,,
18160388424,IssueCommentEvent,true,2021-09-27 08:57:34.000000 UTC,69719569,omxpro,45717250,tensorflow/tensorflow,,,,,,,,"""created""",,,,,,,,,
18159642926,IssuesEvent,true,2021-09-27 08:09:03.000000 UTC,20912915,mganahl,45717250,tensorflow/tensorflow,,,,,,,,"""opened""",,,,,,,,,
18159893166,IssueCommentEvent,true,2021-09-27 08:24:52.000000 UTC,26819449,starboyvarun,45717250,tensorflow/tensorflow,,,,,,,,"""created""",,,,,,,,,
18160059373,IssueCommentEvent,true,2021-09-27 08:35:53.000000 UTC,1804568,thaJeztah,7691631,moby/moby,,,,,,,,"""created""",,,,,,,,,
18159528924,CreateEvent,true,2021-09-27 08:01:54.000000 UTC,45942572,SiarheiSakharevich,337402726,saby/react,"""21.5100/mergerator/270921_110140""","""branch""","""user""",,,,,,,,,,,,,,
18159785620,IssuesEvent,true,2021-09-27 08:18:05.000000 UTC,12292047,eps1lon,135786093,typescript-cheatsheets/react,,,,,,,,"""closed""",,,,,,,,,
18159757876,PushEvent,true,2021-09-27 08:16:19.000000 UTC,12292047,eps1lon,135786093,typescript-cheatsheets/react,"""refs/heads/main""",,,8020434729,1,1,"[{""sha"":""9a2bd4583ca5d725ea77adb759c224aa1328b391"",""author"":{""name"":""Sebastian Silbermann"",""email"":""84fc128bc6cda84e77606b9e3bddd28c2b9ce031@gmail.com""},""message"":""chore: Commit formatted readme when  generating (#458)"",""distinct"":true,""url"":""https://api.github.com/repos/typescript-cheatsheets/react/commits/9a2bd4583ca5d725ea77adb759c224aa1328b391""}]",,,,,,,,,,
18160039020,WatchEvent,true,2021-09-27 08:34:30.000000 UTC,7776306,Wang-Cankun,135786093,typescript-cheatsheets/react,,,,,,,,"""started""",,,,,,,,,
18159756781,PullRequestEvent,true,2021-09-27 08:16:15.000000 UTC,12292047,eps1lon,135786093,typescript-cheatsheets/react,,,,,,,,"""closed""",458,,,,,,,,
18159742179,IssueCommentEvent,true,2021-09-27 08:15:19.000000 UTC,12110261,lobkovilya,175425051,kumahq/kuma,,,,,,,,"""created""",,,,,,,,,
18162759440,PushEvent,true,2021-09-27 11:33:42.000000 UTC,77011081,nyju,407809912,nyju/react,"""refs/heads/master""",,,8021825069,1,1,"[{""sha"":""a9f7fc1af95d8185704ab7b3bd738b2eba417f6f"",""author"":{""name"":""nyju"",""email"":""8b89a33e9abe7fb650b923973895be2c96d55d3a@gmail.com""},""message"":""소스정리"",""distinct"":true,""url"":""https://api.github.com/repos/nyju/react/commits/a9f7fc1af95d8185704ab7b3bd738b2eba417f6f""}]",,,,,,,,,,
18163114642,DeleteEvent,true,2021-09-27 11:58:58.000000 UTC,17592531,PhilYue,89759843,PhilYue/dubbo,"""gh-pages""","""branch""","""user""",,,,,,,,,,,,,,
18163114910,DeleteEvent,true,2021-09-27 11:58:59.000000 UTC,17592531,PhilYue,89759843,PhilYue/dubbo,"""dubbo-2.4.x-dev""","""branch""","""user""",,,,,,,,,,,,,,
18163103798,DeleteEvent,true,2021-09-27 11:58:12.000000 UTC,17592531,PhilYue,89759843,PhilYue/dubbo,"""phil""","""branch""","""user""",,,,,,,,,,,,,,
18163037058,PushEvent,true,2021-09-27 11:53:32.000000 UTC,87923621,jentatel,410855114,jentatel/react,"""refs/heads/main""",,,8021962010,1,1,"[{""sha"":""8ece3ee25aa578182b988c05eccc910657b0ecf8"",""author"":{""name"":""jentatel"",""email"":""4549e4a62f4fa1c346daad72f3fe96701d147d30@users.noreply.github.com""},""message"":""Add files via upload"",""distinct"":true,""url"":""https://api.github.com/repos/jentatel/react/commits/8ece3ee25aa578182b988c05eccc910657b0ecf8""}]",,,,,,,,,,
18162786427,PushEvent,true,2021-09-27 11:35:39.000000 UTC,83577603,JakobB1,400180414,JakobB1/netbeans,"""refs/heads/main""",,,8021838442,1,1,"[{""sha"":""790267688ad220890db0627fc2047a65e803c668"",""author"":{""name"":""Jakob Brkić"",""email"":""6deff9977e74ebd8fcc4245ececf4687391de5ee@users.noreply.github.com""},""message"":""oops"",""distinct"":true,""url"":""https://api.github.com/repos/JakobB1/netbeans/commits/790267688ad220890db0627fc2047a65e803c668""}]",,,,,,,,,,
18162779893,PushEvent,true,2021-09-27 11:35:11.000000 UTC,83577603,JakobB1,400180414,JakobB1/netbeans,"""refs/heads/main""",,,8021835235,1,1,"[{""sha"":""f54fcd7c3bb24fcbffb1897367be0867de9d5e8f"",""author"":{""name"":""Jakob Brkić"",""email"":""6deff9977e74ebd8fcc4245ececf4687391de5ee@users.noreply.github.com""},""message"":""obrade i CRUD"",""distinct"":true,""url"":""https://api.github.com/repos/JakobB1/netbeans/commits/f54fcd7c3bb24fcbffb1897367be0867de9d5e8f""}]",,,,,,,,,,
18162590052,PushEvent,true,2021-09-27 11:21:34.000000 UTC,83577603,JakobB1,400180414,JakobB1/netbeans,"""refs/heads/main""",,,8021743421,1,1,"[{""sha"":""b67f08b14315d23d062e22fe7b2f97ba562e7df3"",""author"":{""name"":""Jakob Brkić"",""email"":""6deff9977e74ebd8fcc4245ececf4687391de5ee@users.noreply.github.com""},""message"":""read"",""distinct"":true,""url"":""https://api.github.com/repos/JakobB1/netbeans/commits/b67f08b14315d23d062e22fe7b2f97ba562e7df3""}]",,,,,,,,,,
18162704671,PushEvent,true,2021-09-27 11:29:42.000000 UTC,71323627,sftodosyev,408366510,sftodosyev/terraform,"""refs/heads/master""",,,8021797910,1,1,"[{""sha"":""ade6cb31b578f7488a11e3b7c45b46ca47107282"",""author"":{""name"":""sftodosyev"",""email"":""1eeb298e001d33ec0636294a2750ce5ac4fea18c@outlook.com""},""message"":""Before auto rotate"",""distinct"":true,""url"":""https://api.github.com/repos/sftodosyev/terraform/commits/ade6cb31b578f7488a11e3b7c45b46ca47107282""}]",,,,,,,,,,
18163060177,PushEvent,true,2021-09-27 11:55:10.000000 UTC,18614574,williamdnapier,357003181,williamdnapier/react,"""refs/heads/master""",,,8021973319,1,1,"[{""sha"":""ed2c4e5ecaabe1c94b3ab84b5c6d04338ca9d1c8"",""author"":{""name"":""williamdnapier"",""email"":""3e778bf73f1ef8f1d0ab370d06ac11bb401e1a70@gmail.com""},""message"":""adding notes around redux datastore action types, action creators and reducers"",""distinct"":true,""url"":""https://api.github.com/repos/williamdnapier/react/commits/ed2c4e5ecaabe1c94b3ab84b5c6d04338ca9d1c8""}]",,,,,,,,,,
18162980726,PublicEvent,true,2021-09-27 11:49:38.000000 UTC,7626910,Sajini-Sadanand,403011333,Sajini-Sadanand/react,,,,,,,,,,,,,,,,,
18162995155,PushEvent,true,2021-09-27 11:50:37.000000 UTC,63542705,IlyassElarbaouti,410771754,IlyassElarbaouti/react,"""refs/heads/main""",,,8021941369,1,1,"[{""sha"":""adaa7ce1a79b5d03f49a1721ccdf2ebf7caedb23"",""author"":{""name"":""Ilyass El Arbaouti"",""email"":""1f51e897f7f537232cee0491efc41e0ac45b1c48@gmail.com""},""message"":""task3"",""distinct"":true,""url"":""https://api.github.com/repos/IlyassElarbaouti/react/commits/adaa7ce1a79b5d03f49a1721ccdf2ebf7caedb23""}]",,,,,,,,,,
18162826592,PushEvent,true,2021-09-27 11:38:38.000000 UTC,63542705,IlyassElarbaouti,410771754,IlyassElarbaouti/react,"""refs/heads/main""",,,8021858563,1,1,"[{""sha"":""9acba172a4e7245c3e9933980823b80c55118be0"",""author"":{""name"":""Ilyass El Arbaouti"",""email"":""1f51e897f7f537232cee0491efc41e0ac45b1c48@gmail.com""},""message"":""task1"",""distinct"":true,""url"":""https://api.github.com/repos/IlyassElarbaouti/react/commits/9acba172a4e7245c3e9933980823b80c55118be0""}]",,,,,,,,,,
18162720010,PushEvent,true,2021-09-27 11:30:48.000000 UTC,63542705,IlyassElarbaouti,410771754,IlyassElarbaouti/react,"""refs/heads/main""",,,8021805618,1,1,"[{""sha"":""8fa608fcf2df1c0bee913933409490edf23d5982"",""author"":{""name"":""Ilyass El Arbaouti"",""email"":""1f51e897f7f537232cee0491efc41e0ac45b1c48@gmail.com""},""message"":""task3"",""distinct"":true,""url"":""https://api.github.com/repos/IlyassElarbaouti/react/commits/8fa608fcf2df1c0bee913933409490edf23d5982""}]",,,,,,,,,,
18162759251,PushEvent,true,2021-09-27 11:33:41.000000 UTC,63542705,IlyassElarbaouti,410771754,IlyassElarbaouti/react,"""refs/heads/main""",,,8021824963,1,1,"[{""sha"":""a6a5c486f4563d3ed4462004cad80443441854b2"",""author"":{""name"":""Ilyass El Arbaouti"",""email"":""1f51e897f7f537232cee0491efc41e0ac45b1c48@gmail.com""},""message"":""task3"",""distinct"":true,""url"":""https://api.github.com/repos/IlyassElarbaouti/react/commits/a6a5c486f4563d3ed4462004cad80443441854b2""}]",,,,,,,,,,
18162797737,PushEvent,true,2021-09-27 11:36:29.000000 UTC,63542705,IlyassElarbaouti,410771754,IlyassElarbaouti/react,"""refs/heads/main""",,,8021844109,1,1,"[{""sha"":""3a6db42b6c5a884de5e83ad382a30d4076f65379"",""author"":{""name"":""Ilyass El Arbaouti"",""email"":""1f51e897f7f537232cee0491efc41e0ac45b1c48@gmail.com""},""message"":""task3"",""distinct"":true,""url"":""https://api.github.com/repos/IlyassElarbaouti/react/commits/3a6db42b6c5a884de5e83ad382a30d4076f65379""}]",,,,,,,,,,
18162366193,PushEvent,true,2021-09-27 11:07:05.000000 UTC,41898282,github-actions[bot],159692533,smalltalkman/tensorflow,"""refs/heads/master""",,,8021639432,1,1,"[{""sha"":""a7fbbe862ac50b0217b6d705b7d6016feb34107d"",""author"":{""name"":""A. Unique TensorFlower"",""email"":""746aced590a184ef4169166e753f7c211e32e5fc@tensorflow.org""},""message"":""Go: Update generated wrapper functions for TensorFlow ops.\n\nPiperOrigin-RevId: 399151697\nChange-Id: Ic33be09dc10e458c12309e345e5ff5dba4dab352"",""distinct"":true,""url"":""https://api.github.com/repos/smalltalkman/tensorflow/commits/a7fbbe862ac50b0217b6d705b7d6016feb34107d""}]",,,,,,,,,,
18162886469,DeleteEvent,true,2021-09-27 11:43:03.000000 UTC,814491,KPLauritzen,129510435,KPLauritzen/scikit-learn,"""patch-1""","""branch""","""user""",,,,,,,,,,,,,,
18162886909,PullRequestEvent,true,2021-09-27 11:43:05.000000 UTC,9292748,AlbumenJ,4710920,apache/dubbo,,,,,,,,"""closed""",8913,,,,,,,,
18162330998,PushEvent,true,2021-09-27 11:04:55.000000 UTC,9292748,AlbumenJ,4710920,apache/dubbo,"""refs/heads/master""",,,8021622919,1,1,"[{""sha"":""b3120b5dfbffd68cc3cc9904aa05a13aac57b85e"",""author"":{""name"":""zrlw"",""email"":""c3ee052b6ab7be3c31be82ee641dda519078ac4b@sina.com""},""message"":""reset the client value of LazyConnectExchangeClient after close (#8882)"",""distinct"":true,""url"":""https://api.github.com/repos/apache/dubbo/commits/b3120b5dfbffd68cc3cc9904aa05a13aac57b85e""}]",,,,,,,,,,
18162268062,PushEvent,true,2021-09-27 11:01:01.000000 UTC,9292748,AlbumenJ,4710920,apache/dubbo,"""refs/heads/master""",,,8021594496,1,1,"[{""sha"":""4af59252c1dfb4027b45322c7094e9247e3c835e"",""author"":{""name"":""Wang Chengming"",""email"":""797b11b27820feac74f983f7807e06052f220378@qq.com""},""message"":""MultipleRegistry remove duplicate URL (#8899)"",""distinct"":true,""url"":""https://api.github.com/repos/apache/dubbo/commits/4af59252c1dfb4027b45322c7094e9247e3c835e""}]",,,,,,,,,,
18162801748,PullRequestEvent,true,2021-09-27 11:36:48.000000 UTC,9292748,AlbumenJ,4710920,apache/dubbo,,,,,,,,"""closed""",8924,,,,,,,,
18162824061,PullRequestReviewCommentEvent,true,2021-09-27 11:38:27.000000 UTC,9292748,AlbumenJ,4710920,apache/dubbo,,,,,,,,"""created""",8925,,,,,,,,
18162257849,PullRequestEvent,true,2021-09-27 11:00:21.000000 UTC,9292748,AlbumenJ,4710920,apache/dubbo,,,,,,,,"""closed""",8899,,,,,,,,
18162640623,PushEvent,true,2021-09-27 11:25:04.000000 UTC,9292748,AlbumenJ,4710920,apache/dubbo,"""refs/heads/3.0""",,,8021766895,1,1,"[{""sha"":""4f4e87b426f59e67c32eac56c5dc7513d73f03b2"",""author"":{""name"":""灼华"",""email"":""a8b877bbbd92cbfe203c6864a2a681c8dace2279@users.noreply.github.com""},""message"":""Add volatile modifier to AbstractServiceDiscovery#serviceInstance (#8915)\n\n1.add volatile\r\n2.log level"",""distinct"":true,""url"":""https://api.github.com/repos/apache/dubbo/commits/4f4e87b426f59e67c32eac56c5dc7513d73f03b2""}]",,,,,,,,,,
18163114742,PullRequestReviewEvent,true,2021-09-27 11:58:58.000000 UTC,9292748,AlbumenJ,4710920,apache/dubbo,,,,,,,,"""created""",8916,,,"""changes_requested""","""MEMBER""",,,,
18162824039,PullRequestReviewEvent,true,2021-09-27 11:38:27.000000 UTC,9292748,AlbumenJ,4710920,apache/dubbo,,,,,,,,"""created""",8925,,,"""commented""","""MEMBER""",,,,
18162630666,PullRequestReviewCommentEvent,true,2021-09-27 11:23:55.000000 UTC,9292748,AlbumenJ,4710920,apache/dubbo,,,,,,,,"""created""",8907,,,,,,,,
18162420319,PullRequestEvent,true,2021-09-27 11:10:33.000000 UTC,9292748,AlbumenJ,4710920,apache/dubbo,,,,,,,,"""closed""",8903,,,,,,,,
18162604689,PullRequestEvent,true,2021-09-27 11:22:34.000000 UTC,9292748,AlbumenJ,4710920,apache/dubbo,,,,,,,,"""closed""",8896,,,,,,,,
18162951264,PushEvent,true,2021-09-27 11:47:35.000000 UTC,9292748,AlbumenJ,4710920,apache/dubbo,"""refs/heads/master""",,,8021919911,1,1,"[{""sha"":""a38e4fb9eda8760ee7069c19c9c921142e746696"",""author"":{""name"":""zrlw"",""email"":""c3ee052b6ab7be3c31be82ee641dda519078ac4b@sina.com""},""message"":""catch handler.caught() throwable of MultiMessageHandler (#8931)"",""distinct"":true,""url"":""https://api.github.com/repos/apache/dubbo/commits/a38e4fb9eda8760ee7069c19c9c921142e746696""}]",,,,,,,,,,
18163017190,PullRequestEvent,true,2021-09-27 11:52:08.000000 UTC,9292748,AlbumenJ,4710920,apache/dubbo,,,,,,,,"""closed""",8930,,,,,,,,
18162887844,PushEvent,true,2021-09-27 11:43:09.000000 UTC,9292748,AlbumenJ,4710920,apache/dubbo,"""refs/heads/3.0""",,,8021889316,1,1,"[{""sha"":""cd5cad2daec964a75b7572e994b9a39547401f95"",""author"":{""name"":""灼华"",""email"":""a8b877bbbd92cbfe203c6864a2a681c8dace2279@users.noreply.github.com""},""message"":""Add unit test for StandardMetadataServiceURLBuilder (#8913)\n\n* Add unit test for StandardMetadataServiceURLBuilder\r\n\r\n* FIX UT\r\n\r\n* ApplicationModel reset"",""distinct"":true,""url"":""https://api.github.com/repos/apache/dubbo/commits/cd5cad2daec964a75b7572e994b9a39547401f95""}]",,,,,,,,,,
18163018013,PushEvent,true,2021-09-27 11:52:11.000000 UTC,9292748,AlbumenJ,4710920,apache/dubbo,"""refs/heads/3.0""",,,8021952654,1,1,"[{""sha"":""40d01ee0fb7f827252ef76f79cb3c8c141c86f07"",""author"":{""name"":""zrlw"",""email"":""c3ee052b6ab7be3c31be82ee641dda519078ac4b@sina.com""},""message"":""[3.0] catch handler.caught() throwable of MultiMessageHandler (#8930)\n\n* catch handler.caught() throwable of MultiMessageHandler\r\n\r\n* remove useless import, fix ut"",""distinct"":true,""url"":""https://api.github.com/repos/apache/dubbo/commits/40d01ee0fb7f827252ef76f79cb3c8c141c86f07""}]",,,,,,,,,,
18163080193,PullRequestReviewEvent,true,2021-09-27 11:56:33.000000 UTC,304757,stoty,20473418,apache/phoenix,,,,,,,,"""created""",1319,,,"""commented""","""CONTRIBUTOR""",,,,
18163080197,PullRequestReviewCommentEvent,true,2021-09-27 11:56:33.000000 UTC,304757,stoty,20473418,apache/phoenix,,,,,,,,"""created""",1319,,,,,,,,
18162956340,PushEvent,true,2021-09-27 11:47:57.000000 UTC,1341245,asfgit,20473418,apache/phoenix,"""refs/heads/4.16""",,,8021922702,1,1,"[{""sha"":""708d62a66852385347f8fd7ce50e32ed4ecc9167"",""author"":{""name"":""Istvan Toth"",""email"":""a03c1e2834d1d2738e22668d816c6ff6b73cf552@apache.org""},""message"":""PHOENIX-6537 Fix CI pipeline and upgrade Yetus\n\nupdate Yetus to 0.13\nupdate Yetus personality to patch in mvn verify in the yetus module\nupdate Yetus personality to not rebuild hbase twice\nskip shaded and assembly modules during CI\nupdate Jacoco maven plugin to 0.8.7\ndisable Jacoco for CI runs\nincrease test kill timeout for Failsafe\nupdate Surefire/Failsafe maven plugin to 3.0.0-M5\nrefactor Junit @Category annotations for new Surefire/failsafe version\nupdate OWASP maven plugin to 6.3.1\ncreate /var/run in Yetus docker images for gpg\nfix hbase table cleanup code in BaseTest"",""distinct"":true,""url"":""https://api.github.com/repos/apache/phoenix/commits/708d62a66852385347f8fd7ce50e32ed4ecc9167""}]",,,,,,,,,,
18162914304,WatchEvent,true,2021-09-27 11:44:58.000000 UTC,68639455,Ramsolz666,10270250,facebook/react,,,,,,,,"""started""",,,,,,,,,
18162973061,ForkEvent,true,2021-09-27 11:49:07.000000 UTC,56043054,Manushenkov,10270250,facebook/react,,,,,,,,,,"""Manushenkov/react""",,,,,,,
18162900404,WatchEvent,true,2021-09-27 11:44:02.000000 UTC,30322744,abennani15,90791888,pubnub/react,,,,,,,,"""started""",,,,,,,,,
18162884358,WatchEvent,true,2021-09-27 11:42:54.000000 UTC,58174657,Ali-rsd94,843222,scikit-learn/scikit-learn,,,,,,,,"""started""",,,,,,,,,
18162952819,IssueCommentEvent,true,2021-09-27 11:47:42.000000 UTC,89061,ogrisel,843222,scikit-learn/scikit-learn,,,,,,,,"""created""",,,,,,,,,
18162852327,ForkEvent,true,2021-09-27 11:40:32.000000 UTC,25635679,zolekode,843222,scikit-learn/scikit-learn,,,,,,,,,,"""zolekode/scikit-learn""",,,,,,,
18162820568,IssueCommentEvent,true,2021-09-27 11:38:12.000000 UTC,25278283,x-shadow-man,843222,scikit-learn/scikit-learn,,,,,,,,"""created""",,,,,,,,,
18162521798,IssueCommentEvent,true,2021-09-27 11:17:02.000000 UTC,42874,rokcarl,17728164,hashicorp/terraform,,,,,,,,"""created""",,,,,,,,,
18162651067,WatchEvent,true,2021-09-27 11:25:47.000000 UTC,3819723,0x022b,17728164,hashicorp/terraform,,,,,,,,"""started""",,,,,,,,,
18162988428,IssueCommentEvent,true,2021-09-27 11:50:10.000000 UTC,6892014,rbrondgeest,17728164,hashicorp/terraform,,,,,,,,"""created""",,,,,,,,,
18162844432,PushEvent,true,2021-09-27 11:39:57.000000 UTC,477511,Gazler,16072585,phoenixframework/phoenix,"""refs/heads/master""",,,8021867458,1,1,"[{""sha"":""101899d4b65ebee035ac9c255d9af015a6d71c74"",""author"":{""name"":""adamjcooper"",""email"":""0e18f44c1fec03ec4083422cb58ba6a09ac4fb2a@adamjcooper.com""},""message"":""Correct one word (\""page\"" should be \""product\"") (#4507)\n\nAppears to have been missed in the revamping of this guide in e4c87a5a290b2e4c9c7ccae35ed4c444397ff992."",""distinct"":true,""url"":""https://api.github.com/repos/phoenixframework/phoenix/commits/101899d4b65ebee035ac9c255d9af015a6d71c74""}]",,,,,,,,,,
18162883983,PullRequestEvent,true,2021-09-27 11:42:52.000000 UTC,477511,Gazler,16072585,phoenixframework/phoenix,,,,,,,,"""closed""",4502,,,,,,,,
18162893356,IssueCommentEvent,true,2021-09-27 11:43:33.000000 UTC,477511,Gazler,16072585,phoenixframework/phoenix,,,,,,,,"""created""",,,,,,,,,
18162905090,PullRequestEvent,true,2021-09-27 11:44:20.000000 UTC,477511,Gazler,16072585,phoenixframework/phoenix,,,,,,,,"""closed""",4500,,,,,,,,
18162918503,PullRequestEvent,true,2021-09-27 11:45:15.000000 UTC,477511,Gazler,16072585,phoenixframework/phoenix,,,,,,,,"""closed""",4503,,,,,,,,
18162893016,PushEvent,true,2021-09-27 11:43:32.000000 UTC,477511,Gazler,16072585,phoenixframework/phoenix,"""refs/heads/master""",,,8021891992,1,1,"[{""sha"":""9dc0f2c44a136a78aaadacdf554e945eace9f0e3"",""author"":{""name"":""Milton Mazzarri"",""email"":""365287514018586b97001f4fcad01b7541d9c375@gmail.com""},""message"":""guides: update 'request life-cycle' page (#4501)\n\n* guides: update Request life-cyle page\r\n\r\n* remove the (ab)use of the 'simply' word"",""distinct"":true,""url"":""https://api.github.com/repos/phoenixframework/phoenix/commits/9dc0f2c44a136a78aaadacdf554e945eace9f0e3""}]",,,,,,,,,,
18162892768,PullRequestEvent,true,2021-09-27 11:43:31.000000 UTC,477511,Gazler,16072585,phoenixframework/phoenix,,,,,,,,"""closed""",4501,,,,,,,,
18162843519,PullRequestEvent,true,2021-09-27 11:39:53.000000 UTC,477511,Gazler,16072585,phoenixframework/phoenix,,,,,,,,"""closed""",4507,,,,,,,,
18162880648,ForkEvent,true,2021-09-27 11:42:38.000000 UTC,41967348,sayannath,45717250,tensorflow/tensorflow,,,,,,,,,,"""sayannath/tensorflow""",,,,,,,
18162953515,IssueCommentEvent,true,2021-09-27 11:47:45.000000 UTC,86464649,mohantym,45717250,tensorflow/tensorflow,,,,,,,,"""created""",,,,,,,,,
18162628579,IssuesEvent,true,2021-09-27 11:24:13.000000 UTC,56610014,google-ml-butler[bot],45717250,tensorflow/tensorflow,,,,,,,,"""closed""",,,,,,,,,
18162628663,IssueCommentEvent,true,2021-09-27 11:24:14.000000 UTC,56610014,google-ml-butler[bot],45717250,tensorflow/tensorflow,,,,,,,,"""created""",,,,,,,,,
18162671791,PushEvent,true,2021-09-27 11:27:19.000000 UTC,56741989,copybara-service[bot],45717250,tensorflow/tensorflow,"""refs/heads/master""",,,8021780212,1,1,"[{""sha"":""4d5a1c23b8b5a972172e6cf470d84e8dd85572d7"",""author"":{""name"":""A. Unique TensorFlower"",""email"":""746aced590a184ef4169166e753f7c211e32e5fc@tensorflow.org""},""message"":""Update TFRT dependency to use revision\nhttp://github.com/tensorflow/runtime/commit/b247cb1e58a3c85945847a7520e1795fde556c4e.\n\nPiperOrigin-RevId: 399156647\nChange-Id: I6bc3254abebdd0727f880926f4491a9906e0c0b2"",""distinct"":true,""url"":""https://api.github.com/repos/tensorflow/tensorflow/commits/4d5a1c23b8b5a972172e6cf470d84e8dd85572d7""}]",,,,,,,,,,
18162870987,IssueCommentEvent,true,2021-09-27 11:41:55.000000 UTC,4837376,teijeong,45717250,tensorflow/tensorflow,,,,,,,,"""created""",,,,,,,,,
18162496804,PushEvent,true,2021-09-27 11:15:24.000000 UTC,56741989,copybara-service[bot],45717250,tensorflow/tensorflow,"""refs/heads/master""",,,8021697621,1,1,"[{""sha"":""7a9045dca0fb1f089034d7e48639db9f3087b672"",""author"":{""name"":""A. Unique TensorFlower"",""email"":""746aced590a184ef4169166e753f7c211e32e5fc@tensorflow.org""},""message"":""Integrate LLVM at llvm/llvm-project@8cb234e07d46\n\nUpdates LLVM usage to match\n[8cb234e07d46](https://github.com/llvm/llvm-project/commit/8cb234e07d46)\n\nPiperOrigin-RevId: 399154862\nChange-Id: I59b8c6cb5e1e2c6fd9a73eb8639fa8c92cc9f0d3"",""distinct"":true,""url"":""https://api.github.com/repos/tensorflow/tensorflow/commits/7a9045dca0fb1f089034d7e48639db9f3087b672""}]",,,,,,,,,,
18163015826,IssueCommentEvent,true,2021-09-27 11:52:02.000000 UTC,86464649,mohantym,45717250,tensorflow/tensorflow,,,,,,,,"""created""",,,,,,,,,
18162746083,PullRequestEvent,true,2021-09-27 11:32:41.000000 UTC,9248427,AkihiroSuda,7691631,moby/moby,,,,,,,,"""closed""",42881,,,,,,,,
18163031477,PullRequestReviewCommentEvent,true,2021-09-27 11:53:08.000000 UTC,1804568,thaJeztah,7691631,moby/moby,,,,,,,,"""created""",42835,,,,,,,,
18162716404,WatchEvent,true,2021-09-27 11:30:31.000000 UTC,24509827,aydinugur,7691631,moby/moby,,,,,,,,"""started""",,,,,,,,,
18162744549,PullRequestReviewEvent,true,2021-09-27 11:32:34.000000 UTC,9248427,AkihiroSuda,7691631,moby/moby,,,,,,,,"""created""",42881,,,"""approved""","""MEMBER""",,,,
18163026582,WatchEvent,true,2021-09-27 11:52:48.000000 UTC,44708388,kwQt,7691631,moby/moby,,,,,,,,"""started""",,,,,,,,,
18162746895,PushEvent,true,2021-09-27 11:32:45.000000 UTC,9248427,AkihiroSuda,7691631,moby/moby,"""refs/heads/master""",,,8021818614,3,3,"[{""sha"":""b954e4793bd204c847b271545af4f19f145d4e54"",""author"":{""name"":""Sebastiaan van Stijn"",""email"":""64b2b6d12bfe4baae7dad3d018f8cbf6b0e7a044@gone.nl""},""message"":""Dockerfile: move installers into Dockerfile\n\nThis moves installers that are only used during CI into the Dockerfile. Some\ninstallers are still used in the release-pipeline, so keeping thos for now.\n\nSigned-off-by: Sebastiaan van Stijn <github@gone.nl>"",""distinct"":true,""url"":""https://api.github.com/repos/moby/moby/commits/b954e4793bd204c847b271545af4f19f145d4e54""},{""sha"":""ce715505bd4bf52a6c0f934672e872d70e892f5b"",""author"":{""name"":""Sebastiaan van Stijn"",""email"":""64b2b6d12bfe4baae7dad3d018f8cbf6b0e7a044@gone.nl""},""message"":""Dockerfile: update test-registries to released versions\n\n- using v2.1.0 for the \""v1\"" registry (last release with only v1)\n- using v2.3.0 as \""current\"" version (was v2.3.0-rc.0)\n\nSigned-off-by: Sebastiaan van Stijn <github@gone.nl>"",""distinct"":true,""url"":""https://api.github.com/repos/moby/moby/commits/ce715505bd4bf52a6c0f934672e872d70e892f5b""},{""sha"":""306fa44b7ca59282dc8695e6d169c5b25698d0cb"",""author"":{""name"":""Akihiro Suda"",""email"":""10ddef0dea2a66ab193b07198faa879adcb213d8@hco.ntt.co.jp""},""message"":""Merge pull request #42881 from thaJeztah/dockerfile_rewrite\n\nDockerfile: move installers into Dockerfile, and update registry versions"",""distinct"":true,""url"":""https://api.github.com/repos/moby/moby/commits/306fa44b7ca59282dc8695e6d169c5b25698d0cb""}]",,,,,,,,,,
18162716462,IssueCommentEvent,true,2021-09-27 11:30:32.000000 UTC,1804568,thaJeztah,7691631,moby/moby,,,,,,,,"""created""",,,,,,,,,
18163031489,PullRequestReviewEvent,true,2021-09-27 11:53:09.000000 UTC,1804568,thaJeztah,7691631,moby/moby,,,,,,,,"""created""",42835,,,"""commented""","""MEMBER""",,,,
18162718254,PullRequestEvent,true,2021-09-27 11:30:40.000000 UTC,1804568,thaJeztah,7691631,moby/moby,,,,,,,,"""closed""",42880,,,,,,,,
18162802789,PullRequestEvent,true,2021-09-27 11:36:52.000000 UTC,1804568,thaJeztah,7691631,moby/moby,,,,,,,,"""opened""",42888,,,,,,,,
18162257112,PushEvent,true,2021-09-27 11:00:18.000000 UTC,19616653,ArmageddonKnight,204371788,UofT-EcoSystem/tensorflow,"""refs/heads/master""",,,8021589925,1,1,"[{""sha"":""a7fbbe862ac50b0217b6d705b7d6016feb34107d"",""author"":{""name"":""A. Unique TensorFlower"",""email"":""746aced590a184ef4169166e753f7c211e32e5fc@tensorflow.org""},""message"":""Go: Update generated wrapper functions for TensorFlow ops.\n\nPiperOrigin-RevId: 399151697\nChange-Id: Ic33be09dc10e458c12309e345e5ff5dba4dab352"",""distinct"":true,""url"":""https://api.github.com/repos/UofT-EcoSystem/tensorflow/commits/a7fbbe862ac50b0217b6d705b7d6016feb34107d""}]",,,,,,,,,,
18162280374,IssueCommentEvent,true,2021-09-27 11:01:46.000000 UTC,5452117,ZeMysticalTaco,97969812,NebulousCloud/helix,,,,,,,,"""created""",,,,,,,,,
18162626031,CreateEvent,true,2021-09-27 11:24:03.000000 UTC,44089657,RTLITServicedesk,196592180,rtlnl/phoenix,"""snyk-fix-61f385f878138e7f697fa9a90f5d3c68""","""branch""","""user""",,,,,,,,,,,,,,
18162626355,PushEvent,true,2021-09-27 11:24:04.000000 UTC,44089657,RTLITServicedesk,196592180,rtlnl/phoenix,"""refs/heads/snyk-fix-61f385f878138e7f697fa9a90f5d3c68""",,,8021760250,1,1,"[{""sha"":""f8daf4dd36ba07436f76e4991af97424944c5811"",""author"":{""name"":""snyk-bot"",""email"":""6524ae312692b75c8ed05087d0aa3c757ac39348@snyk.io""},""message"":""fix: Dockerfile.tests to reduce vulnerabilities\n\nThe following vulnerabilities are fixed with an upgrade:\n- https://snyk.io/vuln/SNYK-DEBIAN10-GLIBC-356671\n- https://snyk.io/vuln/SNYK-DEBIAN10-GLIBC-356671\n- https://snyk.io/vuln/SNYK-DEBIAN10-GLIBC-356671\n- https://snyk.io/vuln/SNYK-DEBIAN10-OPENSSH-369020\n- https://snyk.io/vuln/SNYK-DEBIAN10-OPENSSL-1569403"",""distinct"":true,""url"":""https://api.github.com/repos/rtlnl/phoenix/commits/f8daf4dd36ba07436f76e4991af97424944c5811""}]",,,,,,,,,,
18162271501,WatchEvent,true,2021-09-27 11:01:14.000000 UTC,20273871,aftabparvez,268424739,helix-editor/helix,,,,,,,,"""started""",,,,,,,,,
18162817014,GollumEvent,true,2021-09-27 11:37:56.000000 UTC,67773714,kirawi,268424739,helix-editor/helix,,,,,,,,,,,,,,,,,
18162806586,GollumEvent,true,2021-09-27 11:37:09.000000 UTC,67773714,kirawi,268424739,helix-editor/helix,,,,,,,,,,,,,,,,,
18162625788,WatchEvent,true,2021-09-27 11:24:02.000000 UTC,60649516,MnifR,175425051,kumahq/kuma,,,,,,,,"""started""",,,,,,,,,
18162540003,IssueCommentEvent,true,2021-09-27 11:18:12.000000 UTC,49699333,dependabot[bot],363514971,Effect-TS/react,,,,,,,,"""created""",,,,,,,,,
18162498051,DeleteEvent,true,2021-09-27 11:15:29.000000 UTC,49699333,dependabot[bot],363514971,Effect-TS/react,"""dependabot/npm_and_yarn/effect-ts/build-utils-0.24.5""","""branch""","""user""",,,,,,,,,,,,,,
18162497332,PullRequestEvent,true,2021-09-27 11:15:26.000000 UTC,49699333,dependabot[bot],363514971,Effect-TS/react,,,,,,,,"""opened""",161,,,,,,,,
18162540144,PullRequestEvent,true,2021-09-27 11:18:12.000000 UTC,49699333,dependabot[bot],363514971,Effect-TS/react,,,,,,,,"""closed""",160,,,,,,,,
18158743898,PushEvent,true,2021-09-27 07:04:48.000000 UTC,46959724,legos31,407134111,legos31/yii2,"""refs/heads/master""",,,8019973915,2,2,"[{""sha"":""ba685be8476a83130b9007b3889802122539eb00"",""author"":{""name"":""legos31"",""email"":""f98c87f1250d211559efb5bac3fc3fb5de584fe4@gmail.com""},""message"":""pgination, sitebar, catrgory"",""distinct"":true,""url"":""https://api.github.com/repos/legos31/yii2/commits/ba685be8476a83130b9007b3889802122539eb00""},{""sha"":""5580c65b9c36ec6bfa4d010e7d0139570ed03c85"",""author"":{""name"":""legos31"",""email"":""f98c87f1250d211559efb5bac3fc3fb5de584fe4@gmail.com""},""message"":""Merge branch 'master' of https://github.com/legos31/yii2"",""distinct"":true,""url"":""https://api.github.com/repos/legos31/yii2/commits/5580c65b9c36ec6bfa4d010e7d0139570ed03c85""}]",,,,,,,,,,
18159227967,PushEvent,true,2021-09-27 07:40:22.000000 UTC,46911690,GanJiangJie,399681367,GanJiangJie/yii2,"""refs/heads/main""",,,8020194290,1,1,"[{""sha"":""b8edc82bbe6f70e9aaabb115c0ee074a6797bf5e"",""author"":{""name"":""ganjiangjie"",""email"":""0b484bb69af8d288de58eeca782519c2352bc873@sina.com""},""message"":""初始化"",""distinct"":true,""url"":""https://api.github.com/repos/GanJiangJie/yii2/commits/b8edc82bbe6f70e9aaabb115c0ee074a6797bf5e""}]",,,,,,,,,,
18159307398,PushEvent,true,2021-09-27 07:46:15.000000 UTC,25884820,muhanggaohs,408751283,muhanggaohs/react,"""refs/heads/master""",,,8020231310,1,1,"[{""sha"":""bc22a7ec5753368bb4dc5cedfd1a2030bb9d7bcb"",""author"":{""name"":""muhanggaohs"",""email"":""90ef1c61900488f577acaf8365263fafaeb7d415@gmail.com""},""message"":""react convert"",""distinct"":true,""url"":""https://api.github.com/repos/muhanggaohs/react/commits/bc22a7ec5753368bb4dc5cedfd1a2030bb9d7bcb""}]",,,,,,,,,,
18158729221,ForkEvent,true,2021-09-27 07:03:45.000000 UTC,26271091,kileroppo,75396575,duxianwei520/react,,,,,,,,,,"""kileroppo/react""",,,,,,,
18158835033,PushEvent,true,2021-09-27 07:11:05.000000 UTC,10150602,Corefinder89,379685044,Corefinder89/phoenix,"""refs/heads/configmgmt""",,,8020014062,1,1,"[{""sha"":""2601299a26fed0ce1fcb647ea532f2303f7c8345"",""author"":{""name"":""Corefinder89"",""email"":""2ae758db3ad47a04c09cf8112cb9f028ac9e4c1f@outlook.com""},""message"":""apache conf mods"",""distinct"":true,""url"":""https://api.github.com/repos/Corefinder89/phoenix/commits/2601299a26fed0ce1fcb647ea532f2303f7c8345""}]",,,,,,,,,,
18159493468,IssueCommentEvent,true,2021-09-27 07:59:38.000000 UTC,41898282,github-actions[bot],391980572,WyriHaximus/terraform,,,,,,,,"""created""",,,,,,,,,
18159252541,PullRequestEvent,true,2021-09-27 07:42:13.000000 UTC,147145,WyriHaximus,391980572,WyriHaximus/terraform,,,,,,,,"""opened""",5,,,,,,,,
18158985921,PushEvent,true,2021-09-27 07:22:12.000000 UTC,147145,WyriHaximus,391980572,WyriHaximus/terraform,"""refs/heads/main""",,,8020082186,2,1,"[{""sha"":""353af209ca682d95e454ce808fa4e59525840ace"",""author"":{""name"":""Cees-Jan Kiewiet"",""email"":""3c3ecfc161606d8b294b0bff7557930c557236c6@gmail.com""},""message"":""Use PAT for GitHub modules"",""distinct"":false,""url"":""https://api.github.com/repos/WyriHaximus/terraform/commits/353af209ca682d95e454ce808fa4e59525840ace""},{""sha"":""df96f7c69d8dc55086c1b2c943a2d52aad8aaf58"",""author"":{""name"":""Cees-Jan Kiewiet"",""email"":""3c3ecfc161606d8b294b0bff7557930c557236c6@gmail.com""},""message"":""Merge pull request #4 from WyriHaximus/use-pat-for-github-modules"",""distinct"":true,""url"":""https://api.github.com/repos/WyriHaximus/terraform/commits/df96f7c69d8dc55086c1b2c943a2d52aad8aaf58""}]",,,,,,,,,,
18159250842,CreateEvent,true,2021-09-27 07:42:05.000000 UTC,147145,WyriHaximus,391980572,WyriHaximus/terraform,"""pass-in-pat-to-plan-and-apply""","""branch""","""user""",,,,,,,,,,,,,,
18158986039,DeleteEvent,true,2021-09-27 07:22:13.000000 UTC,147145,WyriHaximus,391980572,WyriHaximus/terraform,"""use-pat-for-github-modules""","""branch""","""user""",,,,,,,,,,,,,,
18158895958,PushEvent,true,2021-09-27 07:15:30.000000 UTC,63542705,IlyassElarbaouti,410771754,IlyassElarbaouti/react,"""refs/heads/main""",,,8020041341,1,1,"[{""sha"":""b5e1528af64d7b2c6d198292b9bbd35cf8068010"",""author"":{""name"":""Ilyass El Arbaouti"",""email"":""1f51e897f7f537232cee0491efc41e0ac45b1c48@gmail.com""},""message"":""task2"",""distinct"":true,""url"":""https://api.github.com/repos/IlyassElarbaouti/react/commits/b5e1528af64d7b2c6d198292b9bbd35cf8068010""}]",,,,,,,,,,
18158800954,PushEvent,true,2021-09-27 07:08:44.000000 UTC,41898282,github-actions[bot],159692533,smalltalkman/tensorflow,"""refs/heads/master""",,,8019999127,1,1,"[{""sha"":""9ffa4a9d9e3e4d3c0f00ca90e3845cbe0f1dba72"",""author"":{""name"":""A. Unique TensorFlower"",""email"":""746aced590a184ef4169166e753f7c211e32e5fc@tensorflow.org""},""message"":""Go: Update generated wrapper functions for TensorFlow ops.\n\nPiperOrigin-RevId: 399116682\nChange-Id: I536914a8ae8cdc6423ef416ff38a3460dd63fa90"",""distinct"":true,""url"":""https://api.github.com/repos/smalltalkman/tensorflow/commits/9ffa4a9d9e3e4d3c0f00ca90e3845cbe0f1dba72""}]",,,,,,,,,,
18159350179,PushEvent,true,2021-09-27 07:49:22.000000 UTC,88129827,yashasvipawar,410533755,yashasvipawar/terraform,"""refs/heads/main""",,,8020250603,1,1,"[{""sha"":""dfbcbe7900526b3288c99afc3596f1cda5319aca"",""author"":{""name"":""yashasvipawar"",""email"":""a47988e7861922ad47a8f1738c1383158bf763ad@users.noreply.github.com""},""message"":""Add files via upload"",""distinct"":true,""url"":""https://api.github.com/repos/yashasvipawar/terraform/commits/dfbcbe7900526b3288c99afc3596f1cda5319aca""}]",,,,,,,,,,
18158852827,PullRequestReviewEvent,true,2021-09-27 07:12:22.000000 UTC,20179425,EarthChen,4710920,apache/dubbo,,,,,,,,"""created""",8817,,,"""commented""","""CONTRIBUTOR""",,,,
18158963299,PullRequestReviewEvent,true,2021-09-27 07:20:30.000000 UTC,20179425,EarthChen,4710920,apache/dubbo,,,,,,,,"""created""",8817,,,"""commented""","""CONTRIBUTOR""",,,,
18158852838,PullRequestReviewCommentEvent,true,2021-09-27 07:12:21.000000 UTC,20179425,EarthChen,4710920,apache/dubbo,,,,,,,,"""created""",8817,,,,,,,,
18158963343,PullRequestReviewCommentEvent,true,2021-09-27 07:20:29.000000 UTC,20179425,EarthChen,4710920,apache/dubbo,,,,,,,,"""created""",8817,,,,,,,,
18158909693,PushEvent,true,2021-09-27 07:16:32.000000 UTC,17273325,papey,88875596,bearstech/moby,"""refs/heads/master""",,,8020047657,4,4,"[{""sha"":""a826ca3aefbd4d29344d851723731e3809f2a4ad"",""author"":{""name"":""Sebastiaan van Stijn"",""email"":""64b2b6d12bfe4baae7dad3d018f8cbf6b0e7a044@gone.nl""},""message"":""daemon.WithCommonOptions() fix detection of user-namespaces\n\nCommit dae652e2e5e47d99c8febd5bc81df0a3269beb74 added support for non-privileged\ncontainers to use ICMP_PROTO (used for `ping`). This option cannot be set for\ncontainers that have user-namespaces enabled.\n\nHowever, the detection looks to be incorrect; HostConfig.UsernsMode was added\nin 6993e891d10c760d22e0ea3d455f13858cd0de46 / ee2183881b0273ff1707501e71798a61018f50f0,\nand the property only has meaning if the daemon is running with user namespaces\nenabled. In other situations, the property has no meaning.\nAs a result of the above, the sysctl would only be set for containers running\nwith UsernsMode=host on a daemon running with user-namespaces enabled.\n\nThis patch adds a check if the daemon has user-namespaces enabled (RemappedRoot\nhaving a non-empty value), or if the daemon is running inside a user namespace\n(e.g. rootless mode) to fix the detection.\n\nSigned-off-by: Sebastiaan van Stijn <github@gone.nl>"",""distinct"":true,""url"":""https://api.github.com/repos/bearstech/moby/commits/a826ca3aefbd4d29344d851723731e3809f2a4ad""},{""sha"":""30413e5efb6c29da0df23dc95ae4625f31dd8d71"",""author"":{""name"":""Akihiro Suda"",""email"":""10ddef0dea2a66ab193b07198faa879adcb213d8@hco.ntt.co.jp""},""message"":""Merge pull request #42736 from thaJeztah/cap_net_raw_usens_detection\n\ndaemon.WithCommonOptions() fix detection of user-namespaces"",""distinct"":true,""url"":""https://api.github.com/repos/bearstech/moby/commits/30413e5efb6c29da0df23dc95ae4625f31dd8d71""},{""sha"":""25381123d3483eacfa02e989381bd36939b02d1d"",""author"":{""name"":""Sebastiaan van Stijn"",""email"":""64b2b6d12bfe4baae7dad3d018f8cbf6b0e7a044@gone.nl""},""message"":""Makefile: update bfirsh/redoc to 1.14.0, and fix swagger warnings\n\nSigned-off-by: Sebastiaan van Stijn <github@gone.nl>"",""distinct"":true,""url"":""https://api.github.com/repos/bearstech/moby/commits/25381123d3483eacfa02e989381bd36939b02d1d""},{""sha"":""b9c26a56a336e2fa029d9b21acf97c11b3bca7a9"",""author"":{""name"":""Brian Goff"",""email"":""4876a66208932b3750ccc18b302877b042a311b1@hey.com""},""message"":""Merge pull request #42882 from thaJeztah/update_swagger_docs_image\n\nMakefile: update bfirsh/redoc to 1.14.0, and fix swagger warnings"",""distinct"":true,""url"":""https://api.github.com/repos/bearstech/moby/commits/b9c26a56a336e2fa029d9b21acf97c11b3bca7a9""}]",,,,,,,,,,
18158770230,WatchEvent,true,2021-09-27 07:06:37.000000 UTC,23150169,eatsleepraverepeat,843222,scikit-learn/scikit-learn,,,,,,,,"""started""",,,,,,,,,
18159299112,IssuesEvent,true,2021-09-27 07:45:39.000000 UTC,62245023,Beliefuture,843222,scikit-learn/scikit-learn,,,,,,,,"""opened""",,,,,,,,,
18158984588,WatchEvent,true,2021-09-27 07:22:06.000000 UTC,27879551,TuoBaed,843222,scikit-learn/scikit-learn,,,,,,,,"""started""",,,,,,,,,
18158983768,PullRequestReviewEvent,true,2021-09-27 07:22:03.000000 UTC,32649176,alfaro96,843222,scikit-learn/scikit-learn,,,,,,,,"""created""",21137,,,"""commented""","""MEMBER""",,,,
18158919377,ForkEvent,true,2021-09-27 07:17:14.000000 UTC,34341633,luchangli03,263748045,NVIDIA/tensorflow,,,,,,,,,,"""luchangli03/tensorflow-1""",,,,,,,
18158988587,ForkEvent,true,2021-09-27 07:22:25.000000 UTC,90584136,ybjybj457,5108051,opencv/opencv,,,,,,,,,,"""ybjybj457/opencv""",,,,,,,
18159185574,ForkEvent,true,2021-09-27 07:37:14.000000 UTC,29586451,besttea,5108051,opencv/opencv,,,,,,,,,,"""besttea/opencv""",,,,,,,
18159328731,WatchEvent,true,2021-09-27 07:47:49.000000 UTC,44954675,gengchen2000,5108051,opencv/opencv,,,,,,,,"""started""",,,,,,,,,
18159213922,IssueCommentEvent,true,2021-09-27 07:39:21.000000 UTC,59822926,Saduf2019,45717250,tensorflow/tensorflow,,,,,,,,"""created""",,,,,,,,,
18159011863,IssueCommentEvent,true,2021-09-27 07:24:13.000000 UTC,56610014,google-ml-butler[bot],45717250,tensorflow/tensorflow,,,,,,,,"""created""",,,,,,,,,
18159017392,IssueCommentEvent,true,2021-09-27 07:24:39.000000 UTC,3979096,benbarsdell,45717250,tensorflow/tensorflow,,,,,,,,"""created""",,,,,,,,,
18159240002,IssueCommentEvent,true,2021-09-27 07:41:16.000000 UTC,43996514,bguetarni,45717250,tensorflow/tensorflow,,,,,,,,"""created""",,,,,,,,,
18159421972,IssueCommentEvent,true,2021-09-27 07:54:35.000000 UTC,2437102,eli-osherovich,45717250,tensorflow/tensorflow,,,,,,,,"""created""",,,,,,,,,
18159014718,IssueCommentEvent,true,2021-09-27 07:24:27.000000 UTC,56610014,google-ml-butler[bot],45717250,tensorflow/tensorflow,,,,,,,,"""created""",,,,,,,,,
18159010970,IssueCommentEvent,true,2021-09-27 07:24:09.000000 UTC,56610014,google-ml-butler[bot],45717250,tensorflow/tensorflow,,,,,,,,"""created""",,,,,,,,,
18158858045,IssueCommentEvent,true,2021-09-27 07:12:44.000000 UTC,54444543,Ramsonjehu,45717250,tensorflow/tensorflow,,,,,,,,"""created""",,,,,,,,,
18158786958,DeleteEvent,true,2021-09-27 07:07:46.000000 UTC,49699333,dependabot[bot],61573702,ui-router/react,"""dependabot/npm_and_yarn/ts-loader-9.2.5""","""branch""","""user""",,,,,,,,,,,,,,
18158844436,DeleteEvent,true,2021-09-27 07:11:45.000000 UTC,49699333,dependabot[bot],61573702,ui-router/react,"""dependabot/npm_and_yarn/webpack-5.53.0""","""branch""","""user""",,,,,,,,,,,,,,
18158835028,IssueCommentEvent,true,2021-09-27 07:11:05.000000 UTC,49699333,dependabot[bot],61573702,ui-router/react,,,,,,,,"""created""",,,,,,,,,
18158786315,PullRequestEvent,true,2021-09-27 07:07:43.000000 UTC,49699333,dependabot[bot],61573702,ui-router/react,,,,,,,,"""opened""",993,,,,,,,,
18158782618,IssueCommentEvent,true,2021-09-27 07:07:29.000000 UTC,49699333,dependabot[bot],61573702,ui-router/react,,,,,,,,"""created""",,,,,,,,,
18158782195,PullRequestEvent,true,2021-09-27 07:07:27.000000 UTC,49699333,dependabot[bot],61573702,ui-router/react,,,,,,,,"""opened""",992,,,,,,,,
18158834505,CreateEvent,true,2021-09-27 07:11:03.000000 UTC,49699333,dependabot[bot],61573702,ui-router/react,"""dependabot/npm_and_yarn/types/react-17.0.24""","""branch""","""user""",,,,,,,,,,,,,,
18158835211,PullRequestEvent,true,2021-09-27 07:11:05.000000 UTC,49699333,dependabot[bot],61573702,ui-router/react,,,,,,,,"""closed""",985,,,,,,,,
18158844195,IssueCommentEvent,true,2021-09-27 07:11:44.000000 UTC,49699333,dependabot[bot],61573702,ui-router/react,,,,,,,,"""created""",,,,,,,,,
18159350783,ForkEvent,true,2021-09-27 07:49:25.000000 UTC,14270867,mamabushuohua,7691631,moby/moby,,,,,,,,,,"""mamabushuohua/moby""",,,,,,,
18158702846,DeleteEvent,true,2021-09-27 07:01:54.000000 UTC,45942572,SiarheiSakharevich,337402726,saby/react,"""21.5100/mergerator/270921_100128""","""branch""","""user""",,,,,,,,,,,,,,
18158968670,WatchEvent,true,2021-09-27 07:20:54.000000 UTC,25921003,LYYCA,135786093,typescript-cheatsheets/react,,,,,,,,"""started""",,,,,,,,,
18159101347,WatchEvent,true,2021-09-27 07:30:56.000000 UTC,11789381,denismaxim0v,268424739,helix-editor/helix,,,,,,,,"""started""",,,,,,,,,
18159464060,PullRequestReviewEvent,true,2021-09-27 07:57:32.000000 UTC,12110261,lobkovilya,175425051,kumahq/kuma,,,,,,,,"""created""",2834,,,"""commented""","""CONTRIBUTOR""",,,,
18159261989,PushEvent,true,2021-09-27 07:42:55.000000 UTC,5459824,jakubdyszkiewicz,175425051,kumahq/kuma,"""refs/heads/release-1.3""",,,8020210191,1,1,"[{""sha"":""95f09832bb475eaedd412620b7ac56fe08adf2ca"",""author"":{""name"":""mergify[bot]"",""email"":""b09a6ee808b67e98a221404e7aaa52e0398a4954@users.noreply.github.com""},""message"":""chore(*) migrate from closed channel to context for app lifetime (#2804)\n\nThis is required because newer versions of the controller-runtime\r\nwill rely on context instead of a closed channel to indicate that\r\nthe app should shutdown\r\n\r\nSigned-off-by: Charly Molter <charly.molter@konghq.com>"",""distinct"":true,""url"":""https://api.github.com/repos/kumahq/kuma/commits/95f09832bb475eaedd412620b7ac56fe08adf2ca""}]",,,,,,,,,,
18159261877,DeleteEvent,true,2021-09-27 07:42:55.000000 UTC,5459824,jakubdyszkiewicz,175425051,kumahq/kuma,"""mergify/bp/release-1.3/pr-2804""","""branch""","""user""",,,,,,,,,,,,,,
18159280467,PullRequestReviewCommentEvent,true,2021-09-27 07:44:14.000000 UTC,5459824,jakubdyszkiewicz,175425051,kumahq/kuma,,,,,,,,"""created""",2834,,,,,,,,
18159261783,PullRequestEvent,true,2021-09-27 07:42:54.000000 UTC,5459824,jakubdyszkiewicz,175425051,kumahq/kuma,,,,,,,,"""closed""",2813,,,,,,,,
18159280463,PullRequestReviewEvent,true,2021-09-27 07:44:17.000000 UTC,5459824,jakubdyszkiewicz,175425051,kumahq/kuma,,,,,,,,"""created""",2834,,,"""commented""","""COLLABORATOR""",,,,
18159349879,IssueCommentEvent,true,2021-09-27 07:49:21.000000 UTC,13077343,RodrigoTomeES,248295170,geist-org/react,,,,,,,,"""created""",,,,,,,,,
18158853623,IssueCommentEvent,true,2021-09-27 07:12:25.000000 UTC,11304944,unix,248295170,geist-org/react,,,,,,,,"""created""",,,,,,,,,
18163074834,PushEvent,true,2021-09-27 11:56:10.000000 UTC,77011081,nyju,407809912,nyju/react,"""refs/heads/master""",,,8021980343,1,1,"[{""sha"":""b748b4741bba924cfea37664d647a4b6007a8668"",""author"":{""name"":""nyju"",""email"":""8b89a33e9abe7fb650b923973895be2c96d55d3a@gmail.com""},""message"":""기본구조 생성"",""distinct"":true,""url"":""https://api.github.com/repos/nyju/react/commits/b748b4741bba924cfea37664d647a4b6007a8668""}]",,,,,,,,,,
18162446805,PushEvent,true,2021-09-27 11:12:13.000000 UTC,46959724,legos31,407134111,legos31/yii2,"""refs/heads/master""",,,8021676219,1,1,"[{""sha"":""295f10ae0332eeb1d7fe30f74cf34473da6ff768"",""author"":{""name"":""legos31"",""email"":""f98c87f1250d211559efb5bac3fc3fb5de584fe4@gmail.com""},""message"":""auth"",""distinct"":true,""url"":""https://api.github.com/repos/legos31/yii2/commits/295f10ae0332eeb1d7fe30f74cf34473da6ff768""}]",,,,,,,,,,
18163101450,PushEvent,true,2021-09-27 11:58:02.000000 UTC,17592531,PhilYue,89759843,PhilYue/dubbo,"""refs/heads/master""",,,8021993464,56,56,"[{""sha"":""21b08f03206b2c532e26633c51796d56577bee09"",""author"":{""name"":""lmj"",""email"":""1cde60cadc1b3cf0f9c1564888b22bd925d76287@qq.com""},""message"":""Add a default value to accessKeyId (#8136)"",""distinct"":true,""url"":""https://api.github.com/repos/PhilYue/dubbo/commits/21b08f03206b2c532e26633c51796d56577bee09""},{""sha"":""c5a4597a0047ad18f56534b87b7be5c71c981aa7"",""author"":{""name"":""赵延"",""email"":""5ce2568d239a6eae7b30532b978f5499c59afae5@qq.com""},""message"":""use service name mapping key to avoid logic conflict. (#8184)"",""distinct"":true,""url"":""https://api.github.com/repos/PhilYue/dubbo/commits/c5a4597a0047ad18f56534b87b7be5c71c981aa7""},{""sha"":""11e15f2a440dc49070ec6e5d6fee2675bc0b2997"",""author"":{""name"":""ken.lj"",""email"":""822a448a2ec5862faf82fc0d0933a9bdefde0f49@gmail.com""},""message"":""disable telnet by default  and fix ut, reset resources (#8239)"",""distinct"":true,""url"":""https://api.github.com/repos/PhilYue/dubbo/commits/11e15f2a440dc49070ec6e5d6fee2675bc0b2997""},{""sha"":""34a4922d2401fb60e8f4c9f1c0459a79ff49a20a"",""author"":{""name"":""赵延"",""email"":""5ce2568d239a6eae7b30532b978f5499c59afae5@qq.com""},""message"":""for compatible nacos server lower version, we should check the response from nacos server is null. (#8229)"",""distinct"":true,""url"":""https://api.github.com/repos/PhilYue/dubbo/commits/34a4922d2401fb60e8f4c9f1c0459a79ff49a20a""},{""sha"":""0c1a9c67667b84147f9b194d1b5e89b2640bde86"",""author"":{""name"":""dgz"",""email"":""cea44af1c97718981ea6f39abba9f2012d66858f@users.noreply.github.com""},""message"":""Ut telnet handler adapter test (#8258)\n\n* add TelnetHandlerAdapterTest\r\n\r\n* add ASF license header\r\n\r\nCo-authored-by: pg <gpeng@trip.com>"",""distinct"":true,""url"":""https://api.github.com/repos/PhilYue/dubbo/commits/0c1a9c67667b84147f9b194d1b5e89b2640bde86""},{""sha"":""3548eab66817de1a87eae2d9c91fcd006da6a4d0"",""author"":{""name"":""赵延"",""email"":""5ce2568d239a6eae7b30532b978f5499c59afae5@qq.com""},""message"":""Enhance metadata report config. (#8268)\n\n* 1.metadata-report-config support protocol and port.\r\n2.make ConfigCenterConfig setAddress be same with RegistryConfig.\r\n\r\n* revert provider-demo-xml xml config."",""distinct"":true,""url"":""https://api.github.com/repos/PhilYue/dubbo/commits/3548eab66817de1a87eae2d9c91fcd006da6a4d0""},{""sha"":""daf6f25137eabdd5faa60507b58d82b983e52eb7"",""author"":{""name"":""ken.lj"",""email"":""822a448a2ec5862faf82fc0d0933a9bdefde0f49@gmail.com""},""message"":""Set specific serializer for native hessian and hessian rpc protocol (#8238)"",""distinct"":true,""url"":""https://api.github.com/repos/PhilYue/dubbo/commits/daf6f25137eabdd5faa60507b58d82b983e52eb7""},{""sha"":""352a0df89d29a1abad1adc3086434580e4c78b90"",""author"":{""name"":""赵延"",""email"":""5ce2568d239a6eae7b30532b978f5499c59afae5@qq.com""},""message"":""Compatible with curator5  (#8264)\n\n* compatible for curator5.\r\n\r\n* dependency fix.\r\n\r\n* fix ut.\r\n\r\n* for compatible.\r\n\r\n* ut fix.\r\n\r\n* dependency fix.\r\n\r\n* ut fix.\r\n\r\n* remove useless import.\r\n\r\n* ZookeeperTransporter remove adaptive mechanism.\r\n\r\n* code clean. make ZookeeperTransporter inject at constructor."",""distinct"":true,""url"":""https://api.github.com/repos/PhilYue/dubbo/commits/352a0df89d29a1abad1adc3086434580e4c78b90""},{""sha"":""41e989b853b151e01aae53e41b9504e31f5e8f4a"",""author"":{""name"":""lmj"",""email"":""1cde60cadc1b3cf0f9c1564888b22bd925d76287@qq.com""},""message"":""optimize ShortestResponseLoadBalance active param (#8318)"",""distinct"":true,""url"":""https://api.github.com/repos/PhilYue/dubbo/commits/41e989b853b151e01aae53e41b9504e31f5e8f4a""},{""sha"":""b142cdb216911b5fedcbd60fdde1aaba75383a3b"",""author"":{""name"":""xiaoheng1"",""email"":""6350aee017b26f4750917972de057d2f54c2e260@qq.com""},""message"":""fix String.format lack of arg which is from BroadcastClusterInvoker link #8341 (#8348)"",""distinct"":true,""url"":""https://api.github.com/repos/PhilYue/dubbo/commits/b142cdb216911b5fedcbd60fdde1aaba75383a3b""},{""sha"":""d82ce47c30bb6ccc2a7118d1a339c4a5a07b904f"",""author"":{""name"":""赵延"",""email"":""5ce2568d239a6eae7b30532b978f5499c59afae5@qq.com""},""message"":""fix instance change event name format problem. (#8346)"",""distinct"":true,""url"":""https://api.github.com/repos/PhilYue/dubbo/commits/d82ce47c30bb6ccc2a7118d1a339c4a5a07b904f""},{""sha"":""ffabb89fdf6491cbe7661a725a37e1adeb32d5a5"",""author"":{""name"":""zrlw"",""email"":""c3ee052b6ab7be3c31be82ee641dda519078ac4b@sina.com""},""message"":""change alibaba_spring_context_support_version to 1.0.11 (#8217)"",""distinct"":true,""url"":""https://api.github.com/repos/PhilYue/dubbo/commits/ffabb89fdf6491cbe7661a725a37e1adeb32d5a5""},{""sha"":""bfa4b3bb6660d404c0715f54f8743dda45b46909"",""author"":{""name"":""xiaoheng1"",""email"":""6350aee017b26f4750917972de057d2f54c2e260@qq.com""},""message"":""fix migrationRule bug (#8358)"",""distinct"":true,""url"":""https://api.github.com/repos/PhilYue/dubbo/commits/bfa4b3bb6660d404c0715f54f8743dda45b46909""},{""sha"":""ca794b627cd7ce9634ce215d39bc757d49e5810f"",""author"":{""name"":""ken.lj"",""email"":""822a448a2ec5862faf82fc0d0933a9bdefde0f49@gmail.com""},""message"":""throw exception on path+version not found when decoding request (#8357)"",""distinct"":true,""url"":""https://api.github.com/repos/PhilYue/dubbo/commits/ca794b627cd7ce9634ce215d39bc757d49e5810f""},{""sha"":""9810c5e469d6d48c428b52df9975e26a3fd49066"",""author"":{""name"":""xiaoheng1"",""email"":""6350aee017b26f4750917972de057d2f54c2e260@qq.com""},""message"":""Fix the test case of HessianProtocol does not pass on some machines."",""distinct"":true,""url"":""https://api.github.com/repos/PhilYue/dubbo/commits/9810c5e469d6d48c428b52df9975e26a3fd49066""},{""sha"":""b4d9f44a2715217791b7cbb2793932ff4bcba739"",""author"":{""name"":""xiaoheng1"",""email"":""6350aee017b26f4750917972de057d2f54c2e260@qq.com""},""message"":""fix bug"",""distinct"":true,""url"":""https://api.github.com/repos/PhilYue/dubbo/commits/b4d9f44a2715217791b7cbb2793932ff4bcba739""},{""sha"":""46dc478bddef700752983954a3850701ece59b17"",""author"":{""name"":""xiaoheng1"",""email"":""6350aee017b26f4750917972de057d2f54c2e260@qq.com""},""message"":""update pom"",""distinct"":true,""url"":""https://api.github.com/repos/PhilYue/dubbo/commits/46dc478bddef700752983954a3850701ece59b17""},{""sha"":""9c49efeacfd87d2d4409fb000cebd58e1114ec8a"",""author"":{""name"":""张远征hd"",""email"":""d808e0a56ae8280d896c0c98cffc646861ff9bd7@163.com""},""message"":""[Dubbo-8172]Not shuwdown ExecutorService when DefaultFuture. closeChannel() (#8188)\n\n* fix 8172\r\n\r\n消费者端ExecutorService在运行期间不应该shutdown\r\n\r\n* add UT"",""distinct"":true,""url"":""https://api.github.com/repos/PhilYue/dubbo/commits/9c49efeacfd87d2d4409fb000cebd58e1114ec8a""},{""sha"":""fc2808bf64dcae177e6ca5b2eb2fff0a746b3dcb"",""author"":{""name"":""Albumen Kevin"",""email"":""bbabf03ee0d7702e3da35298bd27899c57dc84be@gmail.com""},""message"":""[2.7] Add Dynamic Configuration Override Support For ServiceDiscovery (#8389)"",""distinct"":true,""url"":""https://api.github.com/repos/PhilYue/dubbo/commits/fc2808bf64dcae177e6ca5b2eb2fff0a746b3dcb""},{""sha"":""1f64a03b7f8976bcb84f97ade49376094c505a62"",""author"":{""name"":""肖恒"",""email"":""6350aee017b26f4750917972de057d2f54c2e260@qq.com""},""message"":""update pom (#8429)"",""distinct"":true,""url"":""https://api.github.com/repos/PhilYue/dubbo/commits/1f64a03b7f8976bcb84f97ade49376094c505a62""}]",,,,,,,,,,
18163114151,DeleteEvent,true,2021-09-27 11:58:56.000000 UTC,17592531,PhilYue,89759843,PhilYue/dubbo,"""dubbo-jms-protocol-dev""","""branch""","""user""",,,,,,,,,,,,,,
18162611263,CreateEvent,true,2021-09-27 11:23:01.000000 UTC,87923621,jentatel,410855114,jentatel/react,"""main""","""branch""","""user""",,,,,,,,,,,,,,
18162610174,CreateEvent,true,2021-09-27 11:22:57.000000 UTC,87923621,jentatel,410855114,jentatel/react,,"""repository""","""user""",,,,,,,,,,,,,,
18162312301,PushEvent,true,2021-09-27 11:03:45.000000 UTC,90760299,wishMore,406716643,wishMore/dubbo,"""refs/heads/analyze-2.7.x""",,,8021614885,3,3,"[{""sha"":""a0df4769741c99e6ba343e0d37d29b03b10beebb"",""author"":{""name"":""wishMore"",""email"":""64335134d85e4f595b5d73e4d581cba0134f58a2@flyingstars.cn""},""message"":""remoting-api-buffer"",""distinct"":true,""url"":""https://api.github.com/repos/wishMore/dubbo/commits/a0df4769741c99e6ba343e0d37d29b03b10beebb""},{""sha"":""96b027ec99df1cfd4493e2530a2fda69b6de8239"",""author"":{""name"":""wishMore"",""email"":""64335134d85e4f595b5d73e4d581cba0134f58a2@flyingstars.cn""},""message"":""remoting-api-telnet"",""distinct"":true,""url"":""https://api.github.com/repos/wishMore/dubbo/commits/96b027ec99df1cfd4493e2530a2fda69b6de8239""},{""sha"":""898c4a7007e7d320fe6b65fe0710ac0c2e6bfb24"",""author"":{""name"":""wishMore"",""email"":""64335134d85e4f595b5d73e4d581cba0134f58a2@flyingstars.cn""},""message"":""remoting-api-zookeeper"",""distinct"":true,""url"":""https://api.github.com/repos/wishMore/dubbo/commits/898c4a7007e7d320fe6b65fe0710ac0c2e6bfb24""}]",,,,,,,,,,
18162776825,PushEvent,true,2021-09-27 11:34:58.000000 UTC,83577603,JakobB1,400180414,JakobB1/netbeans,"""refs/heads/main""",,,8021833706,1,1,"[{""sha"":""557fce7911cc183b276db225b4b240eba19bb736"",""author"":{""name"":""Jakob Brkić"",""email"":""6deff9977e74ebd8fcc4245ececf4687391de5ee@users.noreply.github.com""},""message"":""radSControllerKlasom"",""distinct"":true,""url"":""https://api.github.com/repos/JakobB1/netbeans/commits/557fce7911cc183b276db225b4b240eba19bb736""}]",,,,,,,,,,
18162794964,PushEvent,true,2021-09-27 11:36:17.000000 UTC,83577603,JakobB1,400180414,JakobB1/netbeans,"""refs/heads/main""",,,8021842789,1,1,"[{""sha"":""e0b9a2105c7aec55540f3ba09e57b438ff44ea40"",""author"":{""name"":""Jakob Brkić"",""email"":""6deff9977e74ebd8fcc4245ececf4687391de5ee@users.noreply.github.com""},""message"":""kontrole"",""distinct"":true,""url"":""https://api.github.com/repos/JakobB1/netbeans/commits/e0b9a2105c7aec55540f3ba09e57b438ff44ea40""}]",,,,,,,,,,
18162984128,PushEvent,true,2021-09-27 11:49:53.000000 UTC,83577603,JakobB1,400180414,JakobB1/netbeans,"""refs/heads/main""",,,8021935956,1,1,"[{""sha"":""bbe870c1a9cc94e62dc69569e399f8ce0dfe2c58"",""author"":{""name"":""Jakob Brkić"",""email"":""6deff9977e74ebd8fcc4245ececf4687391de5ee@users.noreply.github.com""},""message"":""throwovi"",""distinct"":true,""url"":""https://api.github.com/repos/JakobB1/netbeans/commits/bbe870c1a9cc94e62dc69569e399f8ce0dfe2c58""}]",,,,,,,,,,
18162977468,PushEvent,true,2021-09-27 11:49:25.000000 UTC,83577603,JakobB1,400180414,JakobB1/netbeans,"""refs/heads/main""",,,8021932773,1,1,"[{""sha"":""0337041ee06cc5adc0eb7d0aefd629b381ce7d78"",""author"":{""name"":""Jakob Brkić"",""email"":""6deff9977e74ebd8fcc4245ececf4687391de5ee@users.noreply.github.com""},""message"":""throwovi"",""distinct"":true,""url"":""https://api.github.com/repos/JakobB1/netbeans/commits/0337041ee06cc5adc0eb7d0aefd629b381ce7d78""}]",,,,,,,,,,
18162923904,PushEvent,true,2021-09-27 11:45:38.000000 UTC,83577603,JakobB1,400180414,JakobB1/netbeans,"""refs/heads/main""",,,8021906860,1,1,"[{""sha"":""306e9f5c58a492bff8733b9dd6b6b8aafb291fc5"",""author"":{""name"":""Jakob Brkić"",""email"":""6deff9977e74ebd8fcc4245ececf4687391de5ee@users.noreply.github.com""},""message"":""EdunovaException"",""distinct"":true,""url"":""https://api.github.com/repos/JakobB1/netbeans/commits/306e9f5c58a492bff8733b9dd6b6b8aafb291fc5""}]",,,,,,,,,,
18162556272,PushEvent,true,2021-09-27 11:19:16.000000 UTC,83577603,JakobB1,400180414,JakobB1/netbeans,"""refs/heads/main""",,,8021727419,1,1,"[{""sha"":""a8acf9b6a556e885af8fd7b963741806d4008397"",""author"":{""name"":""Jakob Brkić"",""email"":""6deff9977e74ebd8fcc4245ececf4687391de5ee@users.noreply.github.com""},""message"":""cud"",""distinct"":true,""url"":""https://api.github.com/repos/JakobB1/netbeans/commits/a8acf9b6a556e885af8fd7b963741806d4008397""}]",,,,,,,,,,
18162262552,PushEvent,true,2021-09-27 11:00:40.000000 UTC,83577603,JakobB1,400180414,JakobB1/netbeans,"""refs/heads/main""",,,8021592621,1,1,"[{""sha"":""c35f066b9191932abe497cc7266bf51d01d365cd"",""author"":{""name"":""Jakob Brkić"",""email"":""6deff9977e74ebd8fcc4245ececf4687391de5ee@users.noreply.github.com""},""message"":""CreateObrada"",""distinct"":true,""url"":""https://api.github.com/repos/JakobB1/netbeans/commits/c35f066b9191932abe497cc7266bf51d01d365cd""}]",,,,,,,,,,
18162412935,PushEvent,true,2021-09-27 11:10:06.000000 UTC,83577603,JakobB1,400180414,JakobB1/netbeans,"""refs/heads/main""",,,8021660854,1,1,"[{""sha"":""294bd4bb753dd4e85b49bfc21c44c48dd460b4fc"",""author"":{""name"":""Jakob Brkić"",""email"":""6deff9977e74ebd8fcc4245ececf4687391de5ee@users.noreply.github.com""},""message"":""Tcreate"",""distinct"":true,""url"":""https://api.github.com/repos/JakobB1/netbeans/commits/294bd4bb753dd4e85b49bfc21c44c48dd460b4fc""}]",,,,,,,,,,
18162958605,PushEvent,true,2021-09-27 11:48:07.000000 UTC,16496863,WuJiayiSH,337248742,WuJiayiSH/cocos2d-x,"""refs/heads/v3-emscripten-embinding""",,,8021923798,1,1,"[{""sha"":""633f91f2a9e9a174d8e4c7265503508cb545d522"",""author"":{""name"":""WuJiayiSH"",""email"":""81590a360181401bb358f0145b09f51eb7175ad6@msn.com""},""message"":""fixed compile errors"",""distinct"":true,""url"":""https://api.github.com/repos/WuJiayiSH/cocos2d-x/commits/633f91f2a9e9a174d8e4c7265503508cb545d522""}]",,,,,,,,,,
18162454978,PushEvent,true,2021-09-27 11:12:44.000000 UTC,19327038,elfinston,350289585,elfinston/terraform,"""refs/heads/main""",,,8021680031,1,1,"[{""sha"":""74bf2a0f0d7e07abde8ec8a997950a4c58414002"",""author"":{""name"":""elfinston"",""email"":""60e66b8fb9ac5bb171f2b5f4873deec27e96c501@gmail.com""},""message"":""Update terraform.tf"",""distinct"":true,""url"":""https://api.github.com/repos/elfinston/terraform/commits/74bf2a0f0d7e07abde8ec8a997950a4c58414002""}]",,,,,,,,,,
18162302977,PushEvent,true,2021-09-27 11:03:11.000000 UTC,19327038,elfinston,350289585,elfinston/terraform,"""refs/heads/main""",,,8021610812,1,1,"[{""sha"":""f776693d97720d481d7fbfb2c5fc096c958f866f"",""author"":{""name"":""elfinston"",""email"":""60e66b8fb9ac5bb171f2b5f4873deec27e96c501@gmail.com""},""message"":""Update terraform.tf"",""distinct"":true,""url"":""https://api.github.com/repos/elfinston/terraform/commits/f776693d97720d481d7fbfb2c5fc096c958f866f""}]",,,,,,,,,,
18162984103,PushEvent,true,2021-09-27 11:49:53.000000 UTC,63542705,IlyassElarbaouti,410771754,IlyassElarbaouti/react,"""refs/heads/main""",,,8021935952,1,1,"[{""sha"":""3646a2da7f3bfd4ec9ea951ad3bc090c8cc57e98"",""author"":{""name"":""Ilyass El Arbaouti"",""email"":""1f51e897f7f537232cee0491efc41e0ac45b1c48@gmail.com""},""message"":""task3"",""distinct"":true,""url"":""https://api.github.com/repos/IlyassElarbaouti/react/commits/3646a2da7f3bfd4ec9ea951ad3bc090c8cc57e98""}]",,,,,,,,,,
18162886518,DeleteEvent,true,2021-09-27 11:43:04.000000 UTC,814491,KPLauritzen,129510435,KPLauritzen/scikit-learn,"""doc_formatting""","""branch""","""user""",,,,,,,,,,,,,,
18162630657,PullRequestReviewCommentEvent,true,2021-09-27 11:24:10.000000 UTC,9292748,AlbumenJ,4710920,apache/dubbo,,,,,,,,"""created""",8907,,,,,,,,
18162421862,PushEvent,true,2021-09-27 11:10:39.000000 UTC,9292748,AlbumenJ,4710920,apache/dubbo,"""refs/heads/master""",,,8021664571,1,1,"[{""sha"":""881fd1f2d46379ea16ad59094028e0ea431c42bc"",""author"":{""name"":""Wang Chengming"",""email"":""797b11b27820feac74f983f7807e06052f220378@qq.com""},""message"":""fix #8339, remove duplicate validation (#8903)"",""distinct"":true,""url"":""https://api.github.com/repos/apache/dubbo/commits/881fd1f2d46379ea16ad59094028e0ea431c42bc""}]",,,,,,,,,,
18162605305,PushEvent,true,2021-09-27 11:22:37.000000 UTC,9292748,AlbumenJ,4710920,apache/dubbo,"""refs/heads/3.0""",,,8021750520,1,1,"[{""sha"":""588c0c8626fd55b642e883f1808baeb3117948e2"",""author"":{""name"":""Wang Chengming"",""email"":""797b11b27820feac74f983f7807e06052f220378@qq.com""},""message"":""MultipleRegistry remove duplicate URL (#8896)"",""distinct"":true,""url"":""https://api.github.com/repos/apache/dubbo/commits/588c0c8626fd55b642e883f1808baeb3117948e2""}]",,,,,,,,,,
18163114800,PullRequestReviewCommentEvent,true,2021-09-27 11:54:54.000000 UTC,9292748,AlbumenJ,4710920,apache/dubbo,,,,,,,,"""created""",8916,,,,,,,,
18162630590,PullRequestReviewEvent,true,2021-09-27 11:24:22.000000 UTC,9292748,AlbumenJ,4710920,apache/dubbo,,,,,,,,"""created""",8907,,,"""changes_requested""","""MEMBER""",,,,
18162949980,PullRequestEvent,true,2021-09-27 11:47:30.000000 UTC,9292748,AlbumenJ,4710920,apache/dubbo,,,,,,,,"""closed""",8931,,,,,,,,
18162727700,IssueCommentEvent,true,2021-09-27 11:31:20.000000 UTC,9292748,AlbumenJ,4710920,apache/dubbo,,,,,,,,"""created""",,,,,,,,,
18162802452,PushEvent,true,2021-09-27 11:36:50.000000 UTC,9292748,AlbumenJ,4710920,apache/dubbo,"""refs/heads/3.0""",,,8021846380,1,1,"[{""sha"":""711c323efc77c4b37d322a3961aed41eef7acf7e"",""author"":{""name"":""张志勇"",""email"":""f2dfc903261ba41890f56b1f7c1ef76cce3d4a67@163.com""},""message"":""An optimization of generic invocation in gson format (#8924)"",""distinct"":true,""url"":""https://api.github.com/repos/apache/dubbo/commits/711c323efc77c4b37d322a3961aed41eef7acf7e""}]",,,,,,,,,,
18162967848,IssueCommentEvent,true,2021-09-27 11:48:44.000000 UTC,9292748,AlbumenJ,4710920,apache/dubbo,,,,,,,,"""created""",,,,,,,,,
18162630646,PullRequestReviewEvent,true,2021-09-27 11:24:22.000000 UTC,9292748,AlbumenJ,4710920,apache/dubbo,,,,,,,,"""created""",8907,,,"""changes_requested""","""MEMBER""",,,,
18162329481,PullRequestEvent,true,2021-09-27 11:04:49.000000 UTC,9292748,AlbumenJ,4710920,apache/dubbo,,,,,,,,"""closed""",8882,,,,,,,,
18162608444,IssuesEvent,true,2021-09-27 11:22:50.000000 UTC,9292748,AlbumenJ,4710920,apache/dubbo,,,,,,,,"""closed""",,,,,,,,,
18162580255,PushEvent,true,2021-09-27 11:20:54.000000 UTC,9292748,AlbumenJ,4710920,apache/dubbo,"""refs/heads/3.0""",,,8021738695,1,1,"[{""sha"":""10b3be9b8ac1828b671a198cb88d586d174b29d0"",""author"":{""name"":""Wang Chengming"",""email"":""797b11b27820feac74f983f7807e06052f220378@qq.com""},""message"":""optimize Multiple some code (#8900)"",""distinct"":true,""url"":""https://api.github.com/repos/apache/dubbo/commits/10b3be9b8ac1828b671a198cb88d586d174b29d0""}]",,,,,,,,,,
18162579586,PullRequestEvent,true,2021-09-27 11:20:51.000000 UTC,9292748,AlbumenJ,4710920,apache/dubbo,,,,,,,,"""closed""",8900,,,,,,,,
18163114760,PullRequestReviewEvent,true,2021-09-27 11:58:58.000000 UTC,9292748,AlbumenJ,4710920,apache/dubbo,,,,,,,,"""created""",8916,,,"""changes_requested""","""MEMBER""",,,,
18162639959,PullRequestEvent,true,2021-09-27 11:25:01.000000 UTC,9292748,AlbumenJ,4710920,apache/dubbo,,,,,,,,"""closed""",8915,,,,,,,,
18163114797,PullRequestReviewCommentEvent,true,2021-09-27 11:56:44.000000 UTC,9292748,AlbumenJ,4710920,apache/dubbo,,,,,,,,"""created""",8916,,,,,,,,
18162858371,PushEvent,true,2021-09-27 11:40:59.000000 UTC,1341245,asfgit,20473418,apache/phoenix,"""refs/heads/4.x""",,,8021874618,1,1,"[{""sha"":""b1c31bd2f9c506487e6fa7d2a676ec2b503faeb2"",""author"":{""name"":""Istvan Toth"",""email"":""a03c1e2834d1d2738e22668d816c6ff6b73cf552@apache.org""},""message"":""PHOENIX-6537 Fix CI pipeline and upgrade Yetus\n\nupdate Yetus to 0.13\nupdate Yetus personality to patch in mvn verify in the yetus module\nupdate Yetus personality to not rebuild hbase twice\nskip shaded and assembly modules during CI\nupdate Jacoco maven plugin to 0.8.7\ndisable Jacoco for CI runs\nincrease test kill timeout for Failsafe\nupdate Surefire/Failsafe maven plugin to 3.0.0-M5\nrefactor Junit @Category annotations for new Surefire/failsafe version\nupdate OWASP maven plugin to 6.3.1\ncreate /var/run in Yetus docker images for gpg\nfix hbase table cleanup code in BaseTest"",""distinct"":true,""url"":""https://api.github.com/repos/apache/phoenix/commits/b1c31bd2f9c506487e6fa7d2a676ec2b503faeb2""}]",,,,,,,,,,
18162436124,ForkEvent,true,2021-09-27 11:11:32.000000 UTC,88457092,youcefaidoun,10270250,facebook/react,,,,,,,,,,"""youcefaidoun/react""",,,,,,,
18162923755,WatchEvent,true,2021-09-27 11:45:37.000000 UTC,28247952,linjl121,10270250,facebook/react,,,,,,,,"""started""",,,,,,,,,
18162739482,IssueCommentEvent,true,2021-09-27 11:32:12.000000 UTC,38782567,ChenBinfighting1,843222,scikit-learn/scikit-learn,,,,,,,,"""created""",,,,,,,,,
18163108501,IssueCommentEvent,true,2021-09-27 11:58:32.000000 UTC,89061,ogrisel,843222,scikit-learn/scikit-learn,,,,,,,,"""created""",,,,,,,,,
18162940203,WatchEvent,true,2021-09-27 11:46:48.000000 UTC,71251388,moonliii,5108051,opencv/opencv,,,,,,,,"""started""",,,,,,,,,
18162905356,PushEvent,true,2021-09-27 11:44:21.000000 UTC,477511,Gazler,16072585,phoenixframework/phoenix,"""refs/heads/master""",,,8021897644,1,1,"[{""sha"":""c0d009d55b29b71e4952a44c545ae85c37f03204"",""author"":{""name"":""Milton Mazzarri"",""email"":""365287514018586b97001f4fcad01b7541d9c375@gmail.com""},""message"":""guides: 'Directory structure' page review (#4500)"",""distinct"":true,""url"":""https://api.github.com/repos/phoenixframework/phoenix/commits/c0d009d55b29b71e4952a44c545ae85c37f03204""}]",,,,,,,,,,
18162905600,IssueCommentEvent,true,2021-09-27 11:44:22.000000 UTC,477511,Gazler,16072585,phoenixframework/phoenix,,,,,,,,"""created""",,,,,,,,,
18162884745,IssueCommentEvent,true,2021-09-27 11:42:56.000000 UTC,477511,Gazler,16072585,phoenixframework/phoenix,,,,,,,,"""created""",,,,,,,,,
18162843862,IssueCommentEvent,true,2021-09-27 11:39:55.000000 UTC,477511,Gazler,16072585,phoenixframework/phoenix,,,,,,,,"""created""",,,,,,,,,
18162919404,IssueCommentEvent,true,2021-09-27 11:45:19.000000 UTC,477511,Gazler,16072585,phoenixframework/phoenix,,,,,,,,"""created""",,,,,,,,,
18162884285,PushEvent,true,2021-09-27 11:42:54.000000 UTC,477511,Gazler,16072585,phoenixframework/phoenix,"""refs/heads/master""",,,8021887634,1,1,"[{""sha"":""43def46138c605a8cf22e1d2d28d3d9ab78ea78c"",""author"":{""name"":""Milton Mazzarri"",""email"":""365287514018586b97001f4fcad01b7541d9c375@gmail.com""},""message"":""guides: update Plug page (#4502)"",""distinct"":true,""url"":""https://api.github.com/repos/phoenixframework/phoenix/commits/43def46138c605a8cf22e1d2d28d3d9ab78ea78c""}]",,,,,,,,,,
18162918784,PushEvent,true,2021-09-27 11:45:16.000000 UTC,477511,Gazler,16072585,phoenixframework/phoenix,"""refs/heads/master""",,,8021904321,1,1,"[{""sha"":""a83318f2a2284b7ab29b0b86cdd9d2e1f4d0a7c9"",""author"":{""name"":""Jason Axelson"",""email"":""e969ef38e21346772b80e0676330a257a66bf395@users.noreply.github.com""},""message"":""Add link to 1.6 upgrade guide to changelog (#4503)"",""distinct"":true,""url"":""https://api.github.com/repos/phoenixframework/phoenix/commits/a83318f2a2284b7ab29b0b86cdd9d2e1f4d0a7c9""}]",,,,,,,,,,
18162925523,WatchEvent,true,2021-09-27 11:45:44.000000 UTC,52861273,toniohk,45717250,tensorflow/tensorflow,,,,,,,,"""started""",,,,,,,,,
18162627827,IssueCommentEvent,true,2021-09-27 11:24:10.000000 UTC,56610014,google-ml-butler[bot],45717250,tensorflow/tensorflow,,,,,,,,"""created""",,,,,,,,,
18162490835,WatchEvent,true,2021-09-27 11:15:03.000000 UTC,70267814,beakeyz,45717250,tensorflow/tensorflow,,,,,,,,"""started""",,,,,,,,,
18162904303,IssueCommentEvent,true,2021-09-27 11:44:16.000000 UTC,20729926,GrimmGringo,45717250,tensorflow/tensorflow,,,,,,,,"""created""",,,,,,,,,
18162628055,IssueCommentEvent,true,2021-09-27 11:24:11.000000 UTC,56610014,google-ml-butler[bot],45717250,tensorflow/tensorflow,,,,,,,,"""created""",,,,,,,,,
18162629281,IssueCommentEvent,true,2021-09-27 11:24:17.000000 UTC,56610014,google-ml-butler[bot],45717250,tensorflow/tensorflow,,,,,,,,"""created""",,,,,,,,,
18162628285,IssuesEvent,true,2021-09-27 11:24:12.000000 UTC,56610014,google-ml-butler[bot],45717250,tensorflow/tensorflow,,,,,,,,"""closed""",,,,,,,,,
18162874201,IssueCommentEvent,true,2021-09-27 11:42:09.000000 UTC,76044840,yonikremer,45717250,tensorflow/tensorflow,,,,,,,,"""created""",,,,,,,,,
18162973456,WatchEvent,true,2021-09-27 11:49:08.000000 UTC,91434004,Turatun,45717250,tensorflow/tensorflow,,,,,,,,"""started""",,,,,,,,,
18162720025,PushEvent,true,2021-09-27 11:30:48.000000 UTC,1804568,thaJeztah,7691631,moby/moby,"""refs/heads/master""",,,8021804967,2,2,"[{""sha"":""ec9c8545f8408e747f283a33d4552187f6cec13f"",""author"":{""name"":""Sebastiaan van Stijn"",""email"":""64b2b6d12bfe4baae7dad3d018f8cbf6b0e7a044@gone.nl""},""message"":""Makefile: remove passing proxy env-vars\n\nDocker 17.07 and up allow the CLI to be configured to set default proxy\nenv-vars to be used (both as build-arg and as env for docker run), see\ndocker/cli#93, so setting these here should be redundant. If someone\nneeds these env-vars set, they should be configured in the cli's\n`~/.docker/config.json` instead.\n\nSigned-off-by: Sebastiaan van Stijn <github@gone.nl>"",""distinct"":true,""url"":""https://api.github.com/repos/moby/moby/commits/ec9c8545f8408e747f283a33d4552187f6cec13f""},{""sha"":""4145c81d8271eceab65e4600ebdce7d1421b337e"",""author"":{""name"":""Sebastiaan van Stijn"",""email"":""2b34a3e3e055981c6c83bcd4f9afd06751b4ac0e@users.noreply.github.com""},""message"":""Merge pull request #42880 from thaJeztah/makefile_proxy_vars\n\nMakefile: remove passing proxy env-vars"",""distinct"":true,""url"":""https://api.github.com/repos/moby/moby/commits/4145c81d8271eceab65e4600ebdce7d1421b337e""}]",,,,,,,,,,
18162591993,ForkEvent,true,2021-09-27 11:21:41.000000 UTC,27947386,Sc-glong,7691631,moby/moby,,,,,,,,,,"""Sc-glong/moby""",,,,,,,
18162286355,CreateEvent,true,2021-09-27 11:02:08.000000 UTC,45942572,SiarheiSakharevich,337402726,saby/react,"""21.5100/mergerator/270921_140122""","""branch""","""user""",,,,,,,,,,,,,,
18162286255,DeleteEvent,true,2021-09-27 11:02:08.000000 UTC,45942572,SiarheiSakharevich,337402726,saby/react,"""21.5100/mergerator/270921_140122""","""branch""","""user""",,,,,,,,,,,,,,
18162626489,PullRequestEvent,true,2021-09-27 11:24:05.000000 UTC,19733683,snyk-bot,196592180,rtlnl/phoenix,,,,,,,,"""opened""",50,,,,,,,,
18162597132,WatchEvent,true,2021-09-27 11:22:03.000000 UTC,110534,vit1251,268424739,helix-editor/helix,,,,,,,,"""started""",,,,,,,,,
18162803411,GollumEvent,true,2021-09-27 11:36:55.000000 UTC,67773714,kirawi,268424739,helix-editor/helix,,,,,,,,,,,,,,,,,
18162497725,IssueCommentEvent,true,2021-09-27 11:15:28.000000 UTC,49699333,dependabot[bot],363514971,Effect-TS/react,,,,,,,,"""created""",,,,,,,,,
18162540338,DeleteEvent,true,2021-09-27 11:18:13.000000 UTC,49699333,dependabot[bot],363514971,Effect-TS/react,"""dependabot/npm_and_yarn/types/node-16.9.6""","""branch""","""user""",,,,,,,,,,,,,,
18162497250,CreateEvent,true,2021-09-27 11:15:26.000000 UTC,49699333,dependabot[bot],363514971,Effect-TS/react,"""dependabot/npm_and_yarn/effect-ts/build-utils-0.24.8""","""branch""","""user""",,,,,,,,,,,,,,
18162497871,PullRequestEvent,true,2021-09-27 11:15:28.000000 UTC,49699333,dependabot[bot],363514971,Effect-TS/react,,,,,,,,"""closed""",158,,,,,,,,
18156486935,PushEvent,true,2021-09-27 02:48:23.000000 UTC,9917,jpeach,370223521,jpeach/kuma,"""refs/heads/feat/gateway-route-tabl""",,,8018888952,5,5,"[{""sha"":""9e82ca5edc2ec671edbe8807232a1b075c17692b"",""author"":{""name"":""Bart Smykla"",""email"":""1510bcc82b444bd3d94fed33ba1fa2e72fc0e429@smykla.com""},""message"":""chore(*) small adjustments for windows compilation (#2827)\n\nHad to move config.go to separate package as when it was in istio\r\ndirictory, when compiling for windows it was failing as it was\r\ntrying to compile all transparent proxy logic, which is unix os\r\nspecific\r\n\r\nAlso adjusted sockets code to produce valid paths of unix sockets\r\nfor envoy logs for any os\r\n\r\nSigned-off-by: Bart Smykla <bartek@smykla.com>"",""distinct"":true,""url"":""https://api.github.com/repos/jpeach/kuma/commits/9e82ca5edc2ec671edbe8807232a1b075c17692b""},{""sha"":""281197217c6e416b2a8521a4f38deaf9b3023ac9"",""author"":{""name"":""Mike"",""email"":""53b3d0470b05de37d2250f66cb4dc127ca343f1d@users.noreply.github.com""},""message"":""docs(OWNERS.md) add Mike Beaumont (#2831)\n\nSigned-off-by: Michael Beaumont <mjboamail@gmail.com>"",""distinct"":true,""url"":""https://api.github.com/repos/jpeach/kuma/commits/281197217c6e416b2a8521a4f38deaf9b3023ac9""},{""sha"":""4bf896a4c0eac0839a232a221e7d49fe6af1202b"",""author"":{""name"":""Mike"",""email"":""53b3d0470b05de37d2250f66cb4dc127ca343f1d@users.noreply.github.com""},""message"":""fix(kumactl) Only warn about version compatibility where it makes sense (#2828)\n\n* fix(kumactl) Add method to check server version compatibility\r\n\r\nAlso remove logging with the k8s logger\r\n\r\nSigned-off-by: Michael Beaumont <mjboamail@gmail.com>\r\n\r\n* fix(kumactl) Only warn about version compatibility where it makes sense\r\n\r\nWarn for: apply, delete, generate, get, inspect\r\nDon't warn for: completion, config, install, uninstall, version\r\n\r\nSigned-off-by: Michael Beaumont <mjboamail@gmail.com>"",""distinct"":true,""url"":""https://api.github.com/repos/jpeach/kuma/commits/4bf896a4c0eac0839a232a221e7d49fe6af1202b""},{""sha"":""13df4cfb3e448c47783ece9d16cb911867014a4f"",""author"":{""name"":""James Peach"",""email"":""cfb385863e43a54966ce6ee8158f84aabd7009b9@konghq.com""},""message"":""fix(kuma-cp) remove insight update rate limit burst (#2825)\n\nThe token burst that is configured for the insight update rate limit\r\nallows the update rate to burst up to 50 times before stabilizing to the\r\ndesired rate. This would typically happen when kuma-cp starts up and all\r\nthe dataplanes reconnect, which is precisely the time when you want the\r\nrate limit to apply for operational stability.\r\n\r\nSigned-off-by: James Peach <james.peach@konghq.com>"",""distinct"":true,""url"":""https://api.github.com/repos/jpeach/kuma/commits/13df4cfb3e448c47783ece9d16cb911867014a4f""},{""sha"":""08ae3ded3c08faa56981d248100d7cf23131339a"",""author"":{""name"":""James Peach"",""email"":""cfb385863e43a54966ce6ee8158f84aabd7009b9@konghq.com""},""message"":""feat(kuma-cp) add GatewayRoute route generation\n\nAdd machinery to generate Envoy routes from GatewayRoute resources. This\nis split into a generator that translates GatewayRoute resources into a\ngeneric route table structure, and a generator that translates the generic\nstructure into Envoy resources. The generic route table structure provides\nan API-independent way to configure Envoy.\n\nThis change only generates routes (not cluster or endpoints), but the full\nsemantics of GatewayRoute are supported, including path prefix matches,\nmultiple match criteria and correct route match ordering.\n\nSigned-off-by: James Peach <james.peach@konghq.com>"",""distinct"":true,""url"":""https://api.github.com/repos/jpeach/kuma/commits/08ae3ded3c08faa56981d248100d7cf23131339a""}]",,,,,,,,,,
18156395948,PullRequestReviewEvent,true,2021-09-27 02:34:58.000000 UTC,9917,jpeach,175425051,kumahq/kuma,,,,,,,,"""created""",2782,,,"""commented""","""CONTRIBUTOR""",,,,
18156395988,PullRequestReviewCommentEvent,true,2021-09-27 02:34:58.000000 UTC,9917,jpeach,175425051,kumahq/kuma,,,,,,,,"""created""",2782,,,,,,,,
18156193027,IssueCommentEvent,true,2021-09-27 02:07:51.000000 UTC,9917,jpeach,175425051,kumahq/kuma,,,,,,,,"""created""",,,,,,,,,
18156457275,PullRequestReviewEvent,true,2021-09-27 02:44:04.000000 UTC,9917,jpeach,175425051,kumahq/kuma,,,,,,,,"""created""",2782,,,"""commented""","""CONTRIBUTOR""",,,,
18156457307,PullRequestReviewCommentEvent,true,2021-09-27 02:44:04.000000 UTC,9917,jpeach,175425051,kumahq/kuma,,,,,,,,"""created""",2782,,,,,,,,
18156210781,WatchEvent,true,2021-09-27 02:10:02.000000 UTC,1498065,Cybermage83,135786093,typescript-cheatsheets/react,,,,,,,,"""started""",,,,,,,,,
18156383611,WatchEvent,true,2021-09-27 02:33:10.000000 UTC,1535445,ireader,5108051,opencv/opencv,,,,,,,,"""started""",,,,,,,,,
18156353969,CreateEvent,true,2021-09-27 02:28:57.000000 UTC,2133361,jmloyola,377280516,jmloyola/scikit-learn,"""fix_numpydoc_robustscaler""","""branch""","""user""",,,,,,,,,,,,,,
18156361901,PullRequestEvent,true,2021-09-27 02:30:06.000000 UTC,2133361,jmloyola,843222,scikit-learn/scikit-learn,,,,,,,,"""opened""",21155,,,,,,,,
18156496132,PushEvent,true,2021-09-27 02:49:45.000000 UTC,3704135,shanuo0312,392372203,shanuo0312/dubbo,"""refs/heads/feature_long_header_handle_final""",,,8018893593,1,1,"[{""sha"":""dac6447847ee05b55aaf18d8b9bcd547beb589d6"",""author"":{""name"":""羽铭"",""email"":""35af62fe1519e4e54c909cd7d4ed95ce5289c275@alibaba-inc.com""},""message"":""license"",""distinct"":true,""url"":""https://api.github.com/repos/shanuo0312/dubbo/commits/dac6447847ee05b55aaf18d8b9bcd547beb589d6""}]",,,,,,,,,,
18156176419,PushEvent,true,2021-09-27 02:05:58.000000 UTC,5804314,BryanBudelon,409252877,BryanBudelon/react,"""refs/heads/main""",,,8018737199,1,1,"[{""sha"":""8384128c94b9fc2874b57ba96f743b99fd9e89f6"",""author"":{""name"":""BryanBudelon"",""email"":""084d135856d0f0a959282369d984f7c5731f4cc7@hotmail.com""},""message"":""New updates"",""distinct"":true,""url"":""https://api.github.com/repos/BryanBudelon/react/commits/8384128c94b9fc2874b57ba96f743b99fd9e89f6""}]",,,,,,,,,,
18156237401,IssueCommentEvent,true,2021-09-27 02:13:19.000000 UTC,6505863,rchao,45717250,tensorflow/tensorflow,,,,,,,,"""created""",,,,,,,,,
18156173417,PushEvent,true,2021-09-27 02:05:37.000000 UTC,7381396,woshizhouqiang,381258083,woshizhouqiang/dubbo,"""refs/heads/3.0""",,,8018735830,2,2,"[{""sha"":""d5ca09f5be734c97d509ec01e5429b2166f63adb"",""author"":{""name"":""zrlw"",""email"":""c3ee052b6ab7be3c31be82ee641dda519078ac4b@sina.com""},""message"":""reset the client value of LazyConnectExchangeClient after close (#8881)"",""distinct"":true,""url"":""https://api.github.com/repos/woshizhouqiang/dubbo/commits/d5ca09f5be734c97d509ec01e5429b2166f63adb""},{""sha"":""f870c7d048cc475a695cea71273effb41b1b61c3"",""author"":{""name"":""zrlw"",""email"":""c3ee052b6ab7be3c31be82ee641dda519078ac4b@sina.com""},""message"":""[3.0] fix testInvoke_retryTimes_withBizException (#8910)\n\n* fix testInvoke_retryTimes_withBizException\r\n\r\n* fix parameter name and order of assertEquals"",""distinct"":true,""url"":""https://api.github.com/repos/woshizhouqiang/dubbo/commits/f870c7d048cc475a695cea71273effb41b1b61c3""}]",,,,,,,,,,
18156520899,ForkEvent,true,2021-09-27 02:53:15.000000 UTC,12590138,francisconroy,43158694,apache/incubator-heron,,,,,,,,,,"""francisconroy/incubator-heron""",,,,,,,
18156542993,PushEvent,true,2021-09-27 02:56:29.000000 UTC,12590138,francisconroy,410722224,francisconroy/incubator-heron,"""refs/heads/patch-1""",,,8018917303,1,1,"[{""sha"":""75b3eebb042db03e2e637a55812d7af5c9142f09"",""author"":{""name"":""francisconroy"",""email"":""279b4230ab8af3b2b34d0b484370907e2b10ddca@posteo.net""},""message"":""Remove old URL for bazel\n\nUse the bazel version tag in the URL. Still need to correct the version tag source to match the actual required bazel version 4.1.0.."",""distinct"":true,""url"":""https://api.github.com/repos/francisconroy/incubator-heron/commits/75b3eebb042db03e2e637a55812d7af5c9142f09""}]",,,,,,,,,,
18156153249,WatchEvent,true,2021-09-27 02:03:24.000000 UTC,12992988,guozhongrui000,77513419,react-redux-antd-es6/react,,,,,,,,"""started""",,,,,,,,,
18156247676,PullRequestEvent,true,2021-09-27 02:14:37.000000 UTC,13098309,guohao,4710920,apache/dubbo,,,,,,,,"""closed""",8871,,,,,,,,
18156248242,PushEvent,true,2021-09-27 02:14:41.000000 UTC,13098309,guohao,4710920,apache/dubbo,"""refs/heads/3.0""",,,8018769698,1,1,"[{""sha"":""84346e7ac5652a43d30c2dc97380de059b0b9ffd"",""author"":{""name"":""earthchen"",""email"":""3e0bd8c7f32133a058973e69e24ef8c7f65fc316@duobei.com""},""message"":""[3.0-Triple] Add handler for reset frame (#8871)\n\n* handler rst frame\r\n\r\n* fix license\r\n\r\n* fix style\r\n\r\n* Move CancelContext into ServiceContext\r\n\r\n* optimize rst frame handler\r\n\r\n* change CancellationContext sync method\r\n\r\n* remove unreachable code\r\n\r\n* fix checkstyle"",""distinct"":true,""url"":""https://api.github.com/repos/apache/dubbo/commits/84346e7ac5652a43d30c2dc97380de059b0b9ffd""}]",,,,,,,,,,
18156246983,PullRequestReviewEvent,true,2021-09-27 02:14:32.000000 UTC,13098309,guohao,4710920,apache/dubbo,,,,,,,,"""created""",8871,,,"""approved""","""CONTRIBUTOR""",,,,
18156502583,WatchEvent,true,2021-09-27 02:50:41.000000 UTC,15170908,Jerry1104,5108051,opencv/opencv,,,,,,,,"""started""",,,,,,,,,
18156333340,WatchEvent,true,2021-09-27 02:25:54.000000 UTC,15233149,HelloWater,10270250,facebook/react,,,,,,,,"""started""",,,,,,,,,
18156322069,WatchEvent,true,2021-09-27 02:24:17.000000 UTC,15632798,favowang,45717250,tensorflow/tensorflow,,,,,,,,"""started""",,,,,,,,,
18156449519,WatchEvent,true,2021-09-27 02:42:57.000000 UTC,16483462,gaovchina,178992491,jingchenUSTC/opencv,,,,,,,,"""started""",,,,,,,,,
18156495252,PushEvent,true,2021-09-27 02:49:37.000000 UTC,16541629,zhengzhouheng,394985433,zhengzhouheng/tensorflow,"""refs/heads/dev/xla_tim_vx""",,,8018893163,1,1,"[{""sha"":""f610d0243cb8603cc365e9e3f189bf07f48ec5ba"",""author"":{""name"":""zhouheng.zheng"",""email"":""ad411d9fbd8f954e7b504c2213ba2c45e844ae6b@ouotlook.com""},""message"":""change opfilter false to true"",""distinct"":true,""url"":""https://api.github.com/repos/zhengzhouheng/tensorflow/commits/f610d0243cb8603cc365e9e3f189bf07f48ec5ba""}]",,,,,,,,,,
18156318891,PushEvent,true,2021-09-27 02:23:50.000000 UTC,18614574,williamdnapier,357003181,williamdnapier/react,"""refs/heads/master""",,,8018803963,1,1,"[{""sha"":""ff618bafaa0cb1eb12031272906dcd38c5708266"",""author"":{""name"":""williamdnapier"",""email"":""3e778bf73f1ef8f1d0ab370d06ac11bb401e1a70@gmail.com""},""message"":""add DataStore.js"",""distinct"":true,""url"":""https://api.github.com/repos/williamdnapier/react/commits/ff618bafaa0cb1eb12031272906dcd38c5708266""}]",,,,,,,,,,
18156142000,PushEvent,true,2021-09-27 02:02:05.000000 UTC,18614574,williamdnapier,357003181,williamdnapier/react,"""refs/heads/master""",,,8018721710,1,1,"[{""sha"":""eba856f60418ee12710c7f7714c29de1cae7578d"",""author"":{""name"":""williamdnapier"",""email"":""3e778bf73f1ef8f1d0ab370d06ac11bb401e1a70@gmail.com""},""message"":""add dummy data files"",""distinct"":true,""url"":""https://api.github.com/repos/williamdnapier/react/commits/eba856f60418ee12710c7f7714c29de1cae7578d""}]",,,,,,,,,,
18156216405,PushEvent,true,2021-09-27 02:10:43.000000 UTC,18614574,williamdnapier,357003181,williamdnapier/react,"""refs/heads/master""",,,8018755059,1,1,"[{""sha"":""9159b4d1988f8dd40612e5956b2acbd87ff97de0"",""author"":{""name"":""williamdnapier"",""email"":""3e778bf73f1ef8f1d0ab370d06ac11bb401e1a70@gmail.com""},""message"":""add dummy data files"",""distinct"":true,""url"":""https://api.github.com/repos/williamdnapier/react/commits/9159b4d1988f8dd40612e5956b2acbd87ff97de0""}]",,,,,,,,,,
18156291488,PushEvent,true,2021-09-27 02:20:03.000000 UTC,18614574,williamdnapier,357003181,williamdnapier/react,"""refs/heads/master""",,,8018790177,1,1,"[{""sha"":""3509d9ac2ae0fcb6730c4147b0d6d01fa1b022f9"",""author"":{""name"":""williamdnapier"",""email"":""3e778bf73f1ef8f1d0ab370d06ac11bb401e1a70@gmail.com""},""message"":""add ShopReducer.js"",""distinct"":true,""url"":""https://api.github.com/repos/williamdnapier/react/commits/3509d9ac2ae0fcb6730c4147b0d6d01fa1b022f9""}]",,,,,,,,,,
18156129355,PushEvent,true,2021-09-27 02:00:34.000000 UTC,19616653,ArmageddonKnight,204371788,UofT-EcoSystem/tensorflow,"""refs/heads/master""",,,8018716012,1,1,"[{""sha"":""9aecb36fa51c64e07b38e00639bec87a992c3170"",""author"":{""name"":""Jing Dong"",""email"":""d30e2b8d11e514c224487cb7c6b7b0ab8b9fd9fd@google.com""},""message"":""Move tpu_runner out of experimental directory as it is now being deployed in prodution.\n\nWe will move the test files and tpu_fused_kernel directory out of the experimental directory in follow up CLs.\n\nPiperOrigin-RevId: 399087254\nChange-Id: Ifddeb5f7eba9ae87eaf8edcc4a914aa17ebb3e63"",""distinct"":true,""url"":""https://api.github.com/repos/UofT-EcoSystem/tensorflow/commits/9aecb36fa51c64e07b38e00639bec87a992c3170""}]",,,,,,,,,,
18156333606,PushEvent,true,2021-09-27 02:25:56.000000 UTC,20179425,EarthChen,390895276,EarthChen/dubbo,"""refs/heads/optimizate-server-send-frame-error""",,,8018811486,6,1,"[{""sha"":""bba0a7613672791df341b41b3ab3e9eb135326cb"",""author"":{""name"":""zrlw"",""email"":""c3ee052b6ab7be3c31be82ee641dda519078ac4b@sina.com""},""message"":""add destroy() calling to close tomcat server port (#8920)"",""distinct"":false,""url"":""https://api.github.com/repos/EarthChen/dubbo/commits/bba0a7613672791df341b41b3ab3e9eb135326cb""},{""sha"":""35c2d7ec7e8b56624c23954abfa1a209034d291e"",""author"":{""name"":""灼华"",""email"":""a8b877bbbd92cbfe203c6864a2a681c8dace2279@users.noreply.github.com""},""message"":""Add unit test for CuratorFrameworkUtils and AbstractServiceDiscoveryFactory (#8886)"",""distinct"":false,""url"":""https://api.github.com/repos/EarthChen/dubbo/commits/35c2d7ec7e8b56624c23954abfa1a209034d291e""},{""sha"":""d5ca09f5be734c97d509ec01e5429b2166f63adb"",""author"":{""name"":""zrlw"",""email"":""c3ee052b6ab7be3c31be82ee641dda519078ac4b@sina.com""},""message"":""reset the client value of LazyConnectExchangeClient after close (#8881)"",""distinct"":false,""url"":""https://api.github.com/repos/EarthChen/dubbo/commits/d5ca09f5be734c97d509ec01e5429b2166f63adb""},{""sha"":""f870c7d048cc475a695cea71273effb41b1b61c3"",""author"":{""name"":""zrlw"",""email"":""c3ee052b6ab7be3c31be82ee641dda519078ac4b@sina.com""},""message"":""[3.0] fix testInvoke_retryTimes_withBizException (#8910)\n\n* fix testInvoke_retryTimes_withBizException\r\n\r\n* fix parameter name and order of assertEquals"",""distinct"":false,""url"":""https://api.github.com/repos/EarthChen/dubbo/commits/f870c7d048cc475a695cea71273effb41b1b61c3""},{""sha"":""84346e7ac5652a43d30c2dc97380de059b0b9ffd"",""author"":{""name"":""earthchen"",""email"":""3e0bd8c7f32133a058973e69e24ef8c7f65fc316@duobei.com""},""message"":""[3.0-Triple] Add handler for reset frame (#8871)\n\n* handler rst frame\r\n\r\n* fix license\r\n\r\n* fix style\r\n\r\n* Move CancelContext into ServiceContext\r\n\r\n* optimize rst frame handler\r\n\r\n* change CancellationContext sync method\r\n\r\n* remove unreachable code\r\n\r\n* fix checkstyle"",""distinct"":false,""url"":""https://api.github.com/repos/EarthChen/dubbo/commits/84346e7ac5652a43d30c2dc97380de059b0b9ffd""},{""sha"":""7e89553d87ec870673d4c1e6d20358042bb143b2"",""author"":{""name"":""earthchen"",""email"":""3e0bd8c7f32133a058973e69e24ef8c7f65fc316@duobei.com""},""message"":""Merge branch '3.0' into optimizate-server-send-frame-error\n\n# Conflicts:\n#\tdubbo-rpc/dubbo-rpc-triple/src/main/java/org/apache/dubbo/rpc/protocol/tri/ServerTransportObserver.java\n#\tdubbo-rpc/dubbo-rpc-triple/src/main/java/org/apache/dubbo/rpc/protocol/tri/TripleHttp2FrameServerHandler.java\n\nfix conflict"",""distinct"":true,""url"":""https://api.github.com/repos/EarthChen/dubbo/commits/7e89553d87ec870673d4c1e6d20358042bb143b2""}]",,,,,,,,,,
18156292671,PushEvent,true,2021-09-27 02:20:11.000000 UTC,20179425,EarthChen,390895276,EarthChen/dubbo,"""refs/heads/3.0""",,,8018790784,5,5,"[{""sha"":""bba0a7613672791df341b41b3ab3e9eb135326cb"",""author"":{""name"":""zrlw"",""email"":""c3ee052b6ab7be3c31be82ee641dda519078ac4b@sina.com""},""message"":""add destroy() calling to close tomcat server port (#8920)"",""distinct"":true,""url"":""https://api.github.com/repos/EarthChen/dubbo/commits/bba0a7613672791df341b41b3ab3e9eb135326cb""},{""sha"":""35c2d7ec7e8b56624c23954abfa1a209034d291e"",""author"":{""name"":""灼华"",""email"":""a8b877bbbd92cbfe203c6864a2a681c8dace2279@users.noreply.github.com""},""message"":""Add unit test for CuratorFrameworkUtils and AbstractServiceDiscoveryFactory (#8886)"",""distinct"":true,""url"":""https://api.github.com/repos/EarthChen/dubbo/commits/35c2d7ec7e8b56624c23954abfa1a209034d291e""},{""sha"":""d5ca09f5be734c97d509ec01e5429b2166f63adb"",""author"":{""name"":""zrlw"",""email"":""c3ee052b6ab7be3c31be82ee641dda519078ac4b@sina.com""},""message"":""reset the client value of LazyConnectExchangeClient after close (#8881)"",""distinct"":true,""url"":""https://api.github.com/repos/EarthChen/dubbo/commits/d5ca09f5be734c97d509ec01e5429b2166f63adb""},{""sha"":""f870c7d048cc475a695cea71273effb41b1b61c3"",""author"":{""name"":""zrlw"",""email"":""c3ee052b6ab7be3c31be82ee641dda519078ac4b@sina.com""},""message"":""[3.0] fix testInvoke_retryTimes_withBizException (#8910)\n\n* fix testInvoke_retryTimes_withBizException\r\n\r\n* fix parameter name and order of assertEquals"",""distinct"":true,""url"":""https://api.github.com/repos/EarthChen/dubbo/commits/f870c7d048cc475a695cea71273effb41b1b61c3""},{""sha"":""84346e7ac5652a43d30c2dc97380de059b0b9ffd"",""author"":{""name"":""earthchen"",""email"":""3e0bd8c7f32133a058973e69e24ef8c7f65fc316@duobei.com""},""message"":""[3.0-Triple] Add handler for reset frame (#8871)\n\n* handler rst frame\r\n\r\n* fix license\r\n\r\n* fix style\r\n\r\n* Move CancelContext into ServiceContext\r\n\r\n* optimize rst frame handler\r\n\r\n* change CancellationContext sync method\r\n\r\n* remove unreachable code\r\n\r\n* fix checkstyle"",""distinct"":true,""url"":""https://api.github.com/repos/EarthChen/dubbo/commits/84346e7ac5652a43d30c2dc97380de059b0b9ffd""}]",,,,,,,,,,
18156339829,DeleteEvent,true,2021-09-27 02:26:49.000000 UTC,20179425,EarthChen,390895276,EarthChen/dubbo,"""fix-server-catch-exception""","""branch""","""user""",,,,,,,,,,,,,,
18156158997,PullRequestReviewEvent,true,2021-09-27 02:04:01.000000 UTC,20989201,changfubai,4710920,apache/dubbo,,,,,,,,"""created""",8930,,,"""approved""","""CONTRIBUTOR""",,,,
18156163618,PullRequestReviewEvent,true,2021-09-27 02:04:31.000000 UTC,20989201,changfubai,4710920,apache/dubbo,,,,,,,,"""created""",8931,,,"""approved""","""CONTRIBUTOR""",,,,
18156425720,PullRequestEvent,true,2021-09-27 02:39:22.000000 UTC,23316477,zhaofeng-shu33,843222,scikit-learn/scikit-learn,,,,,,,,"""opened""",21156,,,,,,,,
18156420955,PushEvent,true,2021-09-27 02:38:40.000000 UTC,23316477,zhaofeng-shu33,185582741,zhaofeng-shu33/scikit-learn,"""refs/heads/patch-3""",,,8018855509,1,1,"[{""sha"":""539c460f7eae2aa78f341d40ea226ef85d8c98eb"",""author"":{""name"":""赵丰 (Zhao Feng)"",""email"":""6d49ab6e7f5bcc3535fd28c1d8cd5d9ba85b4675@qq.com""},""message"":""Update kernels.py"",""distinct"":true,""url"":""https://api.github.com/repos/zhaofeng-shu33/scikit-learn/commits/539c460f7eae2aa78f341d40ea226ef85d8c98eb""}]",,,,,,,,,,
18156205379,PushEvent,true,2021-09-27 02:09:21.000000 UTC,25278283,x-shadow-man,404988497,x-shadow-man/scikit-learn,"""refs/heads/feature/pca_add_param""",,,8018749988,1,1,"[{""sha"":""1e4271fa7dd7ba096982c9c7ec8cfffb817cc32b"",""author"":{""name"":""x-shadow-man"",""email"":""69465755f95757ad0d2d2e64e6853de1499ae734@qq.com""},""message"":""update version"",""distinct"":true,""url"":""https://api.github.com/repos/x-shadow-man/scikit-learn/commits/1e4271fa7dd7ba096982c9c7ec8cfffb817cc32b""}]",,,,,,,,,,
18156512134,PushEvent,true,2021-09-27 02:52:01.000000 UTC,25278283,x-shadow-man,404988497,x-shadow-man/scikit-learn,"""refs/heads/feature/pca_add_param""",,,8018901547,1,1,"[{""sha"":""9c0b53ddb53591fb41b7b815f8dcff9479fa11fc"",""author"":{""name"":""x-shadow-man"",""email"":""69465755f95757ad0d2d2e64e6853de1499ae734@qq.com""},""message"":""update version"",""distinct"":true,""url"":""https://api.github.com/repos/x-shadow-man/scikit-learn/commits/9c0b53ddb53591fb41b7b815f8dcff9479fa11fc""}]",,,,,,,,,,
18156533737,WatchEvent,true,2021-09-27 02:55:07.000000 UTC,25948587,ilivid,843222,scikit-learn/scikit-learn,,,,,,,,"""started""",,,,,,,,,
18156491105,WatchEvent,true,2021-09-27 02:49:01.000000 UTC,26459202,KhaledTaymour,10270250,facebook/react,,,,,,,,"""started""",,,,,,,,,
18156532728,IssueCommentEvent,true,2021-09-27 02:54:58.000000 UTC,27430795,yuxiao97,4710920,apache/dubbo,,,,,,,,"""created""",,,,,,,,,
18156267111,CreateEvent,true,2021-09-27 02:16:57.000000 UTC,27476957,nowsdt,410502599,nowsdt/dubbo,"""dubbo_2.6.0""","""branch""","""user""",,,,,,,,,,,,,,
18156272030,CreateEvent,true,2021-09-27 02:17:33.000000 UTC,27476957,nowsdt,410502599,nowsdt/dubbo,"""dubbo_2.6.5""","""branch""","""user""",,,,,,,,,,,,,,
18156254632,CreateEvent,true,2021-09-27 02:15:26.000000 UTC,27476957,nowsdt,410502599,nowsdt/dubbo,"""dubbo_2.6.1""","""branch""","""user""",,,,,,,,,,,,,,
18156316705,DeleteEvent,true,2021-09-27 02:23:31.000000 UTC,27476957,nowsdt,410502599,nowsdt/dubbo,"""2.5.x""","""branch""","""user""",,,,,,,,,,,,,,
18156290904,CreateEvent,true,2021-09-27 02:19:58.000000 UTC,27476957,nowsdt,410502599,nowsdt/dubbo,"""dubbo_2.7.1""","""branch""","""user""",,,,,,,,,,,,,,
18156285056,CreateEvent,true,2021-09-27 02:19:12.000000 UTC,27476957,nowsdt,410502599,nowsdt/dubbo,"""dubbo_2.7.0""","""branch""","""user""",,,,,,,,,,,,,,
18156320714,CreateEvent,true,2021-09-27 02:24:05.000000 UTC,27476957,nowsdt,410502599,nowsdt/dubbo,"""2.5.x""","""branch""","""user""",,,,,,,,,,,,,,
18156233680,DeleteEvent,true,2021-09-27 02:12:53.000000 UTC,27476957,nowsdt,410502599,nowsdt/dubbo,"""dubbo-2.6.5""","""branch""","""user""",,,,,,,,,,,,,,
18156232084,DeleteEvent,true,2021-09-27 02:12:40.000000 UTC,27476957,nowsdt,410502599,nowsdt/dubbo,"""dubbo-2.6.1""","""branch""","""user""",,,,,,,,,,,,,,
18156307126,CreateEvent,true,2021-09-27 02:22:10.000000 UTC,27476957,nowsdt,410502599,nowsdt/dubbo,"""2.6.x""","""branch""","""user""",,,,,,,,,,,,,,
18156557297,WatchEvent,true,2021-09-27 02:58:36.000000 UTC,30685671,misanthorpy,45717250,tensorflow/tensorflow,,,,,,,,"""started""",,,,,,,,,
18156484260,PushEvent,true,2021-09-27 02:47:59.000000 UTC,32109466,justkw,78224733,Intel-tensorflow/tensorflow,"""refs/heads/master""",,,8018887592,10,10,"[{""sha"":""9f46ec76df5754fb9f6103bbf82bc8a5038f71dc"",""author"":{""name"":""A. Unique TensorFlower"",""email"":""746aced590a184ef4169166e753f7c211e32e5fc@tensorflow.org""},""message"":""Go: Update generated wrapper functions for TensorFlow ops.\n\nPiperOrigin-RevId: 398988524\nChange-Id: Ie0bc89d0593129eac4ebac6de6633100650c9ca1"",""distinct"":true,""url"":""https://api.github.com/repos/Intel-tensorflow/tensorflow/commits/9f46ec76df5754fb9f6103bbf82bc8a5038f71dc""},{""sha"":""4516c9dd4b2a47d14c0d2aa1516ca0fbd79aecec"",""author"":{""name"":""A. Unique TensorFlower"",""email"":""746aced590a184ef4169166e753f7c211e32e5fc@tensorflow.org""},""message"":""compat: Update forward compatibility horizon to 2021-09-26\n\nPiperOrigin-RevId: 399008805\nChange-Id: Ieee4bfa9d3afd046df47eb5972136592ae3e7a20"",""distinct"":true,""url"":""https://api.github.com/repos/Intel-tensorflow/tensorflow/commits/4516c9dd4b2a47d14c0d2aa1516ca0fbd79aecec""},{""sha"":""67535121544bf0f702df3b2fd97ee130cff9fe5f"",""author"":{""name"":""A. Unique TensorFlower"",""email"":""746aced590a184ef4169166e753f7c211e32e5fc@tensorflow.org""},""message"":""Update GraphDef version to 901.\n\nPiperOrigin-RevId: 399008806\nChange-Id: I1d91cb1a207f040a1841037dc6c1ff6eba9d6c6b"",""distinct"":true,""url"":""https://api.github.com/repos/Intel-tensorflow/tensorflow/commits/67535121544bf0f702df3b2fd97ee130cff9fe5f""},{""sha"":""2d165079cf95b9945619d6b294681d605ad3e2fe"",""author"":{""name"":""A. Unique TensorFlower"",""email"":""746aced590a184ef4169166e753f7c211e32e5fc@tensorflow.org""},""message"":""Go: Update generated wrapper functions for TensorFlow ops.\n\nPiperOrigin-RevId: 399017587\nChange-Id: I0e3c064d79a0554ef5ade59a1f83b9f41e16ac5a"",""distinct"":true,""url"":""https://api.github.com/repos/Intel-tensorflow/tensorflow/commits/2d165079cf95b9945619d6b294681d605ad3e2fe""},{""sha"":""37cacc485defb9855c4983326cbed48da684b8e5"",""author"":{""name"":""Blake Hechtman"",""email"":""b7e6ede6c0dce642aea514111977e2ba2248ed91@google.com""},""message"":""[XLA] Correctly handle the types of zeros in dot and convolution since they natively support mixed precision.\n\nPiperOrigin-RevId: 399032916\nChange-Id: Id55552d05f4fe6f14f9be7628d1c9d86e03fa646"",""distinct"":true,""url"":""https://api.github.com/repos/Intel-tensorflow/tensorflow/commits/37cacc485defb9855c4983326cbed48da684b8e5""},{""sha"":""be2e72640722086b8382054a5ad438ee997fbc5d"",""author"":{""name"":""A. Unique TensorFlower"",""email"":""746aced590a184ef4169166e753f7c211e32e5fc@tensorflow.org""},""message"":""Go: Update generated wrapper functions for TensorFlow ops.\n\nPiperOrigin-RevId: 399054855\nChange-Id: Ic2149ac84967db0c9ae2f044c0ccb8888366f2d2"",""distinct"":true,""url"":""https://api.github.com/repos/Intel-tensorflow/tensorflow/commits/be2e72640722086b8382054a5ad438ee997fbc5d""},{""sha"":""305d30ce6130d0d621746a59dc3116c5824ab523"",""author"":{""name"":""Mehdi Amini"",""email"":""808100943be7b7010123d78912f654820a5ee1c1@google.com""},""message"":""Fix MSAN failure in TF-XLA lowering\n\nThis is an issue with an ArrayRef with content going out of scope at the end of the expression.\n\nPiperOrigin-RevId: 399055398\nChange-Id: Ieb7c4c1ce3cf77b5000553fb13b254961f187bd3"",""distinct"":true,""url"":""https://api.github.com/repos/Intel-tensorflow/tensorflow/commits/305d30ce6130d0d621746a59dc3116c5824ab523""},{""sha"":""e05e0f6068c55056c7be00e7c4e8281cafde59cf"",""author"":{""name"":""A. Unique TensorFlower"",""email"":""746aced590a184ef4169166e753f7c211e32e5fc@tensorflow.org""},""message"":""Go: Update generated wrapper functions for TensorFlow ops.\n\nPiperOrigin-RevId: 399083662\nChange-Id: I7025a7710ac2582f05cdcd4116b654fddc658a53"",""distinct"":true,""url"":""https://api.github.com/repos/Intel-tensorflow/tensorflow/commits/e05e0f6068c55056c7be00e7c4e8281cafde59cf""},{""sha"":""9aecb36fa51c64e07b38e00639bec87a992c3170"",""author"":{""name"":""Jing Dong"",""email"":""d30e2b8d11e514c224487cb7c6b7b0ab8b9fd9fd@google.com""},""message"":""Move tpu_runner out of experimental directory as it is now being deployed in prodution.\n\nWe will move the test files and tpu_fused_kernel directory out of the experimental directory in follow up CLs.\n\nPiperOrigin-RevId: 399087254\nChange-Id: Ifddeb5f7eba9ae87eaf8edcc4a914aa17ebb3e63"",""distinct"":true,""url"":""https://api.github.com/repos/Intel-tensorflow/tensorflow/commits/9aecb36fa51c64e07b38e00639bec87a992c3170""},{""sha"":""d9d2b4498923dde31cce0e7d2f0e0f828a591a98"",""author"":{""name"":""Thai Nguyen"",""email"":""77c7cb715bbfb6a72d1c8dd380160fd6eb2ba9c0@google.com""},""message"":""Refactoring: Move all metric-related code to a common directory\n\nThis makes the file structure cleaner as it collects all metric-related file under \""lite/python/\"" and it makes more sense for \""converter_error_data.proto\"" to stay under a directory named \""metrics\"" than \""metrics_wrapper\"".\n\nBesides, at the moment, if we want to add a new metric-related file, we have to choose between adding it to \""metrics_wrapper\"" (which might not match the purpose of the new file) and \""lite/python/\"" (which is too general and already crowded). Having a \""metrics\"" directory will fill that gap.\n\nPiperOrigin-RevId: 399091254\nChange-Id: I789eca7d8699b2c786b6c4b6e8f2c6daf8f9a369"",""distinct"":true,""url"":""https://api.github.com/repos/Intel-tensorflow/tensorflow/commits/d9d2b4498923dde31cce0e7d2f0e0f828a591a98""}]",,,,,,,,,,
18156483251,WatchEvent,true,2021-09-27 02:47:51.000000 UTC,32810063,Hap-Zhang,45717250,tensorflow/tensorflow,,,,,,,,"""started""",,,,,,,,,
18156554486,WatchEvent,true,2021-09-27 02:58:11.000000 UTC,35549653,siyeons,267171294,davixyz/phoenix,,,,,,,,"""started""",,,,,,,,,
18156512573,PullRequestReviewEvent,true,2021-09-27 02:52:05.000000 UTC,36247193,renjie-liu,45717250,tensorflow/tensorflow,,,,,,,,"""created""",52014,,,"""commented""","""MEMBER""",,,,
18156512578,PullRequestReviewEvent,true,2021-09-27 02:52:05.000000 UTC,36247193,renjie-liu,45717250,tensorflow/tensorflow,,,,,,,,"""created""",52014,,,"""commented""","""MEMBER""",,,,
18156512602,PullRequestReviewCommentEvent,true,2021-09-27 02:52:01.000000 UTC,36247193,renjie-liu,45717250,tensorflow/tensorflow,,,,,,,,"""created""",52014,,,,,,,,
18156512584,PullRequestReviewCommentEvent,true,2021-09-27 02:51:30.000000 UTC,36247193,renjie-liu,45717250,tensorflow/tensorflow,,,,,,,,"""created""",52014,,,,,,,,
18156502111,PushEvent,true,2021-09-27 02:50:37.000000 UTC,39814207,pull[bot],333612678,51461/dubbo,"""refs/heads/3.0""",,,8018896612,1,1,"[{""sha"":""84346e7ac5652a43d30c2dc97380de059b0b9ffd"",""author"":{""name"":""earthchen"",""email"":""3e0bd8c7f32133a058973e69e24ef8c7f65fc316@duobei.com""},""message"":""[3.0-Triple] Add handler for reset frame (#8871)\n\n* handler rst frame\r\n\r\n* fix license\r\n\r\n* fix style\r\n\r\n* Move CancelContext into ServiceContext\r\n\r\n* optimize rst frame handler\r\n\r\n* change CancellationContext sync method\r\n\r\n* remove unreachable code\r\n\r\n* fix checkstyle"",""distinct"":true,""url"":""https://api.github.com/repos/51461/dubbo/commits/84346e7ac5652a43d30c2dc97380de059b0b9ffd""}]",,,,,,,,,,
18156490504,PullRequestEvent,true,2021-09-27 02:48:55.000000 UTC,39814207,pull[bot],333612678,51461/dubbo,,,,,,,,"""opened""",259,,,,,,,,
18156502162,PullRequestEvent,true,2021-09-27 02:50:37.000000 UTC,39814207,pull[bot],333612678,51461/dubbo,,,,,,,,"""closed""",259,,,,,,,,
18156255285,WatchEvent,true,2021-09-27 02:15:31.000000 UTC,40361578,JimiCarl,843222,scikit-learn/scikit-learn,,,,,,,,"""started""",,,,,,,,,
18156183657,IssueCommentEvent,true,2021-09-27 02:06:47.000000 UTC,41898282,github-actions[bot],17728164,hashicorp/terraform,,,,,,,,"""created""",,,,,,,,,
18156272000,IssueCommentEvent,true,2021-09-27 02:17:33.000000 UTC,41898282,github-actions[bot],366329460,vdavalon01/terraform,,,,,,,,"""created""",,,,,,,,,
18156308536,PushEvent,true,2021-09-27 02:22:22.000000 UTC,41898282,github-actions[bot],159692533,smalltalkman/tensorflow,"""refs/heads/master""",,,8018798669,1,1,"[{""sha"":""d9d2b4498923dde31cce0e7d2f0e0f828a591a98"",""author"":{""name"":""Thai Nguyen"",""email"":""77c7cb715bbfb6a72d1c8dd380160fd6eb2ba9c0@google.com""},""message"":""Refactoring: Move all metric-related code to a common directory\n\nThis makes the file structure cleaner as it collects all metric-related file under \""lite/python/\"" and it makes more sense for \""converter_error_data.proto\"" to stay under a directory named \""metrics\"" than \""metrics_wrapper\"".\n\nBesides, at the moment, if we want to add a new metric-related file, we have to choose between adding it to \""metrics_wrapper\"" (which might not match the purpose of the new file) and \""lite/python/\"" (which is too general and already crowded). Having a \""metrics\"" directory will fill that gap.\n\nPiperOrigin-RevId: 399091254\nChange-Id: I789eca7d8699b2c786b6c4b6e8f2c6daf8f9a369"",""distinct"":true,""url"":""https://api.github.com/repos/smalltalkman/tensorflow/commits/d9d2b4498923dde31cce0e7d2f0e0f828a591a98""}]",,,,,,,,,,
18156201585,WatchEvent,true,2021-09-27 02:08:54.000000 UTC,44080448,0xnaotosato,248295170,geist-org/react,,,,,,,,"""started""",,,,,,,,,
18156487407,ForkEvent,true,2021-09-27 02:48:27.000000 UTC,44691256,solomem,17728164,hashicorp/terraform,,,,,,,,,,"""solomem/terraform""",,,,,,,
18156138916,CreateEvent,true,2021-09-27 02:01:44.000000 UTC,45942572,SiarheiSakharevich,337402726,saby/react,"""21.5100/mergerator/270921_050133""","""branch""","""user""",,,,,,,,,,,,,,
18156138868,DeleteEvent,true,2021-09-27 02:01:43.000000 UTC,45942572,SiarheiSakharevich,337402726,saby/react,"""21.5100/mergerator/270921_050133""","""branch""","""user""",,,,,,,,,,,,,,
18156474092,WatchEvent,true,2021-09-27 02:46:30.000000 UTC,47944452,songs18,45717250,tensorflow/tensorflow,,,,,,,,"""started""",,,,,,,,,
18156279158,ForkEvent,true,2021-09-27 02:18:27.000000 UTC,48273172,lelehehele,5108051,opencv/opencv,,,,,,,,,,"""lelehehele/opencv""",,,,,,,
18156207502,IssueCommentEvent,true,2021-09-27 02:09:37.000000 UTC,49419645,changeset-bot[bot],121814210,primer/react,,,,,,,,"""created""",,,,,,,,,
18156207297,CreateEvent,true,2021-09-27 02:09:36.000000 UTC,49699333,dependabot[bot],121814210,primer/react,"""dependabot/npm_and_yarn/types/jest-axe-3.5.3""","""branch""","""user""",,,,,,,,,,,,,,
18156207269,PullRequestEvent,true,2021-09-27 02:09:35.000000 UTC,49699333,dependabot[bot],121814210,primer/react,,,,,,,,"""opened""",1465,,,,,,,,
18156566282,IssueCommentEvent,true,2021-09-27 02:59:54.000000 UTC,53557551,laddcn,4710920,apache/dubbo,,,,,,,,"""created""",,,,,,,,,
18156427540,ForkEvent,true,2021-09-27 02:39:39.000000 UTC,54987581,onlyforreg,45717250,tensorflow/tensorflow,,,,,,,,,,"""onlyforreg/tensorflow""",,,,,,,
18156321191,IssueCommentEvent,true,2021-09-27 02:24:09.000000 UTC,56610014,google-ml-butler[bot],45717250,tensorflow/tensorflow,,,,,,,,"""created""",,,,,,,,,
18156504759,PushEvent,true,2021-09-27 02:51:00.000000 UTC,56741989,copybara-service[bot],45717250,tensorflow/tensorflow,"""refs/heads/master""",,,8018896930,1,1,"[{""sha"":""866bade85dec9a231350201fb147f9381eee55c7"",""author"":{""name"":""Stella Laurenzo"",""email"":""6e272f397544edbefaff5c117839061e3c31e01f@google.com""},""message"":""Remove deprecation on int64 type.\n\nI have half a million lines of log-spew in my CI from this and clearly there has been ~no effort in the codebase to actually stop using it. Please do not deprecate such a critical type until at least its own codebase has substantially migrated off of it.\n\nPiperOrigin-RevId: 399093429\nChange-Id: I807d9e6c79c4c33f4a50f88ba28fe5fda194ddd4"",""distinct"":true,""url"":""https://api.github.com/repos/tensorflow/tensorflow/commits/866bade85dec9a231350201fb147f9381eee55c7""}]",,,,,,,,,,
18156299113,PushEvent,true,2021-09-27 02:21:04.000000 UTC,56741989,copybara-service[bot],45717250,tensorflow/tensorflow,"""refs/heads/master""",,,8018792526,1,1,"[{""sha"":""d9d2b4498923dde31cce0e7d2f0e0f828a591a98"",""author"":{""name"":""Thai Nguyen"",""email"":""77c7cb715bbfb6a72d1c8dd380160fd6eb2ba9c0@google.com""},""message"":""Refactoring: Move all metric-related code to a common directory\n\nThis makes the file structure cleaner as it collects all metric-related file under \""lite/python/\"" and it makes more sense for \""converter_error_data.proto\"" to stay under a directory named \""metrics\"" than \""metrics_wrapper\"".\n\nBesides, at the moment, if we want to add a new metric-related file, we have to choose between adding it to \""metrics_wrapper\"" (which might not match the purpose of the new file) and \""lite/python/\"" (which is too general and already crowded). Having a \""metrics\"" directory will fill that gap.\n\nPiperOrigin-RevId: 399091254\nChange-Id: I789eca7d8699b2c786b6c4b6e8f2c6daf8f9a369"",""distinct"":true,""url"":""https://api.github.com/repos/tensorflow/tensorflow/commits/d9d2b4498923dde31cce0e7d2f0e0f828a591a98""}]",,,,,,,,,,
18156288532,WatchEvent,true,2021-09-27 02:19:39.000000 UTC,57204353,Aidenzich,5108051,opencv/opencv,,,,,,,,"""started""",,,,,,,,,
18156229674,CreateEvent,true,2021-09-27 02:12:22.000000 UTC,61266837,rawoof-pm,410713786,rawoof-pm/react,,"""repository""","""user""",,,,,,,,,,,,,,
18156368191,ForkEvent,true,2021-09-27 02:30:57.000000 UTC,65329157,empty2020,5108051,opencv/opencv,,,,,,,,,,"""empty2020/opencv""",,,,,,,
18156367943,WatchEvent,true,2021-09-27 02:30:56.000000 UTC,65329157,empty2020,5108051,opencv/opencv,,,,,,,,"""started""",,,,,,,,,
18156148435,IssueCommentEvent,true,2021-09-27 02:02:50.000000 UTC,65553080,codecov-commenter,4710920,apache/dubbo,,,,,,,,"""created""",,,,,,,,,
18156268516,IssueCommentEvent,true,2021-09-27 02:17:06.000000 UTC,65553080,codecov-commenter,4710920,apache/dubbo,,,,,,,,"""created""",,,,,,,,,
18156219364,WatchEvent,true,2021-09-27 02:11:04.000000 UTC,67510277,Anshumant7,45717250,tensorflow/tensorflow,,,,,,,,"""started""",,,,,,,,,
18156486085,IssuesEvent,true,2021-09-27 02:48:15.000000 UTC,69426460,MaxmaxmaximusAWS,10270250,facebook/react,,,,,,,,"""opened""",,,,,,,,,
18156331183,CreateEvent,true,2021-09-27 02:25:36.000000 UTC,69646020,maribelalarcon,395085120,maribelalarcon/react,"""clase-12""","""branch""","""user""",,,,,,,,,,,,,,
18156249632,CreateEvent,true,2021-09-27 02:14:51.000000 UTC,73736631,kagamana,410714307,kagamana/react,,"""repository""","""user""",,,,,,,,,,,,,,
18156278142,CreateEvent,true,2021-09-27 02:18:19.000000 UTC,73736631,kagamana,410714307,kagamana/react,"""master""","""branch""","""user""",,,,,,,,,,,,,,
18156342339,WatchEvent,true,2021-09-27 02:27:11.000000 UTC,75496048,HUGITOYT,382526810,cyplx/tensorflow,,,,,,,,"""started""",,,,,,,,,
18156224122,WatchEvent,true,2021-09-27 02:11:40.000000 UTC,79854608,pupubuli0909,45717250,tensorflow/tensorflow,,,,,,,,"""started""",,,,,,,,,
18156524947,WatchEvent,true,2021-09-27 02:53:50.000000 UTC,80388765,itolull,10270250,facebook/react,,,,,,,,"""started""",,,,,,,,,
18156332526,PushEvent,true,2021-09-27 02:25:47.000000 UTC,91106470,fintrainee2,409443112,fintrainee2/react,"""refs/heads/master""",,,8018810949,8,3,"[{""sha"":""e7e2f20fa0a5cd4655b63d5405d2eb7a1acf70bb"",""author"":{""name"":""unknown"",""email"":""23f8481c3a21777723c0b07bdd000ef639eb41c7@gmail.com""},""message"":""delete Item added"",""distinct"":false,""url"":""https://api.github.com/repos/fintrainee2/react/commits/e7e2f20fa0a5cd4655b63d5405d2eb7a1acf70bb""},{""sha"":""aa16dfe39f05f387b31acdfd8a7d1b7d5f9cc6e0"",""author"":{""name"":""unknown"",""email"":""23f8481c3a21777723c0b07bdd000ef639eb41c7@gmail.com""},""message"":""DeleteItem updated"",""distinct"":false,""url"":""https://api.github.com/repos/fintrainee2/react/commits/aa16dfe39f05f387b31acdfd8a7d1b7d5f9cc6e0""},{""sha"":""240f6d7f7927fa9e78973005b9d63d307a6d5e5c"",""author"":{""name"":""unknown"",""email"":""23f8481c3a21777723c0b07bdd000ef639eb41c7@gmail.com""},""message"":""deleteItem added to Nav"",""distinct"":false,""url"":""https://api.github.com/repos/fintrainee2/react/commits/240f6d7f7927fa9e78973005b9d63d307a6d5e5c""},{""sha"":""957a5d9cf3a5ed232a786a4e3f56ee0cbc84ce06"",""author"":{""name"":""unknown"",""email"":""23f8481c3a21777723c0b07bdd000ef639eb41c7@gmail.com""},""message"":""cart added"",""distinct"":false,""url"":""https://api.github.com/repos/fintrainee2/react/commits/957a5d9cf3a5ed232a786a4e3f56ee0cbc84ce06""},{""sha"":""70399876fb2d53cb2c7c5b63aacc197b36f6cf9c"",""author"":{""name"":""unknown"",""email"":""23f8481c3a21777723c0b07bdd000ef639eb41c7@gmail.com""},""message"":""CartMain updated"",""distinct"":false,""url"":""https://api.github.com/repos/fintrainee2/react/commits/70399876fb2d53cb2c7c5b63aacc197b36f6cf9c""},{""sha"":""b99ecbd7dbfea428ea158dfa3302a5812043ec95"",""author"":{""name"":""unknown"",""email"":""23f8481c3a21777723c0b07bdd000ef639eb41c7@gmail.com""},""message"":""index updated"",""distinct"":true,""url"":""https://api.github.com/repos/fintrainee2/react/commits/b99ecbd7dbfea428ea158dfa3302a5812043ec95""},{""sha"":""06114e53e4679971a9dddd2bf37680a9f4ccabff"",""author"":{""name"":""unknown"",""email"":""23f8481c3a21777723c0b07bdd000ef639eb41c7@gmail.com""},""message"":""Merge branch 'cart'"",""distinct"":true,""url"":""https://api.github.com/repos/fintrainee2/react/commits/06114e53e4679971a9dddd2bf37680a9f4ccabff""},{""sha"":""4b11a45a0474abce763eb7ec647e50963f1e8a48"",""author"":{""name"":""unknown"",""email"":""23f8481c3a21777723c0b07bdd000ef639eb41c7@gmail.com""},""message"":""cart added to Nav"",""distinct"":true,""url"":""https://api.github.com/repos/fintrainee2/react/commits/4b11a45a0474abce763eb7ec647e50963f1e8a48""}]",,,,,,,,,,
18156332399,CreateEvent,true,2021-09-27 02:25:46.000000 UTC,91106470,fintrainee2,409443112,fintrainee2/react,"""filterChart""","""branch""","""user""",,,,,,,,,,,,,,
18156332413,CreateEvent,true,2021-09-27 02:25:46.000000 UTC,91106470,fintrainee2,409443112,fintrainee2/react,"""deleteItem""","""branch""","""user""",,,,,,,,,,,,,,
18156332454,CreateEvent,true,2021-09-27 02:25:47.000000 UTC,91106470,fintrainee2,409443112,fintrainee2/react,"""cart""","""branch""","""user""",,,,,,,,,,,,,,
18156487560,PushEvent,true,2021-09-27 02:48:29.000000 UTC,91106470,fintrainee2,409443112,fintrainee2/react,"""refs/heads/main""",,,8018889265,1,1,"[{""sha"":""f942baebacb4d7ec2adc9beb4a620ae7653e3d1a"",""author"":{""name"":""fintrainee2"",""email"":""28a8fc4f8c184d8e70b16873ef863b0c2210ea1f@users.noreply.github.com""},""message"":""Update README.md"",""distinct"":true,""url"":""https://api.github.com/repos/fintrainee2/react/commits/f942baebacb4d7ec2adc9beb4a620ae7653e3d1a""}]",,,,,,,,,,
18164264133,PushEvent,true,2021-09-27 13:09:01.000000 UTC,40652892,zrlw,382837484,zrlw/dubbo,"""refs/heads/3.0""",,,8022552949,9,9,"[{""sha"":""10b3be9b8ac1828b671a198cb88d586d174b29d0"",""author"":{""name"":""Wang Chengming"",""email"":""797b11b27820feac74f983f7807e06052f220378@qq.com""},""message"":""optimize Multiple some code (#8900)"",""distinct"":true,""url"":""https://api.github.com/repos/zrlw/dubbo/commits/10b3be9b8ac1828b671a198cb88d586d174b29d0""},{""sha"":""588c0c8626fd55b642e883f1808baeb3117948e2"",""author"":{""name"":""Wang Chengming"",""email"":""797b11b27820feac74f983f7807e06052f220378@qq.com""},""message"":""MultipleRegistry remove duplicate URL (#8896)"",""distinct"":true,""url"":""https://api.github.com/repos/zrlw/dubbo/commits/588c0c8626fd55b642e883f1808baeb3117948e2""},{""sha"":""4f4e87b426f59e67c32eac56c5dc7513d73f03b2"",""author"":{""name"":""灼华"",""email"":""a8b877bbbd92cbfe203c6864a2a681c8dace2279@users.noreply.github.com""},""message"":""Add volatile modifier to AbstractServiceDiscovery#serviceInstance (#8915)\n\n1.add volatile\r\n2.log level"",""distinct"":true,""url"":""https://api.github.com/repos/zrlw/dubbo/commits/4f4e87b426f59e67c32eac56c5dc7513d73f03b2""},{""sha"":""711c323efc77c4b37d322a3961aed41eef7acf7e"",""author"":{""name"":""张志勇"",""email"":""f2dfc903261ba41890f56b1f7c1ef76cce3d4a67@163.com""},""message"":""An optimization of generic invocation in gson format (#8924)"",""distinct"":true,""url"":""https://api.github.com/repos/zrlw/dubbo/commits/711c323efc77c4b37d322a3961aed41eef7acf7e""},{""sha"":""cd5cad2daec964a75b7572e994b9a39547401f95"",""author"":{""name"":""灼华"",""email"":""a8b877bbbd92cbfe203c6864a2a681c8dace2279@users.noreply.github.com""},""message"":""Add unit test for StandardMetadataServiceURLBuilder (#8913)\n\n* Add unit test for StandardMetadataServiceURLBuilder\r\n\r\n* FIX UT\r\n\r\n* ApplicationModel reset"",""distinct"":true,""url"":""https://api.github.com/repos/zrlw/dubbo/commits/cd5cad2daec964a75b7572e994b9a39547401f95""},{""sha"":""40d01ee0fb7f827252ef76f79cb3c8c141c86f07"",""author"":{""name"":""zrlw"",""email"":""c3ee052b6ab7be3c31be82ee641dda519078ac4b@sina.com""},""message"":""[3.0] catch handler.caught() throwable of MultiMessageHandler (#8930)\n\n* catch handler.caught() throwable of MultiMessageHandler\r\n\r\n* remove useless import, fix ut"",""distinct"":true,""url"":""https://api.github.com/repos/zrlw/dubbo/commits/40d01ee0fb7f827252ef76f79cb3c8c141c86f07""},{""sha"":""1cce95308884994a6cf9989dcf3139bcd0522629"",""author"":{""name"":""Wang Chengming"",""email"":""797b11b27820feac74f983f7807e06052f220378@qq.com""},""message"":""add some AvailableClusterInvoker unit test (#8934)"",""distinct"":true,""url"":""https://api.github.com/repos/zrlw/dubbo/commits/1cce95308884994a6cf9989dcf3139bcd0522629""},{""sha"":""b7f54e34ce1d6408098f5b2b075c2c465242aced"",""author"":{""name"":""huazhongming"",""email"":""9242be017ab6886addd9d458a2d2295a0a8a79c2@gmail.com""},""message"":""Update dubbo version"",""distinct"":true,""url"":""https://api.github.com/repos/zrlw/dubbo/commits/b7f54e34ce1d6408098f5b2b075c2c465242aced""},{""sha"":""493459602ca4517d36a4faf61628f4ca23444fed"",""author"":{""name"":""huazhongming"",""email"":""9242be017ab6886addd9d458a2d2295a0a8a79c2@gmail.com""},""message"":""3.0.3 release (#8938)\n\n* 3.0.3-RELEASE\r\n\r\n* release 3.0.3\r\n\r\nCo-authored-by: huazhongming <huazhongming@youzan.com>"",""distinct"":true,""url"":""https://api.github.com/repos/zrlw/dubbo/commits/493459602ca4517d36a4faf61628f4ca23444fed""}]",,,,,,,,,,
18164473122,PushEvent,true,2021-09-27 13:20:13.000000 UTC,70266559,cddorz,369456252,cddorz/dubbo,"""refs/heads/feature-3.0""",,,8022651015,1,1,"[{""sha"":""e005bc1ac1627f1d63cb5b8cfa733a5db9a8d551"",""author"":{""name"":""韩珑毅"",""email"":""d9be9b4af3e9599953314ac891ed1535b09c3472@qq.com""},""message"":""fix: finished eureka as registry-center"",""distinct"":true,""url"":""https://api.github.com/repos/cddorz/dubbo/commits/e005bc1ac1627f1d63cb5b8cfa733a5db9a8d551""}]",,,,,,,,,,
18164383704,PushEvent,true,2021-09-27 13:15:23.000000 UTC,75636190,AnnaMoe,410578099,AnnaMoe/react,"""refs/heads/main""",,,8022608920,1,1,"[{""sha"":""33addfea9cb82dde47b45330f517c75fe5a6504b"",""author"":{""name"":""Anna Moelling"",""email"":""e60dbe9cad3b871f1c374ca29d216d8a9a9413b7@googlemail.com""},""message"":""adding two way binding"",""distinct"":true,""url"":""https://api.github.com/repos/AnnaMoe/react/commits/33addfea9cb82dde47b45330f517c75fe5a6504b""}]",,,,,,,,,,
18165018444,PushEvent,true,2021-09-27 13:49:56.000000 UTC,29597,bvaughn,74410855,bvaughn/react,"""refs/heads/devtools-multi-byte-characters""",,,8022907849,1,1,"[{""sha"":""c79d490b4a0b4967ad985a80dba01bf077bd88c2"",""author"":{""name"":""Brian Vaughn"",""email"":""59942a8ec08225673b377c556396ca24baabd1b2@fb.com""},""message"":""Switched UTF string encoding approach to handle multibyte characters\n\nAlso removed LRU cache since the caching approach seems to slow things down overall, based on benchmarking."",""distinct"":true,""url"":""https://api.github.com/repos/bvaughn/react/commits/c79d490b4a0b4967ad985a80dba01bf077bd88c2""}]",,,,,,,,,,
18164840378,PullRequestEvent,true,2021-09-27 13:40:19.000000 UTC,39814207,pull[bot],333849660,dgkh1975/moby,,,,,,,,"""opened""",168,,,,,,,,
18164307589,PushEvent,true,2021-09-27 13:11:21.000000 UTC,24976862,rogday,366653779,rogday/opencv,"""refs/heads/non_continuous_argmax""",,,8022573272,1,1,"[{""sha"":""724b08029da1c3586ff2f81e648bc89e779333a8"",""author"":{""name"":""Smirnov Egor"",""email"":""9951d70b99a568cda55036e5dec71024df2ce43a@yandex.ru""},""message"":""-30ms"",""distinct"":true,""url"":""https://api.github.com/repos/rogday/opencv/commits/724b08029da1c3586ff2f81e648bc89e779333a8""}]",,,,,,,,,,
18164475120,PushEvent,true,2021-09-27 13:20:20.000000 UTC,10141504,dalel123,403890490,dalel123/react,"""refs/heads/main""",,,8022652003,1,1,"[{""sha"":""61dba36c9b237960f999ccf6e3b91f35e94a7f3a"",""author"":{""name"":""Eljia BELGACEM"",""email"":""c059fbac5e585512b6788180abc61f026128f7a7@nao.local""},""message"":""first commit"",""distinct"":true,""url"":""https://api.github.com/repos/dalel123/react/commits/61dba36c9b237960f999ccf6e3b91f35e94a7f3a""}]",,,,,,,,,,
18164894650,PushEvent,true,2021-09-27 13:43:16.000000 UTC,83577603,JakobB1,400180414,JakobB1/netbeans,"""refs/heads/main""",,,8022850795,1,1,"[{""sha"":""0286d02629e4ece9618721a050889bb01d55adb6"",""author"":{""name"":""Jakob Brkić"",""email"":""6deff9977e74ebd8fcc4245ececf4687391de5ee@users.noreply.github.com""},""message"":""obradeiRad\n\ndodan ObradaKorisnik"",""distinct"":true,""url"":""https://api.github.com/repos/JakobB1/netbeans/commits/0286d02629e4ece9618721a050889bb01d55adb6""}]",,,,,,,,,,
18164805664,PushEvent,true,2021-09-27 13:38:27.000000 UTC,266755,jjeffers,175842148,jjeffers/katello,"""refs/heads/33557_create_ostree_repository""",,,8022808275,1,1,"[{""sha"":""bf2519dcd042d05777c68e8b13b32e5247c9f269"",""author"":{""name"":""James Jeffers"",""email"":""7e66d8e7404d9fb110ca3890d2026fc5a28e215f@redhat.com""},""message"":""Fixes #33557 - rubocop warning"",""distinct"":true,""url"":""https://api.github.com/repos/jjeffers/katello/commits/bf2519dcd042d05777c68e8b13b32e5247c9f269""}]",,,,,,,,,,
18164161122,CreateEvent,true,2021-09-27 13:03:31.000000 UTC,84066778,nuthan1901,410886583,nuthan1901/react,,"""repository""","""user""",,,,,,,,,,,,,,
18164162377,CreateEvent,true,2021-09-27 13:03:35.000000 UTC,84066778,nuthan1901,410886583,nuthan1901/react,"""main""","""branch""","""user""",,,,,,,,,,,,,,
18164106760,PushEvent,true,2021-09-27 13:00:42.000000 UTC,1924534,ArkenKiran,377796602,ArkenKiran/phoenix,"""refs/heads/PHOENIX-5974""",,,8022479101,33,5,"[{""sha"":""d4ea7d3832485b6f7cfa26508e8e72b25e9eb0de"",""author"":{""name"":""Swaroopa Kadam"",""email"":""4902393a2ecb5928928955c124886c9c12df32fc@gmail.com""},""message"":""PHOENIX-6271: Effective DDL generated by SchemaExtractionTool should maintain the order of PK and other columns (#1212)\n\nCo-authored-by: Swaroopa Kadam <s.kadam@apache.org>"",""distinct"":false,""url"":""https://api.github.com/repos/ArkenKiran/phoenix/commits/d4ea7d3832485b6f7cfa26508e8e72b25e9eb0de""},{""sha"":""3fd7916022a352e6f82daf91c99b77656770b6e6"",""author"":{""name"":""Istvan Toth"",""email"":""a03c1e2834d1d2738e22668d816c6ff6b73cf552@apache.org""},""message"":""PHOENIX-6497 Remove embedded profile and always build phoenix-client-embedded"",""distinct"":false,""url"":""https://api.github.com/repos/ArkenKiran/phoenix/commits/3fd7916022a352e6f82daf91c99b77656770b6e6""},{""sha"":""9caa23c88b7ffd9a70c7bbd9729456d5052af3f2"",""author"":{""name"":""Istvan Toth"",""email"":""a03c1e2834d1d2738e22668d816c6ff6b73cf552@apache.org""},""message"":""PHOENIX-6493 MetaData schemaPattern handling errors"",""distinct"":false,""url"":""https://api.github.com/repos/ArkenKiran/phoenix/commits/9caa23c88b7ffd9a70c7bbd9729456d5052af3f2""},{""sha"":""d2aad633adcca32a2251fefd8f217415c1443d59"",""author"":{""name"":""Viraj Jasani"",""email"":""0f008b677517e222a5b140e7cfedb6aed7df6c3b@apache.org""},""message"":""Bump Phoenix version to 4.16.2-SNAPSHOT"",""distinct"":false,""url"":""https://api.github.com/repos/ArkenKiran/phoenix/commits/d2aad633adcca32a2251fefd8f217415c1443d59""},{""sha"":""49ff48a20fc64a6b6b6683df75385e592b34c00d"",""author"":{""name"":""Viraj Jasani"",""email"":""0f008b677517e222a5b140e7cfedb6aed7df6c3b@apache.org""},""message"":""PHOENIX-6500 Allow 4.16 client to connect to 5.1 server (#1257)\n\nSigned-off-by: Andrew Purtell <apurtell@apache.org>"",""distinct"":false,""url"":""https://api.github.com/repos/ArkenKiran/phoenix/commits/49ff48a20fc64a6b6b6683df75385e592b34c00d""},{""sha"":""c74ebc07b74765807d155e026d419c68e3cf2f04"",""author"":{""name"":""Viraj Jasani"",""email"":""0f008b677517e222a5b140e7cfedb6aed7df6c3b@apache.org""},""message"":""PHOENIX-6504 Restrict thirdparty guava imports to prevent RegionServer crash (#1260)\n\nSigned-off-by: Istvan Toth <stoty@apache.org>"",""distinct"":false,""url"":""https://api.github.com/repos/ArkenKiran/phoenix/commits/c74ebc07b74765807d155e026d419c68e3cf2f04""},{""sha"":""9f5587e2d386a243b980dbe17cf513231907c500"",""author"":{""name"":""Wei-Chiu Chuang"",""email"":""69b92d7faa6f3821f81872c17428713be71a6bb0@apache.org""},""message"":""PHOENIX-6514 Exception should be thrown\n\nChange-Id: I626eb3878a29e1467835c48f8f446edc72ed04c8"",""distinct"":false,""url"":""https://api.github.com/repos/ArkenKiran/phoenix/commits/9f5587e2d386a243b980dbe17cf513231907c500""},{""sha"":""089a7840006c49fd1d9c01ceb2661475f9481e70"",""author"":{""name"":""Wei-Chiu Chuang"",""email"":""69b92d7faa6f3821f81872c17428713be71a6bb0@apache.org""},""message"":""PHOENIX-6510 Double-Checked Locking field must be volatile\n\nadded volatile keyword to the variable to be doubly checked.\nDo not use double check pattern in PhoenixConnection."",""distinct"":false,""url"":""https://api.github.com/repos/ArkenKiran/phoenix/commits/089a7840006c49fd1d9c01ceb2661475f9481e70""},{""sha"":""f49aee6318831c1c5675fd35f6cb6e96781fab9d"",""author"":{""name"":""kadirozde"",""email"":""8422bfd294b1ad1ae096e4a327bbe01dfb00f937@users.noreply.github.com""},""message"":""PHOENIX-6434 Secondary Indexes on PHOENIX_ROW_TIMESTAMP() (#1194)"",""distinct"":false,""url"":""https://api.github.com/repos/ArkenKiran/phoenix/commits/f49aee6318831c1c5675fd35f6cb6e96781fab9d""},{""sha"":""6b29b1d348c1d9d303d792400b96c6e1208ffa69"",""author"":{""name"":""Richard Antal"",""email"":""b4d78a1730aa03617345719c4a02b7a7724c9900@gmail.com""},""message"":""PHOENIX-6405 Disallow bulk loading into non-empty tables with global secondary indexes\n\nChange-Id: I55e2f6138f69add7ffa028baab6d8ea80681acf0"",""distinct"":false,""url"":""https://api.github.com/repos/ArkenKiran/phoenix/commits/6b29b1d348c1d9d303d792400b96c6e1208ffa69""},{""sha"":""14b34a81cc75ed1cc0ca388e395133caf0725ab5"",""author"":{""name"":""tkhurana"",""email"":""a21233e5702500f68a784926ecc5c23268c6feed@gmail.com""},""message"":""PHOENIX-6476 (ADDENDUM) Index tool when verifying from index to data doesn't correctly split page into tasks (#1274)"",""distinct"":false,""url"":""https://api.github.com/repos/ArkenKiran/phoenix/commits/14b34a81cc75ed1cc0ca388e395133caf0725ab5""},{""sha"":""14abe87b85e6b6cff463402294609ae313560373"",""author"":{""name"":""Baiqiang Zhao"",""email"":""67b8d55112a614eec909ea707e0c3efd8f1c2f4c@gmail.com""},""message"":""PHOENIX-6413 Having cannot resolve alias (#1168)\n\nChange-Id: I37c2e9448ef53e66115f523dc4a71877287d52be"",""distinct"":false,""url"":""https://api.github.com/repos/ArkenKiran/phoenix/commits/14abe87b85e6b6cff463402294609ae313560373""},{""sha"":""6f61ce3bbdb43f0c93cb35776ec71050214c6cf8"",""author"":{""name"":""Richard Antal"",""email"":""b4d78a1730aa03617345719c4a02b7a7724c9900@gmail.com""},""message"":""PHOENIX-6450 Checkstyle creating warnings for line length > 80 but < 100\n\nChange-Id: I24ae68bb3c237e1327b2c93774727f328b11aa50"",""distinct"":false,""url"":""https://api.github.com/repos/ArkenKiran/phoenix/commits/6f61ce3bbdb43f0c93cb35776ec71050214c6cf8""},{""sha"":""5f3ce4f6ae4107715b1e2756b9f8e0772283f860"",""author"":{""name"":""Swaroopa Kadam"",""email"":""4902393a2ecb5928928955c124886c9c12df32fc@gmail.com""},""message"":""PHOENIX-6454: Add feature to SchemaTool to get the DDL in specification mode (#1217)\n\nCo-authored-by: Swaroopa Kadam <s.kadam@apache.org>"",""distinct"":false,""url"":""https://api.github.com/repos/ArkenKiran/phoenix/commits/5f3ce4f6ae4107715b1e2756b9f8e0772283f860""},{""sha"":""d1549a075ae2df4d243a318d505be2a09563226c"",""author"":{""name"":""Swaroopa Kadam"",""email"":""4902393a2ecb5928928955c124886c9c12df32fc@gmail.com""},""message"":""PHOENIX-6454: Add feature to SchemaTool to get the DDL in specification (Addendum) (#1233)"",""distinct"":false,""url"":""https://api.github.com/repos/ArkenKiran/phoenix/commits/d1549a075ae2df4d243a318d505be2a09563226c""},{""sha"":""2605cc233e206678a72e02322a76b4b0bbf180f7"",""author"":{""name"":""Lokesh Khurana"",""email"":""8c2a5531998e93a9c5f2f418be83f095ee2ff2de@gmail.com""},""message"":""PHOENIX-6506 : Tenant Connection is not able to access/validate Global Sequences (#1270) (#1261)\n\nSigned-off-by: Viraj Jasani <vjasani@apache.org>"",""distinct"":false,""url"":""https://api.github.com/repos/ArkenKiran/phoenix/commits/2605cc233e206678a72e02322a76b4b0bbf180f7""},{""sha"":""3a4339e83c5aa28826c8402ef39e61e27c257c6c"",""author"":{""name"":""Gokcen Iskender"",""email"":""2e00d04cf2050dcf908f0532cb3260b7b2e57798@users.noreply.github.com""},""message"":""PHOENIX-6480 Move phoenix-tool and add support with generating default properties (#1245)\n\nChange-Id: Ieb4f1ae11da0913da4e0fb304da7521e521c5e26"",""distinct"":false,""url"":""https://api.github.com/repos/ArkenKiran/phoenix/commits/3a4339e83c5aa28826c8402ef39e61e27c257c6c""},{""sha"":""152c157e1bce85dccface13f95586f7e4f51eb6f"",""author"":{""name"":""Bharath Vissapragada"",""email"":""f23dbca75acdac4082d6a05c290fc03565dada86@apache.org""},""message"":""PHOENIX-5543: Implement SHOW TABLES/SCHEMAS sql commands\n\nThis patch adds new SQL grammar like following\n\n- SHOW SCHEMAS [like '<pattern>']\n- SHOW TABLES [IN <schema>] [like '<pattern']\n\nExample invocations:\n\n- show schemas\n- show scemas like 'SYS%'\n- show tables\n- show tables in SYSTEM\n- show tables in SYSTEM like 'CAT%'\n\nThe current way of fetching this information is by using\n!tables and !schemas via sqlline JDBC support but that is\nnot flexible enough for the end users to add more fitlers.\nThis approach is more inline with what other databases do.\n\nAdded test coverage in parser tests and core e2e tests.\n\nChange-Id: Iafc5cc8122e88501f0a5595ee51ba2dc7556ec4a"",""distinct"":false,""url"":""https://api.github.com/repos/ArkenKiran/phoenix/commits/152c157e1bce85dccface13f95586f7e4f51eb6f""},{""sha"":""968d91dcbeb03e0255a57245f5835d3c0b53375f"",""author"":{""name"":""Richard Antal"",""email"":""b4d78a1730aa03617345719c4a02b7a7724c9900@gmail.com""},""message"":""PHOENIX-6518 Implement SHOW CREATE TABLE SQL command\n\nChange-Id: I2b8f693a94e1b9fee1e54ef09d2a28569de7a669"",""distinct"":false,""url"":""https://api.github.com/repos/ArkenKiran/phoenix/commits/968d91dcbeb03e0255a57245f5835d3c0b53375f""},{""sha"":""59466c7d15c96de35b0577f9b8482fe19f3a90f3"",""author"":{""name"":""Richard Antal"",""email"":""b4d78a1730aa03617345719c4a02b7a7724c9900@gmail.com""},""message"":""PHOENIX-6519 Make SchemaTool work with lower case table and column names\n\nChange-Id: I643ed8c3db1ec7ebd0a68b13412a22ff7249f037"",""distinct"":false,""url"":""https://api.github.com/repos/ArkenKiran/phoenix/commits/59466c7d15c96de35b0577f9b8482fe19f3a90f3""}]",,,,,,,,,,
18164105099,PullRequestEvent,true,2021-09-27 13:00:36.000000 UTC,1924534,ArkenKiran,377796602,ArkenKiran/phoenix,,,,,,,,"""closed""",3,,,,,,,,
18164363283,PullRequestEvent,true,2021-09-27 13:14:19.000000 UTC,1924534,ArkenKiran,377796602,ArkenKiran/phoenix,,,,,,,,"""opened""",4,,,,,,,,
18164947817,PushEvent,true,2021-09-27 13:46:09.000000 UTC,16496863,WuJiayiSH,337248742,WuJiayiSH/cocos2d-x,"""refs/heads/v3-emscripten-embinding""",,,8022875277,1,1,"[{""sha"":""28767cc0bae629632175baf3f50c9216f85528b3"",""author"":{""name"":""WuJiayiSH"",""email"":""81590a360181401bb358f0145b09f51eb7175ad6@msn.com""},""message"":""fixed ui module"",""distinct"":true,""url"":""https://api.github.com/repos/WuJiayiSH/cocos2d-x/commits/28767cc0bae629632175baf3f50c9216f85528b3""}]",,,,,,,,,,
18164668594,PushEvent,true,2021-09-27 13:30:51.000000 UTC,63542705,IlyassElarbaouti,410771754,IlyassElarbaouti/react,"""refs/heads/main""",,,8022743938,1,1,"[{""sha"":""db976b9059383d176ead134f2ecaf1c5697d4fe0"",""author"":{""name"":""Ilyass El Arbaouti"",""email"":""1f51e897f7f537232cee0491efc41e0ac45b1c48@gmail.com""},""message"":""task5"",""distinct"":true,""url"":""https://api.github.com/repos/IlyassElarbaouti/react/commits/db976b9059383d176ead134f2ecaf1c5697d4fe0""}]",,,,,,,,,,
18164238319,PushEvent,true,2021-09-27 13:07:38.000000 UTC,7454015,glemaitre,49886894,glemaitre/scikit-learn,"""refs/heads/is/21134""",,,8022541111,1,1,"[{""sha"":""54ae36cfde1a20dae7b79c50521d1559a3bd9ea2"",""author"":{""name"":""Guillaume Lemaitre"",""email"":""e5e78d384e205244ed69377c80930de68a2732ec@gmail.com""},""message"":""iter"",""distinct"":true,""url"":""https://api.github.com/repos/glemaitre/scikit-learn/commits/54ae36cfde1a20dae7b79c50521d1559a3bd9ea2""}]",,,,,,,,,,
18164966784,PushEvent,true,2021-09-27 13:47:11.000000 UTC,39814207,pull[bot],406072705,suddenlyGiovanni/react,"""refs/heads/main""",,,8022883944,1,1,"[{""sha"":""c9d64e5f4c2b7cc70a618eec78900dbfd6d201e8"",""author"":{""name"":""Behnam Mohammadi"",""email"":""e60bfd15efa0ef0d0b5be4cda8700dbcfca0b68a@live.com""},""message"":""add hasOwnProperty to devTools backend (#22437)"",""distinct"":true,""url"":""https://api.github.com/repos/suddenlyGiovanni/react/commits/c9d64e5f4c2b7cc70a618eec78900dbfd6d201e8""}]",,,,,,,,,,
18164967133,PullRequestEvent,true,2021-09-27 13:47:12.000000 UTC,39814207,pull[bot],406072705,suddenlyGiovanni/react,,,,,,,,"""closed""",15,,,,,,,,
18164628971,PushEvent,true,2021-09-27 13:28:40.000000 UTC,51381674,vinicius-hrq,410883303,vinicius-hrq/terraform,"""refs/heads/main""",,,8022724785,1,1,"[{""sha"":""2e4ec1c35eee51c4fbd085c911f67e66d5c6dcb5"",""author"":{""name"":""vinicius-hrq"",""email"":""2c039208adbfae113fd76b0d03d4944006b16eeb@gmail.com""},""message"":""Adicionando makefile e envexample"",""distinct"":true,""url"":""https://api.github.com/repos/vinicius-hrq/terraform/commits/2e4ec1c35eee51c4fbd085c911f67e66d5c6dcb5""}]",,,,,,,,,,
18164821391,DeleteEvent,true,2021-09-27 13:39:18.000000 UTC,17539174,wangchengming666,395554123,wangchengming666/dubbo,"""opt-Multiple-some-code""","""branch""","""user""",,,,,,,,,,,,,,
18164827136,DeleteEvent,true,2021-09-27 13:39:37.000000 UTC,17539174,wangchengming666,395554123,wangchengming666/dubbo,"""2.7.x-fix-#8506""","""branch""","""user""",,,,,,,,,,,,,,
18164257384,PushEvent,true,2021-09-27 13:08:40.000000 UTC,39814207,pull[bot],157488097,greedisgoood/tensorflow,"""refs/heads/master""",,,8022549942,17,17,"[{""sha"":""e05e0f6068c55056c7be00e7c4e8281cafde59cf"",""author"":{""name"":""A. Unique TensorFlower"",""email"":""746aced590a184ef4169166e753f7c211e32e5fc@tensorflow.org""},""message"":""Go: Update generated wrapper functions for TensorFlow ops.\n\nPiperOrigin-RevId: 399083662\nChange-Id: I7025a7710ac2582f05cdcd4116b654fddc658a53"",""distinct"":true,""url"":""https://api.github.com/repos/greedisgoood/tensorflow/commits/e05e0f6068c55056c7be00e7c4e8281cafde59cf""},{""sha"":""9aecb36fa51c64e07b38e00639bec87a992c3170"",""author"":{""name"":""Jing Dong"",""email"":""d30e2b8d11e514c224487cb7c6b7b0ab8b9fd9fd@google.com""},""message"":""Move tpu_runner out of experimental directory as it is now being deployed in prodution.\n\nWe will move the test files and tpu_fused_kernel directory out of the experimental directory in follow up CLs.\n\nPiperOrigin-RevId: 399087254\nChange-Id: Ifddeb5f7eba9ae87eaf8edcc4a914aa17ebb3e63"",""distinct"":true,""url"":""https://api.github.com/repos/greedisgoood/tensorflow/commits/9aecb36fa51c64e07b38e00639bec87a992c3170""},{""sha"":""d9d2b4498923dde31cce0e7d2f0e0f828a591a98"",""author"":{""name"":""Thai Nguyen"",""email"":""77c7cb715bbfb6a72d1c8dd380160fd6eb2ba9c0@google.com""},""message"":""Refactoring: Move all metric-related code to a common directory\n\nThis makes the file structure cleaner as it collects all metric-related file under \""lite/python/\"" and it makes more sense for \""converter_error_data.proto\"" to stay under a directory named \""metrics\"" than \""metrics_wrapper\"".\n\nBesides, at the moment, if we want to add a new metric-related file, we have to choose between adding it to \""metrics_wrapper\"" (which might not match the purpose of the new file) and \""lite/python/\"" (which is too general and already crowded). Having a \""metrics\"" directory will fill that gap.\n\nPiperOrigin-RevId: 399091254\nChange-Id: I789eca7d8699b2c786b6c4b6e8f2c6daf8f9a369"",""distinct"":true,""url"":""https://api.github.com/repos/greedisgoood/tensorflow/commits/d9d2b4498923dde31cce0e7d2f0e0f828a591a98""},{""sha"":""866bade85dec9a231350201fb147f9381eee55c7"",""author"":{""name"":""Stella Laurenzo"",""email"":""6e272f397544edbefaff5c117839061e3c31e01f@google.com""},""message"":""Remove deprecation on int64 type.\n\nI have half a million lines of log-spew in my CI from this and clearly there has been ~no effort in the codebase to actually stop using it. Please do not deprecate such a critical type until at least its own codebase has substantially migrated off of it.\n\nPiperOrigin-RevId: 399093429\nChange-Id: I807d9e6c79c4c33f4a50f88ba28fe5fda194ddd4"",""distinct"":true,""url"":""https://api.github.com/repos/greedisgoood/tensorflow/commits/866bade85dec9a231350201fb147f9381eee55c7""},{""sha"":""e37a3a8341b1d4a600d82abe5daa8d79ad5f59cd"",""author"":{""name"":""A. Unique TensorFlower"",""email"":""746aced590a184ef4169166e753f7c211e32e5fc@tensorflow.org""},""message"":""Go: Update generated wrapper functions for TensorFlow ops.\n\nPiperOrigin-RevId: 399104960\nChange-Id: I49bb85868f907fcefe5da405f0978242e9337999"",""distinct"":true,""url"":""https://api.github.com/repos/greedisgoood/tensorflow/commits/e37a3a8341b1d4a600d82abe5daa8d79ad5f59cd""},{""sha"":""9ffa4a9d9e3e4d3c0f00ca90e3845cbe0f1dba72"",""author"":{""name"":""A. Unique TensorFlower"",""email"":""746aced590a184ef4169166e753f7c211e32e5fc@tensorflow.org""},""message"":""Go: Update generated wrapper functions for TensorFlow ops.\n\nPiperOrigin-RevId: 399116682\nChange-Id: I536914a8ae8cdc6423ef416ff38a3460dd63fa90"",""distinct"":true,""url"":""https://api.github.com/repos/greedisgoood/tensorflow/commits/9ffa4a9d9e3e4d3c0f00ca90e3845cbe0f1dba72""},{""sha"":""ab6d2f4442e92b058e2e6c7ff40d5094cd9a48cc"",""author"":{""name"":""Christian Sigg"",""email"":""bf0bb771be8a27677291ada19f594af5450440c6@google.com""},""message"":""Remove unused lit_test() macro.\n\nPiperOrigin-RevId: 399133502\nChange-Id: I7c96b95806a5b06d39a4fed1dc0249deb8e07ec7"",""distinct"":true,""url"":""https://api.github.com/repos/greedisgoood/tensorflow/commits/ab6d2f4442e92b058e2e6c7ff40d5094cd9a48cc""},{""sha"":""ebea4a60f0557f7b1c906c81b308a3a738c4d234"",""author"":{""name"":""A. Unique TensorFlower"",""email"":""746aced590a184ef4169166e753f7c211e32e5fc@tensorflow.org""},""message"":""Go: Update generated wrapper functions for TensorFlow ops.\n\nPiperOrigin-RevId: 399133830\nChange-Id: I33fb9d930694179b5acda6695e9c0dd6b61d8329"",""distinct"":true,""url"":""https://api.github.com/repos/greedisgoood/tensorflow/commits/ebea4a60f0557f7b1c906c81b308a3a738c4d234""},{""sha"":""8d174a2dc65dd86d437efd72de27ce1ed3d73470"",""author"":{""name"":""A. Unique TensorFlower"",""email"":""746aced590a184ef4169166e753f7c211e32e5fc@tensorflow.org""},""message"":""Update GraphDef version to 902.\n\nPiperOrigin-RevId: 399136060\nChange-Id: Ic4b0ae4152e9dbcd1ad9f6b240c92c900824a617"",""distinct"":true,""url"":""https://api.github.com/repos/greedisgoood/tensorflow/commits/8d174a2dc65dd86d437efd72de27ce1ed3d73470""},{""sha"":""5c689295afe0b2d9c0928fcb98ba0b0356ede22b"",""author"":{""name"":""A. Unique TensorFlower"",""email"":""746aced590a184ef4169166e753f7c211e32e5fc@tensorflow.org""},""message"":""compat: Update forward compatibility horizon to 2021-09-27\n\nPiperOrigin-RevId: 399136069\nChange-Id: Id07d962b4b0ee0dd5ba2b81aa126d614f4dd54ce"",""distinct"":true,""url"":""https://api.github.com/repos/greedisgoood/tensorflow/commits/5c689295afe0b2d9c0928fcb98ba0b0356ede22b""},{""sha"":""bdc6a138403e8257841e8dff6d6b9322bb65053a"",""author"":{""name"":""Tres Popp"",""email"":""bb390cedfd91dd9be00fd9562bdc5562c5867450@google.com""},""message"":""Peel once on all tiled_loop dimensions\n\nThis CL assumes that the best single rule for loop peeling is to ensure that there is a single loop without any padding needed. All dimensions are peeled once to ensure that this loop exists. Other peeled loops could be peeled again to remove more padding, but the assumption is that in the common case, this will not be worth the IR size/compile time increase.\n\nThis is a temporary rule of thumb until more advanced heuristics can be created with multiple different code generation strategies depending on the input.\n\nPiperOrigin-RevId: 399143335\nChange-Id: Ie20653fc4d900c43b03107211c9cac4a3a89781c"",""distinct"":true,""url"":""https://api.github.com/repos/greedisgoood/tensorflow/commits/bdc6a138403e8257841e8dff6d6b9322bb65053a""},{""sha"":""a7fbbe862ac50b0217b6d705b7d6016feb34107d"",""author"":{""name"":""A. Unique TensorFlower"",""email"":""746aced590a184ef4169166e753f7c211e32e5fc@tensorflow.org""},""message"":""Go: Update generated wrapper functions for TensorFlow ops.\n\nPiperOrigin-RevId: 399151697\nChange-Id: Ic33be09dc10e458c12309e345e5ff5dba4dab352"",""distinct"":true,""url"":""https://api.github.com/repos/greedisgoood/tensorflow/commits/a7fbbe862ac50b0217b6d705b7d6016feb34107d""},{""sha"":""7a9045dca0fb1f089034d7e48639db9f3087b672"",""author"":{""name"":""A. Unique TensorFlower"",""email"":""746aced590a184ef4169166e753f7c211e32e5fc@tensorflow.org""},""message"":""Integrate LLVM at llvm/llvm-project@8cb234e07d46\n\nUpdates LLVM usage to match\n[8cb234e07d46](https://github.com/llvm/llvm-project/commit/8cb234e07d46)\n\nPiperOrigin-RevId: 399154862\nChange-Id: I59b8c6cb5e1e2c6fd9a73eb8639fa8c92cc9f0d3"",""distinct"":true,""url"":""https://api.github.com/repos/greedisgoood/tensorflow/commits/7a9045dca0fb1f089034d7e48639db9f3087b672""},{""sha"":""4d5a1c23b8b5a972172e6cf470d84e8dd85572d7"",""author"":{""name"":""A. Unique TensorFlower"",""email"":""746aced590a184ef4169166e753f7c211e32e5fc@tensorflow.org""},""message"":""Update TFRT dependency to use revision\nhttp://github.com/tensorflow/runtime/commit/b247cb1e58a3c85945847a7520e1795fde556c4e.\n\nPiperOrigin-RevId: 399156647\nChange-Id: I6bc3254abebdd0727f880926f4491a9906e0c0b2"",""distinct"":true,""url"":""https://api.github.com/repos/greedisgoood/tensorflow/commits/4d5a1c23b8b5a972172e6cf470d84e8dd85572d7""},{""sha"":""a163ecfbe2cded83fcf960516754bf78b061e9c0"",""author"":{""name"":""Adrian Kuegel"",""email"":""576389c0b07786a91efdf2778233c297d15750c4@google.com""},""message"":""Enable MLIR generated Sigmoid GPU kernel by default.\n\nPiperOrigin-RevId: 399166253\nChange-Id: If71a566f63108ad5067417e77b2e394287a1f5b8"",""distinct"":true,""url"":""https://api.github.com/repos/greedisgoood/tensorflow/commits/a163ecfbe2cded83fcf960516754bf78b061e9c0""},{""sha"":""75fd1c868956e0aa41efa439dbc04331b7f55e75"",""author"":{""name"":""A. Unique TensorFlower"",""email"":""746aced590a184ef4169166e753f7c211e32e5fc@tensorflow.org""},""message"":""[XLA:TPU] Adding an experimental ApproxTopK op to XLA.\nThis op is only available for the TPU backend.\n\nPiperOrigin-RevId: 399167111\nChange-Id: I034f2d24983b47804ac07f07905e0e463886dd19"",""distinct"":true,""url"":""https://api.github.com/repos/greedisgoood/tensorflow/commits/75fd1c868956e0aa41efa439dbc04331b7f55e75""},{""sha"":""5ce3ff1f6ffa5bb46e516e697130e6e7a61fda64"",""author"":{""name"":""A. Unique TensorFlower"",""email"":""746aced590a184ef4169166e753f7c211e32e5fc@tensorflow.org""},""message"":""Go: Update generated wrapper functions for TensorFlow ops.\n\nPiperOrigin-RevId: 399168366\nChange-Id: Ib5def1f249633d34e3f9cdcfa56a0affd0843f07"",""distinct"":true,""url"":""https://api.github.com/repos/greedisgoood/tensorflow/commits/5ce3ff1f6ffa5bb46e516e697130e6e7a61fda64""}]",,,,,,,,,,
18164257563,PullRequestEvent,true,2021-09-27 13:08:40.000000 UTC,39814207,pull[bot],157488097,greedisgoood/tensorflow,,,,,,,,"""closed""",1016,,,,,,,,
18164206446,WatchEvent,true,2021-09-27 13:05:55.000000 UTC,91401088,Hemusingh1,379034321,helper-uttam/scikit-learn,,,,,,,,"""started""",,,,,,,,,
18164856711,CreateEvent,true,2021-09-27 13:41:13.000000 UTC,19281800,hongshaoyang,311594661,hongshaoyang/scikit-learn,"""20757-agglomerative-clustering""","""branch""","""user""",,,,,,,,,,,,,,
18164770981,PushEvent,true,2021-09-27 13:36:31.000000 UTC,37140466,mariiaStarikova,290851096,mariiaStarikova/terraform,"""refs/heads/master""",,,8022792003,1,1,"[{""sha"":""44113aaf2e7562188870d8f750dc19ea11a9d3eb"",""author"":{""name"":""mariiaStarikova"",""email"":""2a33a94665f07093239b69d49ec206b86660c229@users.noreply.github.com""},""message"":""Create template-aws"",""distinct"":true,""url"":""https://api.github.com/repos/mariiaStarikova/terraform/commits/44113aaf2e7562188870d8f750dc19ea11a9d3eb""}]",,,,,,,,,,
18164817126,PushEvent,true,2021-09-27 13:39:04.000000 UTC,37140466,mariiaStarikova,290851096,mariiaStarikova/terraform,"""refs/heads/master""",,,8022813561,1,1,"[{""sha"":""d92e80ab5808b5c175cb3869304f47c2ea3258a6"",""author"":{""name"":""mariiaStarikova"",""email"":""2a33a94665f07093239b69d49ec206b86660c229@users.noreply.github.com""},""message"":""Create auto-test-tf-template-vsphere.tf"",""distinct"":true,""url"":""https://api.github.com/repos/mariiaStarikova/terraform/commits/d92e80ab5808b5c175cb3869304f47c2ea3258a6""}]",,,,,,,,,,
18164320989,PushEvent,true,2021-09-27 13:12:03.000000 UTC,37140466,mariiaStarikova,290851096,mariiaStarikova/terraform,"""refs/heads/master""",,,8022579473,1,1,"[{""sha"":""579e5696a87d48c3e56e7498120c176dd4a7c187"",""author"":{""name"":""mariiaStarikova"",""email"":""2a33a94665f07093239b69d49ec206b86660c229@users.noreply.github.com""},""message"":""Create m3-autotest-vsphere-terraform"",""distinct"":true,""url"":""https://api.github.com/repos/mariiaStarikova/terraform/commits/579e5696a87d48c3e56e7498120c176dd4a7c187""}]",,,,,,,,,,
18164269177,CreateEvent,true,2021-09-27 13:09:18.000000 UTC,37140466,mariiaStarikova,290851096,mariiaStarikova/terraform,"""master""","""branch""","""user""",,,,,,,,,,,,,,
18164884391,IssueCommentEvent,true,2021-09-27 13:42:43.000000 UTC,41898282,github-actions[bot],15861701,apache/helix,,,,,,,,"""created""",,,,,,,,,
18164884566,IssueCommentEvent,true,2021-09-27 13:42:44.000000 UTC,41898282,github-actions[bot],15861701,apache/helix,,,,,,,,"""created""",,,,,,,,,
18164376982,WatchEvent,true,2021-09-27 13:15:03.000000 UTC,66387661,sniderjustin,10270250,facebook/react,,,,,,,,"""started""",,,,,,,,,
18164343911,WatchEvent,true,2021-09-27 13:13:17.000000 UTC,17717182,RoseLV,10270250,facebook/react,,,,,,,,"""started""",,,,,,,,,
18164417441,WatchEvent,true,2021-09-27 13:17:10.000000 UTC,20359998,gebirgslok,10270250,facebook/react,,,,,,,,"""started""",,,,,,,,,
18164612890,WatchEvent,true,2021-09-27 13:27:46.000000 UTC,30868681,ibrahimhasnat,10270250,facebook/react,,,,,,,,"""started""",,,,,,,,,
18165050449,IssueCommentEvent,true,2021-09-27 13:51:39.000000 UTC,29597,bvaughn,10270250,facebook/react,,,,,,,,"""created""",,,,,,,,,
18165097033,IssueCommentEvent,true,2021-09-27 13:54:09.000000 UTC,15324633,lorentzenchr,843222,scikit-learn/scikit-learn,,,,,,,,"""created""",,,,,,,,,
18164783018,IssueCommentEvent,true,2021-09-27 13:37:11.000000 UTC,2133361,jmloyola,843222,scikit-learn/scikit-learn,,,,,,,,"""created""",,,,,,,,,
18164893775,PullRequestEvent,true,2021-09-27 13:43:14.000000 UTC,19281800,hongshaoyang,843222,scikit-learn/scikit-learn,,,,,,,,"""opened""",21167,,,,,,,,
18165171789,WatchEvent,true,2021-09-27 13:58:09.000000 UTC,13050033,yaaoing,17728164,hashicorp/terraform,,,,,,,,"""started""",,,,,,,,,
18164850495,WatchEvent,true,2021-09-27 13:40:57.000000 UTC,2898731,Liquir-ice,17728164,hashicorp/terraform,,,,,,,,"""started""",,,,,,,,,
18165082262,IssuesEvent,true,2021-09-27 13:53:21.000000 UTC,45892951,mgardi85,17728164,hashicorp/terraform,,,,,,,,"""opened""",,,,,,,,,
18164249396,PullRequestReviewEvent,true,2021-09-27 13:08:14.000000 UTC,304450,machour,3431193,yiisoft/yii2,,,,,,,,"""created""",18899,,,"""approved""","""MEMBER""",,,,
18165186250,PullRequestReviewEvent,true,2021-09-27 13:58:54.000000 UTC,51457421,rverdile,4007018,Katello/katello,,,,,,,,"""created""",9650,,,"""commented""","""MEMBER""",,,,
18164539012,PullRequestReviewCommentEvent,true,2021-09-27 13:23:46.000000 UTC,395077,jlsherrill,4007018,Katello/katello,,,,,,,,"""created""",9650,,,,,,,,
18164538987,PullRequestReviewEvent,true,2021-09-27 13:23:46.000000 UTC,395077,jlsherrill,4007018,Katello/katello,,,,,,,,"""created""",9650,,,"""commented""","""MEMBER""",,,,
18165186300,PullRequestReviewCommentEvent,true,2021-09-27 13:58:53.000000 UTC,51457421,rverdile,4007018,Katello/katello,,,,,,,,"""created""",9650,,,,,,,,
18164413698,WatchEvent,true,2021-09-27 13:16:58.000000 UTC,32792671,ShiqiLi047,5108051,opencv/opencv,,,,,,,,"""started""",,,,,,,,,
18164511851,PushEvent,true,2021-09-27 13:22:19.000000 UTC,5765435,dpad85,192964514,ACINQ/phoenix,"""refs/heads/mainnet""",,,8022669232,454,1,"[{""sha"":""fa364afb86d2da6c921b36996d4a61c68d885d25"",""author"":{""name"":""Salomon BRYS"",""email"":""65beeed63c9aa85d21b40ff135e9e31be71a3310@kodein.net""},""message"":""First commit"",""distinct"":false,""url"":""https://api.github.com/repos/ACINQ/phoenix/commits/fa364afb86d2da6c921b36996d4a61c68d885d25""},{""sha"":""fb2736510d05bf1c8ce087e8e71797c79c3073ae"",""author"":{""name"":""Salomon BRYS"",""email"":""65beeed63c9aa85d21b40ff135e9e31be71a3310@kodein.net""},""message"":""MVI & log view."",""distinct"":false,""url"":""https://api.github.com/repos/ACINQ/phoenix/commits/fb2736510d05bf1c8ce087e8e71797c79c3073ae""},{""sha"":""9f674fa2d0ad7318db7d144ad6ee1dd39a7d240f"",""author"":{""name"":""Salomon BRYS"",""email"":""65beeed63c9aa85d21b40ff135e9e31be71a3310@kodein.net""},""message"":""Renamed app, added images."",""distinct"":false,""url"":""https://api.github.com/repos/ACINQ/phoenix/commits/9f674fa2d0ad7318db7d144ad6ee1dd39a7d240f""},{""sha"":""67d935558f849697eb03c8bc7d39fe1aac71d52c"",""author"":{""name"":""Salomon BRYS"",""email"":""65beeed63c9aa85d21b40ff135e9e31be71a3310@kodein.net""},""message"":""Kotlin 1.4-M3"",""distinct"":false,""url"":""https://api.github.com/repos/ACINQ/phoenix/commits/67d935558f849697eb03c8bc7d39fe1aac71d52c""},{""sha"":""490391749998c388e13de3665cfdec3d6c631be5"",""author"":{""name"":""Salomon BRYS"",""email"":""65beeed63c9aa85d21b40ff135e9e31be71a3310@kodein.net""},""message"":""Socket implementation for the JVM & iOS."",""distinct"":false,""url"":""https://api.github.com/repos/ACINQ/phoenix/commits/490391749998c388e13de3665cfdec3d6c631be5""},{""sha"":""d4cb33dfaa6264109131ea7c99bfe960307c1d7e"",""author"":{""name"":""Salomon BRYS"",""email"":""65beeed63c9aa85d21b40ff135e9e31be71a3310@kodein.net""},""message"":""Android app"",""distinct"":false,""url"":""https://api.github.com/repos/ACINQ/phoenix/commits/d4cb33dfaa6264109131ea7c99bfe960307c1d7e""},{""sha"":""22fc2fd7a1410942a3c9bd86ffd391af4c1362ff"",""author"":{""name"":""Salomon BRYS"",""email"":""65beeed63c9aa85d21b40ff135e9e31be71a3310@kodein.net""},""message"":""Kodein-DI"",""distinct"":false,""url"":""https://api.github.com/repos/ACINQ/phoenix/commits/22fc2fd7a1410942a3c9bd86ffd391af4c1362ff""},{""sha"":""b1eb18a50916bbf0126884dc7280f350ab7f1b50"",""author"":{""name"":""Salomon BRYS"",""email"":""65beeed63c9aa85d21b40ff135e9e31be71a3310@kodein.net""},""message"":""Linux compat"",""distinct"":false,""url"":""https://api.github.com/repos/ACINQ/phoenix/commits/b1eb18a50916bbf0126884dc7280f350ab7f1b50""},{""sha"":""c95b068be48688894120d97071bc2f6b4e9e12d0"",""author"":{""name"":""Salomon BRYS"",""email"":""65beeed63c9aa85d21b40ff135e9e31be71a3310@kodein.net""},""message"":""Skip Android when building for iOS"",""distinct"":false,""url"":""https://api.github.com/repos/ACINQ/phoenix/commits/c95b068be48688894120d97071bc2f6b4e9e12d0""},{""sha"":""2e2097b8f7020516deecb3c9153b8041ff6854ca"",""author"":{""name"":""Salomon BRYS"",""email"":""65beeed63c9aa85d21b40ff135e9e31be71a3310@kodein.net""},""message"":""UTF-8 lines from sockets."",""distinct"":false,""url"":""https://api.github.com/repos/ACINQ/phoenix/commits/2e2097b8f7020516deecb3c9153b8041ff6854ca""},{""sha"":""48cea8d04da8f42204aeecdcf83c577c165a82ea"",""author"":{""name"":""Salomon BRYS"",""email"":""65beeed63c9aa85d21b40ff135e9e31be71a3310@kodein.net""},""message"":""TLS support"",""distinct"":false,""url"":""https://api.github.com/repos/ACINQ/phoenix/commits/48cea8d04da8f42204aeecdcf83c577c165a82ea""},{""sha"":""e55785b03581242562655012a55788688f198ef6"",""author"":{""name"":""Salomon BRYS"",""email"":""65beeed63c9aa85d21b40ff135e9e31be71a3310@kodein.net""},""message"":""IOS full KT socket"",""distinct"":false,""url"":""https://api.github.com/repos/ACINQ/phoenix/commits/e55785b03581242562655012a55788688f198ef6""},{""sha"":""5cd3fabdff1849cea970130372ab50d228562c49"",""author"":{""name"":""Salomon BRYS"",""email"":""65beeed63c9aa85d21b40ff135e9e31be71a3310@kodein.net""},""message"":""Remved sockets that were moved to EKlair"",""distinct"":false,""url"":""https://api.github.com/repos/ACINQ/phoenix/commits/5cd3fabdff1849cea970130372ab50d228562c49""},{""sha"":""c7841597c16590d4904096b85809ef488b327bbe"",""author"":{""name"":""Salomon BRYS"",""email"":""65beeed63c9aa85d21b40ff135e9e31be71a3310@kodein.net""},""message"":""Connection to a localhost Lignting node.\n\n+ Revamped MVI."",""distinct"":false,""url"":""https://api.github.com/repos/ACINQ/phoenix/commits/c7841597c16590d4904096b85809ef488b327bbe""},{""sha"":""67213434a43e751b02b7805ce1f4eb945e13ee3f"",""author"":{""name"":""Salomon BRYS"",""email"":""65beeed63c9aa85d21b40ff135e9e31be71a3310@kodein.net""},""message"":""Connection & reception"",""distinct"":false,""url"":""https://api.github.com/repos/ACINQ/phoenix/commits/67213434a43e751b02b7805ce1f4eb945e13ee3f""},{""sha"":""8e254a0600d065e193a9514f464906fd8c9ac52a"",""author"":{""name"":""Salomon BRYS"",""email"":""65beeed63c9aa85d21b40ff135e9e31be71a3310@kodein.net""},""message"":""Receive full demo"",""distinct"":false,""url"":""https://api.github.com/repos/ACINQ/phoenix/commits/8e254a0600d065e193a9514f464906fd8c9ac52a""},{""sha"":""978c45c9b80d2438f01219ed83527b4f9d310df3"",""author"":{""name"":""Salomon BRYS"",""email"":""65beeed63c9aa85d21b40ff135e9e31be71a3310@kodein.net""},""message"":""With a QRCode !"",""distinct"":false,""url"":""https://api.github.com/repos/ACINQ/phoenix/commits/978c45c9b80d2438f01219ed83527b4f9d310df3""},{""sha"":""72bd8f4f501f36db40f2a9944aa3d1b6457e42e5"",""author"":{""name"":""Salomon BRYS"",""email"":""65beeed63c9aa85d21b40ff135e9e31be71a3310@kodein.net""},""message"":""Kotlin 1.4.0-rc & fix dual channel bug when changing id"",""distinct"":false,""url"":""https://api.github.com/repos/ACINQ/phoenix/commits/72bd8f4f501f36db40f2a9944aa3d1b6457e42e5""},{""sha"":""df6c060c730e48afaabeb54c5c59722021201a02"",""author"":{""name"":""Salomon BRYS"",""email"":""65beeed63c9aa85d21b40ff135e9e31be71a3310@kodein.net""},""message"":""architecture"",""distinct"":false,""url"":""https://api.github.com/repos/ACINQ/phoenix/commits/df6c060c730e48afaabeb54c5c59722021201a02""},{""sha"":""118f8e3b5d81bbbb7aa399adfe0441ca344a41e2"",""author"":{""name"":""Salomon BRYS"",""email"":""65beeed63c9aa85d21b40ff135e9e31be71a3310@kodein.net""},""message"":""Navigation"",""distinct"":false,""url"":""https://api.github.com/repos/ACINQ/phoenix/commits/118f8e3b5d81bbbb7aa399adfe0441ca344a41e2""}]",,,,,,,,,,
18164637313,IssueCommentEvent,true,2021-09-27 13:29:09.000000 UTC,59822926,Saduf2019,45717250,tensorflow/tensorflow,,,,,,,,"""created""",,,,,,,,,
18165181474,IssueCommentEvent,true,2021-09-27 13:58:39.000000 UTC,69719569,omxpro,45717250,tensorflow/tensorflow,,,,,,,,"""created""",,,,,,,,,
18165173631,WatchEvent,true,2021-09-27 13:58:14.000000 UTC,52861273,toniohk,45717250,tensorflow/tensorflow,,,,,,,,"""started""",,,,,,,,,
18164714464,IssueCommentEvent,true,2021-09-27 13:33:24.000000 UTC,69719569,omxpro,45717250,tensorflow/tensorflow,,,,,,,,"""created""",,,,,,,,,
18164330813,PushEvent,true,2021-09-27 13:12:35.000000 UTC,56741989,copybara-service[bot],45717250,tensorflow/tensorflow,"""refs/heads/master""",,,8022582046,1,1,"[{""sha"":""7dc26e5fe5139b77de7886c965d04465a7228dc5"",""author"":{""name"":""A. Unique TensorFlower"",""email"":""746aced590a184ef4169166e753f7c211e32e5fc@tensorflow.org""},""message"":""[MLIR] Move `assuming_all` ops over assuming regions for broadcast propagation\n\nMoving `assuming_all` ops over assuming region unblocks merging assuming\nregions.\n\nPiperOrigin-RevId: 399170560\nChange-Id: I1a791a04cde1fb157ece57c3822e3e1e054ef4a9"",""distinct"":true,""url"":""https://api.github.com/repos/tensorflow/tensorflow/commits/7dc26e5fe5139b77de7886c965d04465a7228dc5""}]",,,,,,,,,,
18164878558,PullRequestReviewCommentEvent,true,2021-09-27 13:42:24.000000 UTC,1804568,thaJeztah,7691631,moby/moby,,,,,,,,"""created""",42835,,,,,,,,
18164124911,IssueCommentEvent,true,2021-09-27 13:01:39.000000 UTC,39514782,sonarcloud[bot],243320903,data-provider/react,,,,,,,,"""created""",,,,,,,,,
18164472753,PushEvent,true,2021-09-27 13:20:12.000000 UTC,29139614,renovate[bot],388715656,caz-templates/react,"""refs/heads/renovate/testing-library-react-12.x""",,,8022650854,2,1,"[{""sha"":""b95e237f1dd647060c07b1c692d48a73de5fa244"",""author"":{""name"":""zce"",""email"":""aff024fe4ab0fece4091de044c58c9ae4233383a@zce.me""},""message"":""chore: update deps"",""distinct"":false,""url"":""https://api.github.com/repos/caz-templates/react/commits/b95e237f1dd647060c07b1c692d48a73de5fa244""},{""sha"":""79877c41e8dd312d4ec55b0f76c4865f79310643"",""author"":{""name"":""Renovate Bot"",""email"":""c71e7261d37a4f6ae4cfb0cbd79081310a237e67@renovateapp.com""},""message"":""fix(deps): update dependency @testing-library/react to v12.1.1"",""distinct"":true,""url"":""https://api.github.com/repos/caz-templates/react/commits/79877c41e8dd312d4ec55b0f76c4865f79310643""}]",,,,,,,,,,
18164797258,PullRequestEvent,true,2021-09-27 13:37:58.000000 UTC,39814207,pull[bot],317794955,jamlee-t/moby,,,,,,,,"""opened""",135,,,,,,,,
18164834649,PushEvent,true,2021-09-27 13:40:01.000000 UTC,39814207,pull[bot],317794955,jamlee-t/moby,"""refs/heads/master""",,,8022821803,5,5,"[{""sha"":""ec9c8545f8408e747f283a33d4552187f6cec13f"",""author"":{""name"":""Sebastiaan van Stijn"",""email"":""64b2b6d12bfe4baae7dad3d018f8cbf6b0e7a044@gone.nl""},""message"":""Makefile: remove passing proxy env-vars\n\nDocker 17.07 and up allow the CLI to be configured to set default proxy\nenv-vars to be used (both as build-arg and as env for docker run), see\ndocker/cli#93, so setting these here should be redundant. If someone\nneeds these env-vars set, they should be configured in the cli's\n`~/.docker/config.json` instead.\n\nSigned-off-by: Sebastiaan van Stijn <github@gone.nl>"",""distinct"":true,""url"":""https://api.github.com/repos/jamlee-t/moby/commits/ec9c8545f8408e747f283a33d4552187f6cec13f""},{""sha"":""b954e4793bd204c847b271545af4f19f145d4e54"",""author"":{""name"":""Sebastiaan van Stijn"",""email"":""64b2b6d12bfe4baae7dad3d018f8cbf6b0e7a044@gone.nl""},""message"":""Dockerfile: move installers into Dockerfile\n\nThis moves installers that are only used during CI into the Dockerfile. Some\ninstallers are still used in the release-pipeline, so keeping thos for now.\n\nSigned-off-by: Sebastiaan van Stijn <github@gone.nl>"",""distinct"":true,""url"":""https://api.github.com/repos/jamlee-t/moby/commits/b954e4793bd204c847b271545af4f19f145d4e54""},{""sha"":""ce715505bd4bf52a6c0f934672e872d70e892f5b"",""author"":{""name"":""Sebastiaan van Stijn"",""email"":""64b2b6d12bfe4baae7dad3d018f8cbf6b0e7a044@gone.nl""},""message"":""Dockerfile: update test-registries to released versions\n\n- using v2.1.0 for the \""v1\"" registry (last release with only v1)\n- using v2.3.0 as \""current\"" version (was v2.3.0-rc.0)\n\nSigned-off-by: Sebastiaan van Stijn <github@gone.nl>"",""distinct"":true,""url"":""https://api.github.com/repos/jamlee-t/moby/commits/ce715505bd4bf52a6c0f934672e872d70e892f5b""},{""sha"":""4145c81d8271eceab65e4600ebdce7d1421b337e"",""author"":{""name"":""Sebastiaan van Stijn"",""email"":""2b34a3e3e055981c6c83bcd4f9afd06751b4ac0e@users.noreply.github.com""},""message"":""Merge pull request #42880 from thaJeztah/makefile_proxy_vars\n\nMakefile: remove passing proxy env-vars"",""distinct"":true,""url"":""https://api.github.com/repos/jamlee-t/moby/commits/4145c81d8271eceab65e4600ebdce7d1421b337e""},{""sha"":""306fa44b7ca59282dc8695e6d169c5b25698d0cb"",""author"":{""name"":""Akihiro Suda"",""email"":""10ddef0dea2a66ab193b07198faa879adcb213d8@hco.ntt.co.jp""},""message"":""Merge pull request #42881 from thaJeztah/dockerfile_rewrite\n\nDockerfile: move installers into Dockerfile, and update registry versions"",""distinct"":true,""url"":""https://api.github.com/repos/jamlee-t/moby/commits/306fa44b7ca59282dc8695e6d169c5b25698d0cb""}]",,,,,,,,,,
18157935046,PushEvent,true,2021-09-27 05:50:50.000000 UTC,277214,justingrant,79166784,justingrant/react,"""refs/heads/patch-2""",,,8019592416,65,65,"[{""sha"":""e73911e715866df69bc6a9ae8b372cccbe8dceb1"",""author"":{""name"":""Ricky"",""email"":""7d12b144c45a90369c62925ec4a27c43a68a93bf@gmail.com""},""message"":""Clean up my \""hard to read\"" code (#22295)"",""distinct"":true,""url"":""https://api.github.com/repos/justingrant/react/commits/e73911e715866df69bc6a9ae8b372cccbe8dceb1""},{""sha"":""86c7ca70a9965c18e504cafc24753c1edbe36749"",""author"":{""name"":""Konstantin Popov"",""email"":""bfed784388afd12ada7d9dcb6fe69168ebe1ad33@gmail.com""},""message"":""Fix link (#22296)\n\nFix link (branch master was renamed to main): \r\n\r\nmaster -> main"",""distinct"":true,""url"":""https://api.github.com/repos/justingrant/react/commits/86c7ca70a9965c18e504cafc24753c1edbe36749""},{""sha"":""33226fadaac7b23634852eee78c4f1c84c5b2bbb"",""author"":{""name"":""Andrew Clark"",""email"":""46f1a0bd5592a2f9244ca321b129902a06b53e03@andrewclark.io""},""message"":""Check for store mutations before commit (#22290)\n\n* [useSyncExternalStore] Remove extra hook object\r\n\r\nBecause we already track `getSnapshot` and `value` on the store\r\ninstance, we don't need to also track them as effect dependencies. And\r\nbecause the effect doesn't require any clean-up, we don't need to track\r\na `destroy` function.\r\n\r\nSo, we don't need to store any additional state for this effect. We can\r\ncall `pushEffect` directly, and only during renders where something\r\nhas changed.\r\n\r\nThis saves some memory, but my main motivation is because I plan to use\r\nthis same logic to schedule a pre-commit consistency check. (See the\r\ninline comments for more details.)\r\n\r\n* Split shouldTimeSlice into two separate functions\r\n\r\nLanes that are blocking (SyncLane, and DefaultLane inside a blocking-\r\nby-default root) are always blocking for a given root. Whereas expired\r\nlanes can expire while the render phase is already in progress.\r\n\r\nI want to check if a lane is blocking without checking whether it\r\nexpired, so I split `shouldTimeSlice` into two separate functions.\r\n\r\nI'll use this in the next step.\r\n\r\n* Check for store mutations before commit\r\n\r\nWhen a store is read for the first time, or when `subscribe` or\r\n`getSnapshot` changes, during a concurrent render, we have to check\r\nat the end of the render phase whether the store was mutated by\r\nan concurrent event.\r\n\r\nIn the userspace shim, we perform this check in a layout effect, and\r\npatch up any inconsistencies by scheduling another render + commit.\r\nHowever, even though we patch them up in the next render, the parent\r\nlayout effects that fire in the original render will still observe an\r\ninconsistent tree.\r\n\r\nIn the native implementation, we can instead check for inconsistencies\r\nright after the root is completed, before entering the commit phase. If\r\nwe do detect a mutaiton, we can discard the tree and re-render before\r\nfiring any effects. The re-render is synchronous to block further\r\nconcurrent mutations (which is also what we do to recover from tearing\r\nbugs that result in an error). After the synchronous re-render, we can\r\nassume the tree the tree is consistent and continue with the normal\r\nalgorithm for finishing a completed root (i.e. either suspend\r\nor commit).\r\n\r\nThe result is that layout effects will always observe a consistent tree."",""distinct"":true,""url"":""https://api.github.com/repos/justingrant/react/commits/33226fadaac7b23634852eee78c4f1c84c5b2bbb""},{""sha"":""fd5e01c2e0dbbeaff954d13fc6bc11bfc65e7dcf"",""author"":{""name"":""Andrew Clark"",""email"":""46f1a0bd5592a2f9244ca321b129902a06b53e03@andrewclark.io""},""message"":""[useSES/extra] Reuse old selection if possible (#22307)\n\nWhen you pass an unmemoized selector to useSyncExternalStoreExtra, we\r\nhave to reevaluate it on every render because we don't know whether\r\nit depends on new props.\r\n\r\nHowever, after reevalutating it, we should still compare the result\r\nto the previous selection with `isEqual` and reuse the old one if it\r\nhasn't changed.\r\n\r\nOriginally I did not implement this, because if the selector changes due\r\nto new props or state, the component is going to have to re-render\r\nanyway. However, it's still useful to return a memoized selection\r\nwhen possible, because it may be the input to a downstream memoization.\r\n\r\nIn the test I wrote, the example I chose is selecting a list of\r\nitems from the store, and passing the list as a prop to a memoized\r\ncomponent. If the list prop is memoized, we can bail out."",""distinct"":true,""url"":""https://api.github.com/repos/justingrant/react/commits/fd5e01c2e0dbbeaff954d13fc6bc11bfc65e7dcf""},{""sha"":""806aaa2e21edf9e1b9317c4bf4157e422b693d14"",""author"":{""name"":""Andrew Clark"",""email"":""46f1a0bd5592a2f9244ca321b129902a06b53e03@andrewclark.io""},""message"":""[useSES shim] Import prefixed native API (#22310)\n\nUntil useSyncExternalStore is finalized, the shim should import the\r\nprefixed version (unstable_useSyncExternalStore), which is available\r\nin the experimental builds. That way our early testers can start\r\nusing it."",""distinct"":true,""url"":""https://api.github.com/repos/justingrant/react/commits/806aaa2e21edf9e1b9317c4bf4157e422b693d14""},{""sha"":""263cfa6ecb9879ecb629d4e04a8c26422b4c4ff9"",""author"":{""name"":""Ricky"",""email"":""7d12b144c45a90369c62925ec4a27c43a68a93bf@gmail.com""},""message"":""[Experimental] Add useInsertionEffect (#21913)"",""distinct"":true,""url"":""https://api.github.com/repos/justingrant/react/commits/263cfa6ecb9879ecb629d4e04a8c26422b4c4ff9""},{""sha"":""50263d3273b6fc983acc5b0fd52e670399b248b1"",""author"":{""name"":""Juan"",""email"":""bfe93a71cb86c31fefdccaf2f35c1c292a434187@fb.com""},""message"":""[DevTools] Add initial APIs for logging instrumentation events under feature flag (#22276)"",""distinct"":true,""url"":""https://api.github.com/repos/justingrant/react/commits/50263d3273b6fc983acc5b0fd52e670399b248b1""},{""sha"":""67222f044c582a1a10f3b9d15d9daf67d5dc5c4f"",""author"":{""name"":""Dan Abramov"",""email"":""ffbbe9cb1097e7ea6a3dedffde5b4fe769829acc@gmail.com""},""message"":""[Experiment] Warn if callback ref returns a function (#22313)"",""distinct"":true,""url"":""https://api.github.com/repos/justingrant/react/commits/67222f044c582a1a10f3b9d15d9daf67d5dc5c4f""},{""sha"":""f4ac680c7a1db67cae2659f531bb5531833f5c2f"",""author"":{""name"":""Brian Vaughn"",""email"":""59942a8ec08225673b377c556396ca24baabd1b2@fb.com""},""message"":""Fixed broken build script --unsafe-partial flag (#22324)\n\nThis flag was broken due to a buggy race case in the ncp() command. The fix is amittedly a hack but improves on the existing behavior (of leaving the workspace in a broken state)."",""distinct"":true,""url"":""https://api.github.com/repos/justingrant/react/commits/f4ac680c7a1db67cae2659f531bb5531833f5c2f""},{""sha"":""e8feb11b62e869804970258fa629922edbfc836b"",""author"":{""name"":""Abhay Gupta"",""email"":""bc8d80c048d04cbf2cff08eea030b702af587191@users.noreply.github.com""},""message"":""Fixed issue for better bundles,chunks and workers name in devtools-extensions. (#22322)"",""distinct"":true,""url"":""https://api.github.com/repos/justingrant/react/commits/e8feb11b62e869804970258fa629922edbfc836b""},{""sha"":""a8cabb5648a14ef55cb96d679a526e3f731e9611"",""author"":{""name"":""Juan"",""email"":""bfe93a71cb86c31fefdccaf2f35c1c292a434187@fb.com""},""message"":""[DevTools] Fix runtime error when inspecting an element times out (#22329)"",""distinct"":true,""url"":""https://api.github.com/repos/justingrant/react/commits/a8cabb5648a14ef55cb96d679a526e3f731e9611""},{""sha"":""a7da457e6bdf474c0abc820c359f094475819cfd"",""author"":{""name"":""Ikko Ashimine"",""email"":""d41f8067726d843438db002d5555099b4901d7c1@gmail.com""},""message"":""Scheduling profiler: Fix typo in View.js (#22337)"",""distinct"":true,""url"":""https://api.github.com/repos/justingrant/react/commits/a7da457e6bdf474c0abc820c359f094475819cfd""},{""sha"":""b0803f255ba639aae5a6bd66d1234d12eb18d972"",""author"":{""name"":""BIKI DAS"",""email"":""b1fdc85c193abf9a74e3363fbbbbc1715314f5e4@gmail.com""},""message"":""VerticalScrollView -> fixed  typos (#22341)"",""distinct"":true,""url"":""https://api.github.com/repos/justingrant/react/commits/b0803f255ba639aae5a6bd66d1234d12eb18d972""},{""sha"":""f2fd1b80d5501a0bce00641f383d18cbd24e3d32"",""author"":{""name"":""Brian Vaughn"",""email"":""59942a8ec08225673b377c556396ca24baabd1b2@fb.com""},""message"":""Updated the utfDecodeString() method to avoid call stack exceeded error (#22330)"",""distinct"":true,""url"":""https://api.github.com/repos/justingrant/react/commits/f2fd1b80d5501a0bce00641f383d18cbd24e3d32""},{""sha"":""1090ccd019fda0d039e2ded0089465c05a0a5dcd"",""author"":{""name"":""Juan"",""email"":""bfe93a71cb86c31fefdccaf2f35c1c292a434187@fb.com""},""message"":""[DevTools] Enable hook names in standalone app (#22320)"",""distinct"":true,""url"":""https://api.github.com/repos/justingrant/react/commits/1090ccd019fda0d039e2ded0089465c05a0a5dcd""},{""sha"":""bc9bb87c2b01bff8a15e02c8416addf6177e9055"",""author"":{""name"":""Brian Vaughn"",""email"":""59942a8ec08225673b377c556396ca24baabd1b2@fb.com""},""message"":""Clear performance marks after measuring (#22345)"",""distinct"":true,""url"":""https://api.github.com/repos/justingrant/react/commits/bc9bb87c2b01bff8a15e02c8416addf6177e9055""},{""sha"":""f50ff357cf45d5cbda8d5a99c247e33b0477e936"",""author"":{""name"":""Brian Vaughn"",""email"":""59942a8ec08225673b377c556396ca24baabd1b2@fb.com""},""message"":""DevTools: Fix memory leak via alternate Fiber pointer (#22346)"",""distinct"":true,""url"":""https://api.github.com/repos/justingrant/react/commits/f50ff357cf45d5cbda8d5a99c247e33b0477e936""},{""sha"":""8209de269531767b33d8db26eda41db38bfb6a27"",""author"":{""name"":""Andrew Clark"",""email"":""46f1a0bd5592a2f9244ca321b129902a06b53e03@andrewclark.io""},""message"":""Delete useMutableSource implementation (#22292)\n\nThis API was replaced by useSyncExternalStore"",""distinct"":true,""url"":""https://api.github.com/repos/justingrant/react/commits/8209de269531767b33d8db26eda41db38bfb6a27""},{""sha"":""293059e52b57f9debdb01a235e29c678cadfc476"",""author"":{""name"":""Andrew Clark"",""email"":""46f1a0bd5592a2f9244ca321b129902a06b53e03@andrewclark.io""},""message"":""replace-fork should not clear uncommitted changes (#22348)\n\nThe replace-fork script depends on ESLint to fix the reconciler imports\r\n— `.old` -> `.new` or vice versa. If ESLint crashes, it can leave the\r\nimports in an incorrect state.\r\n\r\nAs a convenience, @bvaughn updated the script to automatically run\r\n`git checkout -- .` if the ESLint command fails. An unintended\r\nconsequence of the strategy is that if the working directory is not\r\nclean, then any uncommitted changes will be lost.\r\n\r\nWe need a better strategy for this that prevents the accidental loss of\r\nwork. One option is to exit early if the working directory is not clean\r\nbefore you run the script, though that affects the usability of\r\nthe script.\r\n\r\nAn ideal solution would reset the working directory back to whatever\r\nstate it was in before the script ran, perhaps by stashing all the\r\nchanges and restoring them if the script aborts.\r\n\r\nUntil we think of something better, I've commmented out the branch."",""distinct"":true,""url"":""https://api.github.com/repos/justingrant/react/commits/293059e52b57f9debdb01a235e29c678cadfc476""},{""sha"":""57e4d6872fe5786220d23aa4781ff33af65ffeaa"",""author"":{""name"":""Brian Vaughn"",""email"":""59942a8ec08225673b377c556396ca24baabd1b2@fb.com""},""message"":""replace-fork: Cleanup after failure if no unstaged changes (#22364)"",""distinct"":true,""url"":""https://api.github.com/repos/justingrant/react/commits/57e4d6872fe5786220d23aa4781ff33af65ffeaa""}]",,,,,,,,,,
18158002210,PushEvent,true,2021-09-27 05:58:45.000000 UTC,417268,pksjce,121814210,primer/react,"""refs/heads/issue/1433""",,,8019624948,5,2,"[{""sha"":""52cadab4f9dacb8c76ffd36f49f46ae83d4884b9"",""author"":{""name"":""dependabot[bot]"",""email"":""1c358da00a777d4e9898c1280ab801e2df165188@users.noreply.github.com""},""message"":""chore(deps-dev): bump concurrently from 6.2.0 to 6.2.1 (#1460)\n\nBumps [concurrently](https://github.com/open-cli-tools/concurrently) from 6.2.0 to 6.2.1.\r\n- [Release notes](https://github.com/open-cli-tools/concurrently/releases)\r\n- [Commits](https://github.com/open-cli-tools/concurrently/compare/v6.2.0...v6.2.1)\r\n\r\n---\r\nupdated-dependencies:\r\n- dependency-name: concurrently\r\n  dependency-type: direct:development\r\n  update-type: version-update:semver-patch\r\n...\r\n\r\nSigned-off-by: dependabot[bot] <support@github.com>\r\n\r\nCo-authored-by: dependabot[bot] <49699333+dependabot[bot]@users.noreply.github.com>"",""distinct"":false,""url"":""https://api.github.com/repos/primer/react/commits/52cadab4f9dacb8c76ffd36f49f46ae83d4884b9""},{""sha"":""7c23dbc2fb2095b5f3b1b655cc655ca49cd70dd5"",""author"":{""name"":""Siddharth Kshetrapal"",""email"":""575a630293a391edbabdb2a7a1a5619add5f3bb5@github.com""},""message"":""Add script to publish storybook in docs (#1458)\n\n* add script to publish storybook in docs\r\n\r\n* production is prefixed with /react\r\n\r\n* Call it build storybook\r\n\r\nCo-authored-by: Cole Bemis <colebemis@github.com>\r\n\r\n* Rename deploy-storybook to build-storybook\r\n\r\n* i'm a genius innit\r\n\r\nwas calling the wrong script\r\n\r\nCo-authored-by: Cole Bemis <colebemis@github.com>"",""distinct"":false,""url"":""https://api.github.com/repos/primer/react/commits/7c23dbc2fb2095b5f3b1b655cc655ca49cd70dd5""},{""sha"":""503af2d7da9e2e40146d2d03b7dfeb2bbb608b9c"",""author"":{""name"":""dependabot[bot]"",""email"":""1c358da00a777d4e9898c1280ab801e2df165188@users.noreply.github.com""},""message"":""chore(deps-dev): bump @typescript-eslint/eslint-plugin (#1461)\n\nBumps [@typescript-eslint/eslint-plugin](https://github.com/typescript-eslint/typescript-eslint/tree/HEAD/packages/eslint-plugin) from 4.26.1 to 4.31.2.\r\n- [Release notes](https://github.com/typescript-eslint/typescript-eslint/releases)\r\n- [Changelog](https://github.com/typescript-eslint/typescript-eslint/blob/master/packages/eslint-plugin/CHANGELOG.md)\r\n- [Commits](https://github.com/typescript-eslint/typescript-eslint/commits/v4.31.2/packages/eslint-plugin)\r\n\r\n---\r\nupdated-dependencies:\r\n- dependency-name: \""@typescript-eslint/eslint-plugin\""\r\n  dependency-type: direct:development\r\n  update-type: version-update:semver-minor\r\n...\r\n\r\nSigned-off-by: dependabot[bot] <support@github.com>\r\n\r\nCo-authored-by: dependabot[bot] <49699333+dependabot[bot]@users.noreply.github.com>"",""distinct"":false,""url"":""https://api.github.com/repos/primer/react/commits/503af2d7da9e2e40146d2d03b7dfeb2bbb608b9c""},{""sha"":""4d5d109eb3ebdaaf4bd20eb8f2a2ee47b578196b"",""author"":{""name"":""Pavithra Kodmad"",""email"":""55765d9d19717cbda7e647c42636b8c698ddeef3@gmail.com""},""message"":""Simple select button for colorschemes and themeswitcher component"",""distinct"":true,""url"":""https://api.github.com/repos/primer/react/commits/4d5d109eb3ebdaaf4bd20eb8f2a2ee47b578196b""},{""sha"":""6c3aa37ad46e4fb2fbcb1b80b1cd7498dee5f892"",""author"":{""name"":""Pavithra Kodmad"",""email"":""55765d9d19717cbda7e647c42636b8c698ddeef3@gmail.com""},""message"":""Pass lint checks"",""distinct"":true,""url"":""https://api.github.com/repos/primer/react/commits/6c3aa37ad46e4fb2fbcb1b80b1cd7498dee5f892""}]",,,,,,,,,,
18157972549,PushEvent,true,2021-09-27 05:55:15.000000 UTC,417268,pksjce,121814210,primer/react,"""refs/heads/issue/1433""",,,8019610592,1,1,"[{""sha"":""cb638373213a452eecdf3f19e9662ac18377ee29"",""author"":{""name"":""Pavithra Kodmad"",""email"":""55765d9d19717cbda7e647c42636b8c698ddeef3@gmail.com""},""message"":""Pass lint checks"",""distinct"":true,""url"":""https://api.github.com/repos/primer/react/commits/cb638373213a452eecdf3f19e9662ac18377ee29""}]",,,,,,,,,,
18157952427,PushEvent,true,2021-09-27 05:52:53.000000 UTC,450800,sthagen,242227472,sthagen/tensorflow,"""refs/heads/master""",,,8019600885,27,27,"[{""sha"":""5b708766f342d3affe1a64a7cc8950d8807f726e"",""author"":{""name"":""A. Unique TensorFlower"",""email"":""746aced590a184ef4169166e753f7c211e32e5fc@tensorflow.org""},""message"":""//google/protobuf:wrappers_cc_proto appears to break kokoro tests when used\nin the third_party/tensorflow directory. Refactor SW to remove this dependency\nfrom //third_party/tensorflow/core/tpu/BUILD.\n\nPiperOrigin-RevId: 398884585\nChange-Id: If16387bb50bac6855bd30b61680245cab55c95fd"",""distinct"":true,""url"":""https://api.github.com/repos/sthagen/tensorflow/commits/5b708766f342d3affe1a64a7cc8950d8807f726e""},{""sha"":""1a3845f79d97962a797f568d2b2c54388a4a9b77"",""author"":{""name"":""Christian Sigg"",""email"":""bf0bb771be8a27677291ada19f594af5450440c6@google.com""},""message"":""Split TFRT GPU pass/pattern implementations in two files.\n\nPiperOrigin-RevId: 398888997\nChange-Id: Id5eedf5c67c04c55265e2db684328e762cf0e92f"",""distinct"":true,""url"":""https://api.github.com/repos/sthagen/tensorflow/commits/1a3845f79d97962a797f568d2b2c54388a4a9b77""},{""sha"":""095f12f59f7d6c372764ffbfbb852b1c742ef6f1"",""author"":{""name"":""A. Unique TensorFlower"",""email"":""746aced590a184ef4169166e753f7c211e32e5fc@tensorflow.org""},""message"":""Update TFRT dependency to use revision\nhttp://github.com/tensorflow/runtime/commit/ff42670bfa8441b337a4984bd6b3ad6b357ecaad.\n\nPiperOrigin-RevId: 398890015\nChange-Id: Id30c4b3555f15290e9ab3a8666a0b05cd52ba0c7"",""distinct"":true,""url"":""https://api.github.com/repos/sthagen/tensorflow/commits/095f12f59f7d6c372764ffbfbb852b1c742ef6f1""},{""sha"":""d21fcb7521ca599c8ef791c0ba560ce7cb8c3d43"",""author"":{""name"":""Christian Sigg"",""email"":""bf0bb771be8a27677291ada19f594af5450440c6@google.com""},""message"":""Remove designated initializers, they are a C++20 feature.\n\nPiperOrigin-RevId: 398891477\nChange-Id: I9c4d8c844875c0e72bb84665c0c8f2d0584c6c50"",""distinct"":true,""url"":""https://api.github.com/repos/sthagen/tensorflow/commits/d21fcb7521ca599c8ef791c0ba560ce7cb8c3d43""},{""sha"":""5e04d9610d4665437d97a956549d71f5c2059f80"",""author"":{""name"":""A. Unique TensorFlower"",""email"":""746aced590a184ef4169166e753f7c211e32e5fc@tensorflow.org""},""message"":""Update TFRT dependency to use revision\nhttp://github.com/tensorflow/runtime/commit/8d3c2c75e02d3333df81807ff8f6c64f55353766.\n\nPiperOrigin-RevId: 398892257\nChange-Id: I869e41d675ce8e0fda5810328fa2001a13f4ddf8"",""distinct"":true,""url"":""https://api.github.com/repos/sthagen/tensorflow/commits/5e04d9610d4665437d97a956549d71f5c2059f80""},{""sha"":""115d3e678eda55314a2b72a36f69e35624966bb0"",""author"":{""name"":""A. Unique TensorFlower"",""email"":""746aced590a184ef4169166e753f7c211e32e5fc@tensorflow.org""},""message"":""compat: Update forward compatibility horizon to 2021-09-25\n\nPiperOrigin-RevId: 398895590\nChange-Id: I689dbb05b7a9166ec8f4be5eb35993a83a820301"",""distinct"":true,""url"":""https://api.github.com/repos/sthagen/tensorflow/commits/115d3e678eda55314a2b72a36f69e35624966bb0""},{""sha"":""d73c891f70abae35e1f431d4609e8f600be2773a"",""author"":{""name"":""A. Unique TensorFlower"",""email"":""746aced590a184ef4169166e753f7c211e32e5fc@tensorflow.org""},""message"":""Update GraphDef version to 900.\n\nPiperOrigin-RevId: 398895601\nChange-Id: Iec45383aef69189b1c425601d77afa518ba7dce2"",""distinct"":true,""url"":""https://api.github.com/repos/sthagen/tensorflow/commits/d73c891f70abae35e1f431d4609e8f600be2773a""},{""sha"":""a1c67c43ea73a314debec81ed230feba2b830fd4"",""author"":{""name"":""Max Moroz"",""email"":""20457af69e2f01d550e28d2b9e9c9fc25d8da6b8@google.com""},""message"":""Set a very high default for steps per run.\n\nIn many cases, users do not (know to) call _set_steps_per_run(), and therefore leave it at the default value. This results in unexpectedly skipped checkpoints. The high default value prevents this from happening at a cost of performance overhead.\n\nIf the user does call _set_steps_per_run(), this CL is no op.\n\nAlso: remove a workaround that is no longer necessary.\nPiperOrigin-RevId: 398913701\nChange-Id: I06ed123e7e8bdc16b748340e39ab25645968fd08"",""distinct"":true,""url"":""https://api.github.com/repos/sthagen/tensorflow/commits/a1c67c43ea73a314debec81ed230feba2b830fd4""},{""sha"":""886b00271666f1d0696da0dc7f29e8e7a30a394d"",""author"":{""name"":""A. Unique TensorFlower"",""email"":""746aced590a184ef4169166e753f7c211e32e5fc@tensorflow.org""},""message"":""Go: Update generated wrapper functions for TensorFlow ops.\n\nPiperOrigin-RevId: 398914971\nChange-Id: I489755c3aea146fe2f077f49baebc119f6995c8d"",""distinct"":true,""url"":""https://api.github.com/repos/sthagen/tensorflow/commits/886b00271666f1d0696da0dc7f29e8e7a30a394d""},{""sha"":""8c83efc2be19f8fb9dd1518c7c42abcb975c9353"",""author"":{""name"":""A. Unique TensorFlower"",""email"":""746aced590a184ef4169166e753f7c211e32e5fc@tensorflow.org""},""message"":""Go: Update generated wrapper functions for TensorFlow ops.\n\nPiperOrigin-RevId: 398923676\nChange-Id: I776296539254e767f7ac681117227eb01a8119a4"",""distinct"":true,""url"":""https://api.github.com/repos/sthagen/tensorflow/commits/8c83efc2be19f8fb9dd1518c7c42abcb975c9353""},{""sha"":""6a41d5b2c95469e9c9b722948216fa3395287d5d"",""author"":{""name"":""A. Unique TensorFlower"",""email"":""746aced590a184ef4169166e753f7c211e32e5fc@tensorflow.org""},""message"":""[XLA:SPMD] Only pass through operand sharding for concat when aggressiveness == 0 only if it follows the pattern of repeated layer's params.\n\nPiperOrigin-RevId: 398937191\nChange-Id: I4cf913d3aaffa3705baf7ebb6e6cc0483ea0c851"",""distinct"":true,""url"":""https://api.github.com/repos/sthagen/tensorflow/commits/6a41d5b2c95469e9c9b722948216fa3395287d5d""},{""sha"":""af23f534d152a17f08f459988d211ec01ef2f461"",""author"":{""name"":""A. Unique TensorFlower"",""email"":""746aced590a184ef4169166e753f7c211e32e5fc@tensorflow.org""},""message"":""Go: Update generated wrapper functions for TensorFlow ops.\n\nPiperOrigin-RevId: 398952407\nChange-Id: I823d877af7cd05ba91a71387875ce156d0179f2e"",""distinct"":true,""url"":""https://api.github.com/repos/sthagen/tensorflow/commits/af23f534d152a17f08f459988d211ec01ef2f461""},{""sha"":""fbe0f4cc644284d03058629f6d821b28792ba8f1"",""author"":{""name"":""A. Unique TensorFlower"",""email"":""746aced590a184ef4169166e753f7c211e32e5fc@tensorflow.org""},""message"":""Go: Update generated wrapper functions for TensorFlow ops.\n\nPiperOrigin-RevId: 398961234\nChange-Id: Iab85cf2e863511acbc90f3a199891ad770f10cbc"",""distinct"":true,""url"":""https://api.github.com/repos/sthagen/tensorflow/commits/fbe0f4cc644284d03058629f6d821b28792ba8f1""},{""sha"":""9f20526122e4fc84f74b224db0a4c7101d9421dd"",""author"":{""name"":""A. Unique TensorFlower"",""email"":""746aced590a184ef4169166e753f7c211e32e5fc@tensorflow.org""},""message"":""Go: Update generated wrapper functions for TensorFlow ops.\n\nPiperOrigin-RevId: 398970202\nChange-Id: I1482ad70dc9deeebdd29ad8577be15ec0ecbf399"",""distinct"":true,""url"":""https://api.github.com/repos/sthagen/tensorflow/commits/9f20526122e4fc84f74b224db0a4c7101d9421dd""},{""sha"":""9f46ec76df5754fb9f6103bbf82bc8a5038f71dc"",""author"":{""name"":""A. Unique TensorFlower"",""email"":""746aced590a184ef4169166e753f7c211e32e5fc@tensorflow.org""},""message"":""Go: Update generated wrapper functions for TensorFlow ops.\n\nPiperOrigin-RevId: 398988524\nChange-Id: Ie0bc89d0593129eac4ebac6de6633100650c9ca1"",""distinct"":true,""url"":""https://api.github.com/repos/sthagen/tensorflow/commits/9f46ec76df5754fb9f6103bbf82bc8a5038f71dc""},{""sha"":""4516c9dd4b2a47d14c0d2aa1516ca0fbd79aecec"",""author"":{""name"":""A. Unique TensorFlower"",""email"":""746aced590a184ef4169166e753f7c211e32e5fc@tensorflow.org""},""message"":""compat: Update forward compatibility horizon to 2021-09-26\n\nPiperOrigin-RevId: 399008805\nChange-Id: Ieee4bfa9d3afd046df47eb5972136592ae3e7a20"",""distinct"":true,""url"":""https://api.github.com/repos/sthagen/tensorflow/commits/4516c9dd4b2a47d14c0d2aa1516ca0fbd79aecec""},{""sha"":""67535121544bf0f702df3b2fd97ee130cff9fe5f"",""author"":{""name"":""A. Unique TensorFlower"",""email"":""746aced590a184ef4169166e753f7c211e32e5fc@tensorflow.org""},""message"":""Update GraphDef version to 901.\n\nPiperOrigin-RevId: 399008806\nChange-Id: I1d91cb1a207f040a1841037dc6c1ff6eba9d6c6b"",""distinct"":true,""url"":""https://api.github.com/repos/sthagen/tensorflow/commits/67535121544bf0f702df3b2fd97ee130cff9fe5f""},{""sha"":""2d165079cf95b9945619d6b294681d605ad3e2fe"",""author"":{""name"":""A. Unique TensorFlower"",""email"":""746aced590a184ef4169166e753f7c211e32e5fc@tensorflow.org""},""message"":""Go: Update generated wrapper functions for TensorFlow ops.\n\nPiperOrigin-RevId: 399017587\nChange-Id: I0e3c064d79a0554ef5ade59a1f83b9f41e16ac5a"",""distinct"":true,""url"":""https://api.github.com/repos/sthagen/tensorflow/commits/2d165079cf95b9945619d6b294681d605ad3e2fe""},{""sha"":""37cacc485defb9855c4983326cbed48da684b8e5"",""author"":{""name"":""Blake Hechtman"",""email"":""b7e6ede6c0dce642aea514111977e2ba2248ed91@google.com""},""message"":""[XLA] Correctly handle the types of zeros in dot and convolution since they natively support mixed precision.\n\nPiperOrigin-RevId: 399032916\nChange-Id: Id55552d05f4fe6f14f9be7628d1c9d86e03fa646"",""distinct"":true,""url"":""https://api.github.com/repos/sthagen/tensorflow/commits/37cacc485defb9855c4983326cbed48da684b8e5""},{""sha"":""be2e72640722086b8382054a5ad438ee997fbc5d"",""author"":{""name"":""A. Unique TensorFlower"",""email"":""746aced590a184ef4169166e753f7c211e32e5fc@tensorflow.org""},""message"":""Go: Update generated wrapper functions for TensorFlow ops.\n\nPiperOrigin-RevId: 399054855\nChange-Id: Ic2149ac84967db0c9ae2f044c0ccb8888366f2d2"",""distinct"":true,""url"":""https://api.github.com/repos/sthagen/tensorflow/commits/be2e72640722086b8382054a5ad438ee997fbc5d""}]",,,,,,,,,,
18157593762,PullRequestEvent,true,2021-09-27 05:10:00.000000 UTC,1381701,lkishalmi,102083576,apache/netbeans,,,,,,,,"""opened""",3195,,,,,,,,
18157539881,CreateEvent,true,2021-09-27 05:04:13.000000 UTC,1381701,lkishalmi,103425378,lkishalmi/netbeans,"""NETBEANS-6055""","""branch""","""user""",,,,,,,,,,,,,,
18157578132,IssueCommentEvent,true,2021-09-27 05:08:14.000000 UTC,3962405,AraibKarim,45717250,tensorflow/tensorflow,,,,,,,,"""created""",,,,,,,,,
18157570270,PullRequestReviewEvent,true,2021-09-27 05:07:24.000000 UTC,6346853,jzhoulon,45717250,tensorflow/tensorflow,,,,,,,,"""created""",51647,,,"""commented""","""CONTRIBUTOR""",,,,
18157570276,PullRequestReviewCommentEvent,true,2021-09-27 05:07:23.000000 UTC,6346853,jzhoulon,45717250,tensorflow/tensorflow,,,,,,,,"""created""",51647,,,,,,,,
18157526676,PullRequestEvent,true,2021-09-27 05:02:49.000000 UTC,7789691,rjagdale,409154250,rjagdale/terraform,,,,,,,,"""closed""",4,,,,,,,,
18157526771,PushEvent,true,2021-09-27 05:02:50.000000 UTC,7789691,rjagdale,409154250,rjagdale/terraform,"""refs/heads/main""",,,8019396881,2,1,"[{""sha"":""0592cfe91619dfc7c48364b181053fddb7ecd7c6"",""author"":{""name"":""rjagdale"",""email"":""76e17ed0aa369610e5340456ce9b460101e0e46b@gmail.com""},""message"":""Update README.md"",""distinct"":false,""url"":""https://api.github.com/repos/rjagdale/terraform/commits/0592cfe91619dfc7c48364b181053fddb7ecd7c6""},{""sha"":""121afad6711c726fd43fb3e538a89c87459cd4b4"",""author"":{""name"":""rjagdale"",""email"":""76e17ed0aa369610e5340456ce9b460101e0e46b@gmail.com""},""message"":""Merge pull request #4 from rjagdale/terraform_27sep\n\nUpdate to README.md file"",""distinct"":true,""url"":""https://api.github.com/repos/rjagdale/terraform/commits/121afad6711c726fd43fb3e538a89c87459cd4b4""}]",,,,,,,,,,
18157523704,PullRequestEvent,true,2021-09-27 05:02:29.000000 UTC,7789691,rjagdale,409154250,rjagdale/terraform,,,,,,,,"""opened""",4,,,,,,,,
18157519919,CreateEvent,true,2021-09-27 05:02:06.000000 UTC,7789691,rjagdale,409154250,rjagdale/terraform,"""terraform_27sep""","""branch""","""user""",,,,,,,,,,,,,,
18157971316,PullRequestReviewEvent,true,2021-09-27 05:55:07.000000 UTC,9248427,AkihiroSuda,7691631,moby/moby,,,,,,,,"""created""",42880,,,"""approved""","""MEMBER""",,,,
18157894158,IssueCommentEvent,true,2021-09-27 05:46:00.000000 UTC,9248427,AkihiroSuda,7691631,moby/moby,,,,,,,,"""created""",,,,,,,,,
18157964843,PullRequestReviewEvent,true,2021-09-27 05:54:22.000000 UTC,9248427,AkihiroSuda,7691631,moby/moby,,,,,,,,"""created""",42878,,,"""approved""","""MEMBER""",,,,
18157918507,WatchEvent,true,2021-09-27 05:48:52.000000 UTC,9440756,vv13,121814210,primer/react,,,,,,,,"""started""",,,,,,,,,
18157835103,PushEvent,true,2021-09-27 05:38:50.000000 UTC,11625623,mitsuru-komaita,407376786,mitsuru-komaita/terraform,"""refs/heads/main""",,,8019543491,2,1,"[{""sha"":""9f2b37a18be03fd18c1b3d0da22deafa2d0721b7"",""author"":{""name"":""mitsuru-komaita"",""email"":""2c6526fea5469bed007b0917349d7da5953f3a4d@gree.net""},""message"":""World -> world"",""distinct"":false,""url"":""https://api.github.com/repos/mitsuru-komaita/terraform/commits/9f2b37a18be03fd18c1b3d0da22deafa2d0721b7""},{""sha"":""62cabf0018064c0c224b55d12377f4bb395bcfba"",""author"":{""name"":""mitsuru-komaita"",""email"":""3cc93f4b0b172b44e2e541e5d3afa733bc0ffe41@users.noreply.github.com""},""message"":""Merge pull request #2 from mitsuru-komaita/test\n\nWorld -> world"",""distinct"":true,""url"":""https://api.github.com/repos/mitsuru-komaita/terraform/commits/62cabf0018064c0c224b55d12377f4bb395bcfba""}]",,,,,,,,,,
18157835035,PullRequestEvent,true,2021-09-27 05:38:49.000000 UTC,11625623,mitsuru-komaita,407376786,mitsuru-komaita/terraform,,,,,,,,"""closed""",2,,,,,,,,
18157908059,PushEvent,true,2021-09-27 05:47:38.000000 UTC,16033313,linjiajian999,147487458,linjiajian999/react,"""refs/heads/master""",,,8019578936,165,165,"[{""sha"":""24f1923b1b55f142c39364c88a57b2a1b90d3972"",""author"":{""name"":""ᴜɴвʏтᴇ"",""email"":""042dc4512fa3d391c5170cf3aa61e6a638f84342@shangyes.net""},""message"":""fix: open two same tabs on firefox (#19632)\n\nclose #19629"",""distinct"":true,""url"":""https://api.github.com/repos/linjiajian999/react/commits/24f1923b1b55f142c39364c88a57b2a1b90d3972""},{""sha"":""23595ff593b2e53ddfec2a08e848704d15d84b51"",""author"":{""name"":""Brian Vaughn"",""email"":""59942a8ec08225673b377c556396ca24baabd1b2@fb.com""},""message"":""Add missing param to safelyCallDestroy() (#19638)"",""distinct"":true,""url"":""https://api.github.com/repos/linjiajian999/react/commits/23595ff593b2e53ddfec2a08e848704d15d84b51""},{""sha"":""c45a195429b238587357f71a0e487dd80ed7c59f"",""author"":{""name"":""Sam Marks"",""email"":""f16bed56189e249fe4ca8ed10a1ecae60e8ceac0@sammarks.me""},""message"":""fix: property list values should show whitespace (#19640)"",""distinct"":true,""url"":""https://api.github.com/repos/linjiajian999/react/commits/c45a195429b238587357f71a0e487dd80ed7c59f""},{""sha"":""32ca31306006d54d4887549b10608dc691cab055"",""author"":{""name"":""Toru Kobayashi"",""email"":""411531d9265de69abb99eda19baab99e84bb4678@gmail.com""},""message"":""refactor: remove unnecessary return statements (#19625)"",""distinct"":true,""url"":""https://api.github.com/repos/linjiajian999/react/commits/32ca31306006d54d4887549b10608dc691cab055""},{""sha"":""b8fa09e9e2b52d46e47ad604ef7c8c3529471b71"",""author"":{""name"":""Julien Gilli"",""email"":""498f087c128f7ba877a9c41cd8ff0767d4a0d56c@fastmail.fm""},""message"":""provide profiling bundle for react-reconciler (#19559)"",""distinct"":true,""url"":""https://api.github.com/repos/linjiajian999/react/commits/b8fa09e9e2b52d46e47ad604ef7c8c3529471b71""},{""sha"":""87b3e2d257e49b6d2c8e662830fc8f3c7d62f85f"",""author"":{""name"":""Sebastian Silbermann"",""email"":""84fc128bc6cda84e77606b9e3bddd28c2b9ce031@gmail.com""},""message"":""Add flow to SyntheticEvent (#19564)\n\n* Add flow to SyntheticEvent\r\n\r\n* Minimal implementation of known and unknown synthetic events\r\n\r\n* less casting\r\n\r\n* Update EnterLeaveEventPlugin.js\r\n\r\nCo-authored-by: Dan Abramov <dan.abramov@gmail.com>"",""distinct"":true,""url"":""https://api.github.com/repos/linjiajian999/react/commits/87b3e2d257e49b6d2c8e662830fc8f3c7d62f85f""},{""sha"":""dd651df05e5802a31484f269b689c17acf087299"",""author"":{""name"":""Dan Abramov"",""email"":""ffbbe9cb1097e7ea6a3dedffde5b4fe769829acc@gmail.com""},""message"":""Keep onTouchStart, onTouchMove, and onWheel passive (#19654)\n\n* Keep onTouchStart, onTouchMove, and onWheel passive\r\n\r\n* Put it behind a feature flag on WWW"",""distinct"":true,""url"":""https://api.github.com/repos/linjiajian999/react/commits/dd651df05e5802a31484f269b689c17acf087299""},{""sha"":""64ddef44c69a18038b1683e04c4558a72af1b91a"",""author"":{""name"":""Dan Abramov"",""email"":""ffbbe9cb1097e7ea6a3dedffde5b4fe769829acc@gmail.com""},""message"":""Revert \""Remove onScroll bubbling flag (#19535)\"" (#19655)\n\nThis reverts commit e9721e14e4b8776c107afa3cdd7c6d664fe20c24."",""distinct"":true,""url"":""https://api.github.com/repos/linjiajian999/react/commits/64ddef44c69a18038b1683e04c4558a72af1b91a""},{""sha"":""08e69f65b44f5e5501c796be6f7b272441ebd0e6"",""author"":{""name"":""Dan Abramov"",""email"":""ffbbe9cb1097e7ea6a3dedffde5b4fe769829acc@gmail.com""},""message"":""Fix incorrect copy-paste in test (#19657)"",""distinct"":true,""url"":""https://api.github.com/repos/linjiajian999/react/commits/08e69f65b44f5e5501c796be6f7b272441ebd0e6""},{""sha"":""c641b611c4d270660b0bb850759f5a324787a7b3"",""author"":{""name"":""E-Liang Tan"",""email"":""87080672a3061c71b9896bc9f25bdb94e4670ef1@eliangtan.com""},""message"":""Upgrade all @babel/* packages to fix DevTools builds on newer Node versions (#19647)"",""distinct"":true,""url"":""https://api.github.com/repos/linjiajian999/react/commits/c641b611c4d270660b0bb850759f5a324787a7b3""},{""sha"":""2bea3fb0b8f13db702da14b2b02e85127ed397a4"",""author"":{""name"":""E-Liang Tan"",""email"":""87080672a3061c71b9896bc9f25bdb94e4670ef1@eliangtan.com""},""message"":""Import React Concurrent Mode Profiler (#19634)\n\n\r\nCo-authored-by: Brian Vaughn <bvaughn@fb.com>\r\nCo-authored-by: Kartik Choudhary <kartikc.918@gmail.com>"",""distinct"":true,""url"":""https://api.github.com/repos/linjiajian999/react/commits/2bea3fb0b8f13db702da14b2b02e85127ed397a4""},{""sha"":""d5ed78764fcf406d32f02de248d4c7a22843732c"",""author"":{""name"":""Brian Vaughn"",""email"":""59942a8ec08225673b377c556396ca24baabd1b2@fb.com""},""message"":""Visually distinguish user timing marks from React events (#19663)"",""distinct"":true,""url"":""https://api.github.com/repos/linjiajian999/react/commits/d5ed78764fcf406d32f02de248d4c7a22843732c""},{""sha"":""f912186012f17858b9d25466c658a46e25093941"",""author"":{""name"":""Hemakshi Sachdev"",""email"":""2facd811ef2cdbe93ac9a1a7eceb942621b521ff@gmail.com""},""message"":""Fix: Unspecified error for IE11 (#19530) (#19664)"",""distinct"":true,""url"":""https://api.github.com/repos/linjiajian999/react/commits/f912186012f17858b9d25466c658a46e25093941""},{""sha"":""d6e433899f387be42a3cec2115b4607f32910a3b"",""author"":{""name"":""Sebastian Markbåge"",""email"":""8a279ae1320350359ecfec7a379763633f1edc4c@fb.com""},""message"":""Use Global Render Timeout for CPU Suspense (#19643)\n\n* Use Retry lane for resuming CPU suspended work\r\n\r\n* Use a global render timeout for CPU suspense heuristics\r\n\r\n* Fix profiler test since we're now reading time more often\r\n\r\n* Sync to new reconciler\r\n\r\n* Test synchronously rerendering should not render more rows"",""distinct"":true,""url"":""https://api.github.com/repos/linjiajian999/react/commits/d6e433899f387be42a3cec2115b4607f32910a3b""},{""sha"":""49af88991c3a3e79e663e495458fad12d3162894"",""author"":{""name"":""6h057"",""email"":""6d6585f7e728aa65addc91676a4c1295cd189659@users.noreply.github.com""},""message"":""Fix DevTools crash when inspecting document.all (#19619)\n\n* Add html_all_collection type to correct typeof document.all\r\n\r\n* process HTMLAllCollection like HTMLElement + fix flow issue\r\n\r\n* fix lint\r\n\r\n* move flow fix comment\r\n\r\n* Make it work with iframes too\r\n\r\n* optimize how we get html_all_collection type\r\n\r\n* use once Object.prototype.toString.call"",""distinct"":true,""url"":""https://api.github.com/repos/linjiajian999/react/commits/49af88991c3a3e79e663e495458fad12d3162894""},{""sha"":""90d212d326d8bb8f5ee414801db37e688d585712"",""author"":{""name"":""Dan Abramov"",""email"":""ffbbe9cb1097e7ea6a3dedffde5b4fe769829acc@gmail.com""},""message"":""Fix movementX/Y polyfill with capture events (#19672)\n\n* Fix movementX/Y polyfill with capture events\r\n\r\n* Remove unnecesary call for better inlining"",""distinct"":true,""url"":""https://api.github.com/repos/linjiajian999/react/commits/90d212d326d8bb8f5ee414801db37e688d585712""},{""sha"":""0386bd0da22cce1608f42072e64b35443eae871b"",""author"":{""name"":""Brian Vaughn"",""email"":""59942a8ec08225673b377c556396ca24baabd1b2@fb.com""},""message"":""Tweaked landing page styles (#19665)\n\n* Tweaked landing page styles\r\n\r\n* Update GitHub link\r\n\r\nCo-authored-by: E-Liang Tan <eliang@eliangtan.com>"",""distinct"":true,""url"":""https://api.github.com/repos/linjiajian999/react/commits/0386bd0da22cce1608f42072e64b35443eae871b""},{""sha"":""d2e914ab4eb265bec82c01a083f608208f50d833"",""author"":{""name"":""Andrew Clark"",""email"":""46f1a0bd5592a2f9244ca321b129902a06b53e03@andrewclark.io""},""message"":""Remove remaining references to effect list (#19673)\n\n* Remove `firstEffect` null check\r\n\r\nThis is the last remaining place where the effect list has semantic\r\nimplications.\r\n\r\nI've replaced it with a check of `effectTag` and `subtreeTag`, to see\r\nif there are any effects in the whole tree. This matches the semantics\r\nof the old check. However, I think only reason this optimization exists\r\nis because it affects profiling. We should reconsider whether this\r\nis necessary.\r\n\r\n* Remove remaining references to effect list\r\n\r\nWe no longer use the effect list anywhere in our implementation. It's\r\nbeen replaced by a recursive traversal in the commit phase.\r\n\r\nThis removes all references to the effect list in the new fork."",""distinct"":true,""url"":""https://api.github.com/repos/linjiajian999/react/commits/d2e914ab4eb265bec82c01a083f608208f50d833""},{""sha"":""2ada4bd0c2c8e2ccac0c3c952712d6e03c9a7362"",""author"":{""name"":""Toru Kobayashi"",""email"":""411531d9265de69abb99eda19baab99e84bb4678@gmail.com""},""message"":""Add a test for non-passive event handlers for events affected by the browsers' intervention (#19658)"",""distinct"":true,""url"":""https://api.github.com/repos/linjiajian999/react/commits/2ada4bd0c2c8e2ccac0c3c952712d6e03c9a7362""},{""sha"":""8c9fc4e90f58fab25c2991ac60ddb6a6afe9271c"",""author"":{""name"":""Dominic Gannaway"",""email"":""f36081f344c7ddccdaf04c4393ad3afe1eae700e@users.noreply.github.com""},""message"":""Remove usage of PossiblyWeakSet from createEventHandle (#19686)"",""distinct"":true,""url"":""https://api.github.com/repos/linjiajian999/react/commits/8c9fc4e90f58fab25c2991ac60ddb6a6afe9271c""}]",,,,,,,,,,
18157506120,PushEvent,true,2021-09-27 05:00:35.000000 UTC,19616653,ArmageddonKnight,204371788,UofT-EcoSystem/tensorflow,"""refs/heads/master""",,,8019387224,1,1,"[{""sha"":""e37a3a8341b1d4a600d82abe5daa8d79ad5f59cd"",""author"":{""name"":""A. Unique TensorFlower"",""email"":""746aced590a184ef4169166e753f7c211e32e5fc@tensorflow.org""},""message"":""Go: Update generated wrapper functions for TensorFlow ops.\n\nPiperOrigin-RevId: 399104960\nChange-Id: I49bb85868f907fcefe5da405f0978242e9337999"",""distinct"":true,""url"":""https://api.github.com/repos/UofT-EcoSystem/tensorflow/commits/e37a3a8341b1d4a600d82abe5daa8d79ad5f59cd""}]",,,,,,,,,,
18157546992,WatchEvent,true,2021-09-27 05:04:58.000000 UTC,21209765,qjp88995,10270250,facebook/react,,,,,,,,"""started""",,,,,,,,,
18157745914,WatchEvent,true,2021-09-27 05:27:53.000000 UTC,22726666,AugF,410752728,AugF/tensorflow,,,,,,,,"""started""",,,,,,,,,
18157745488,ForkEvent,true,2021-09-27 05:27:49.000000 UTC,22726666,AugF,45717250,tensorflow/tensorflow,,,,,,,,,,"""AugF/tensorflow""",,,,,,,
18157632324,WatchEvent,true,2021-09-27 05:14:20.000000 UTC,23329853,Final233,7691631,moby/moby,,,,,,,,"""started""",,,,,,,,,
18157949105,WatchEvent,true,2021-09-27 05:52:30.000000 UTC,29586451,besttea,5108051,opencv/opencv,,,,,,,,"""started""",,,,,,,,,
18157888883,WatchEvent,true,2021-09-27 05:45:23.000000 UTC,34413353,dhr1698,10270250,facebook/react,,,,,,,,"""started""",,,,,,,,,
18157907184,WatchEvent,true,2021-09-27 05:47:32.000000 UTC,34413353,dhr1698,45717250,tensorflow/tensorflow,,,,,,,,"""started""",,,,,,,,,
18157720160,CreateEvent,true,2021-09-27 05:24:34.000000 UTC,35257385,Mohiuddin2,410752093,Mohiuddin2/react,,"""repository""","""user""",,,,,,,,,,,,,,
18157637059,WatchEvent,true,2021-09-27 05:14:53.000000 UTC,37778327,sabit990928,16072585,phoenixframework/phoenix,,,,,,,,"""started""",,,,,,,,,
18157927853,PullRequestReviewCommentEvent,true,2021-09-27 05:49:59.000000 UTC,38782567,ChenBinfighting1,843222,scikit-learn/scikit-learn,,,,,,,,"""created""",21109,,,,,,,,
18157942973,PullRequestReviewCommentEvent,true,2021-09-27 05:51:46.000000 UTC,38782567,ChenBinfighting1,843222,scikit-learn/scikit-learn,,,,,,,,"""created""",21109,,,,,,,,
18157942944,PullRequestReviewEvent,true,2021-09-27 05:51:46.000000 UTC,38782567,ChenBinfighting1,843222,scikit-learn/scikit-learn,,,,,,,,"""created""",21109,,,"""commented""","""NONE""",,,,
18157927844,PullRequestReviewEvent,true,2021-09-27 05:49:59.000000 UTC,38782567,ChenBinfighting1,843222,scikit-learn/scikit-learn,,,,,,,,"""created""",21109,,,"""commented""","""NONE""",,,,
18157927855,WatchEvent,true,2021-09-27 05:49:59.000000 UTC,38910830,tysonrm,175425051,kumahq/kuma,,,,,,,,"""started""",,,,,,,,,
18157570883,PushEvent,true,2021-09-27 05:07:28.000000 UTC,41898282,github-actions[bot],159692533,smalltalkman/tensorflow,"""refs/heads/master""",,,8019417150,1,1,"[{""sha"":""e37a3a8341b1d4a600d82abe5daa8d79ad5f59cd"",""author"":{""name"":""A. Unique TensorFlower"",""email"":""746aced590a184ef4169166e753f7c211e32e5fc@tensorflow.org""},""message"":""Go: Update generated wrapper functions for TensorFlow ops.\n\nPiperOrigin-RevId: 399104960\nChange-Id: I49bb85868f907fcefe5da405f0978242e9337999"",""distinct"":true,""url"":""https://api.github.com/repos/smalltalkman/tensorflow/commits/e37a3a8341b1d4a600d82abe5daa8d79ad5f59cd""}]",,,,,,,,,,
18157517593,CreateEvent,true,2021-09-27 05:01:51.000000 UTC,45942572,SiarheiSakharevich,337402726,saby/react,"""21.5100/mergerator/270921_080140""","""branch""","""user""",,,,,,,,,,,,,,
18157517529,DeleteEvent,true,2021-09-27 05:01:50.000000 UTC,45942572,SiarheiSakharevich,337402726,saby/react,"""21.5100/mergerator/270921_080140""","""branch""","""user""",,,,,,,,,,,,,,
18157801011,WatchEvent,true,2021-09-27 05:34:37.000000 UTC,47156246,Abhimishra2424,410740884,dylan1607/react,,,,,,,,"""started""",,,,,,,,,
18157531001,PushEvent,true,2021-09-27 05:03:16.000000 UTC,47962204,chbigbrother,296564683,chbigbrother/tensorflow,"""refs/heads/master""",,,8019398737,1,1,"[{""sha"":""1bbb1a41a60f54054f05b20e6a75a89c5cd13bf8"",""author"":{""name"":""chbigbrother"",""email"":""dade97410347b13771adf28a012ab47e61ff556e@users.noreply.github.com""},""message"":""Colaboratory를 통해 생성됨"",""distinct"":true,""url"":""https://api.github.com/repos/chbigbrother/tensorflow/commits/1bbb1a41a60f54054f05b20e6a75a89c5cd13bf8""}]",,,,,,,,,,
18157517557,PushEvent,true,2021-09-27 05:01:50.000000 UTC,50351133,Sasayaki7,381237919,Sasayaki7/opencv,"""refs/heads/master""",,,8019392626,1,1,"[{""sha"":""30141099e2b80fe54d51ba0c383d0d69b8ec5ddb"",""author"":{""name"":""Sasayaki7"",""email"":""ef7c4f528132578296dc539ec8a4989ce6e6ad10@hotmail.com""},""message"":""requirements updated"",""distinct"":true,""url"":""https://api.github.com/repos/Sasayaki7/opencv/commits/30141099e2b80fe54d51ba0c383d0d69b8ec5ddb""}]",,,,,,,,,,
18157887932,PushEvent,true,2021-09-27 05:45:16.000000 UTC,55071366,heyho9012,404225969,heyho9012/react,"""refs/heads/main""",,,8019569144,1,1,"[{""sha"":""510a6eba2bfbe070eec2a174819d212fcd6f0684"",""author"":{""name"":""heyho9012"",""email"":""97a28017a7c1b8e5cb32c998f7a85445bd23d4df@gmail.com""},""message"":""Add react todo app"",""distinct"":true,""url"":""https://api.github.com/repos/heyho9012/react/commits/510a6eba2bfbe070eec2a174819d212fcd6f0684""}]",,,,,,,,,,
18157717024,IssueCommentEvent,true,2021-09-27 05:24:09.000000 UTC,56610014,google-ml-butler[bot],45717250,tensorflow/tensorflow,,,,,,,,"""created""",,,,,,,,,
18157728625,WatchEvent,true,2021-09-27 05:25:39.000000 UTC,58431408,jh993-xiao,5108051,opencv/opencv,,,,,,,,"""started""",,,,,,,,,
18157764738,ForkEvent,true,2021-09-27 05:30:13.000000 UTC,58431408,jh993-xiao,5108051,opencv/opencv,,,,,,,,,,"""jh993-xiao/opencv""",,,,,,,
18157768125,ForkEvent,true,2021-09-27 05:30:36.000000 UTC,58532371,harshmathurx,10270250,facebook/react,,,,,,,,,,"""harshmathurx/react""",,,,,,,
18157559861,ForkEvent,true,2021-09-27 05:06:18.000000 UTC,58596948,MohanVaddi,135786093,typescript-cheatsheets/react,,,,,,,,,,"""MohanVaddi/react""",,,,,,,
18157940364,PushEvent,true,2021-09-27 05:51:28.000000 UTC,59121969,tomoya-ono,410757412,tomoya-ono/react,"""refs/heads/main""",,,8019595056,1,1,"[{""sha"":""285211607961739e080ac50c3124305750f3fc79"",""author"":{""name"":""tomoya-ono"",""email"":""7c644d2983d9d142a70aacc270d0fde8fb48c936@users.noreply.github.com""},""message"":""Update README.md"",""distinct"":true,""url"":""https://api.github.com/repos/tomoya-ono/react/commits/285211607961739e080ac50c3124305750f3fc79""}]",,,,,,,,,,
18157930693,CreateEvent,true,2021-09-27 05:50:19.000000 UTC,59121969,tomoya-ono,410757412,tomoya-ono/react,,"""repository""","""user""",,,,,,,,,,,,,,
18157930813,CreateEvent,true,2021-09-27 05:50:20.000000 UTC,59121969,tomoya-ono,410757412,tomoya-ono/react,"""main""","""branch""","""user""",,,,,,,,,,,,,,
18157991344,CreateEvent,true,2021-09-27 05:57:27.000000 UTC,59121969,tomoya-ono,410757412,tomoya-ono/react,"""master""","""branch""","""user""",,,,,,,,,,,,,,
18157643982,WatchEvent,true,2021-09-27 05:15:41.000000 UTC,59840801,nikhiljiddigi,138546402,tensult/terraform,,,,,,,,"""started""",,,,,,,,,
18157645173,ForkEvent,true,2021-09-27 05:15:49.000000 UTC,59840801,nikhiljiddigi,138546402,tensult/terraform,,,,,,,,,,"""nikhiljiddigi/terraform""",,,,,,,
18157564828,IssueCommentEvent,true,2021-09-27 05:06:50.000000 UTC,65553080,codecov-commenter,175425051,kumahq/kuma,,,,,,,,"""created""",,,,,,,,,
18157911004,WatchEvent,true,2021-09-27 05:47:59.000000 UTC,66680132,Laiboyai,45717250,tensorflow/tensorflow,,,,,,,,"""started""",,,,,,,,,
18157590778,CreateEvent,true,2021-09-27 05:09:40.000000 UTC,67535686,dastanAmanov,410749152,dastanAmanov/react,,"""repository""","""user""",,,,,,,,,,,,,,
18157856800,PushEvent,true,2021-09-27 05:41:31.000000 UTC,68405781,rameshaol1,401517723,rameshaol1/terraform,"""refs/heads/master""",,,8019554234,1,1,"[{""sha"":""737e930e106353c856d584395852d0011afb9051"",""author"":{""name"":""Ramesh Kasula"",""email"":""6e10a99df20249d5bdeef8674417531c0a64b232@gmail.com""},""message"":""modified all files for ubuntu"",""distinct"":true,""url"":""https://api.github.com/repos/rameshaol1/terraform/commits/737e930e106353c856d584395852d0011afb9051""}]",,,,,,,,,,
18157734241,PushEvent,true,2021-09-27 05:26:22.000000 UTC,68405781,rameshaol1,401517723,rameshaol1/terraform,"""refs/heads/master""",,,8019493787,1,1,"[{""sha"":""f9e13327f5272e3cafa1e7046226602035fe056f"",""author"":{""name"":""Ramesh Kasula"",""email"":""6e10a99df20249d5bdeef8674417531c0a64b232@gmail.com""},""message"":""modified variables"",""distinct"":true,""url"":""https://api.github.com/repos/rameshaol1/terraform/commits/f9e13327f5272e3cafa1e7046226602035fe056f""}]",,,,,,,,,,
18157984512,PushEvent,true,2021-09-27 05:56:38.000000 UTC,68405781,rameshaol1,401517723,rameshaol1/terraform,"""refs/heads/master""",,,8019616443,1,1,"[{""sha"":""72849fa94721924daa870da4efa0c0194a15a912"",""author"":{""name"":""Ramesh Kasula"",""email"":""6e10a99df20249d5bdeef8674417531c0a64b232@gmail.com""},""message"":""new folder"",""distinct"":true,""url"":""https://api.github.com/repos/rameshaol1/terraform/commits/72849fa94721924daa870da4efa0c0194a15a912""}]",,,,,,,,,,
18157877584,PushEvent,true,2021-09-27 05:44:04.000000 UTC,68405781,rameshaol1,401517723,rameshaol1/terraform,"""refs/heads/master""",,,8019564203,1,1,"[{""sha"":""7b1fd6763c46161b10c68adefab56eb5c9890667"",""author"":{""name"":""Ramesh Kasula"",""email"":""6e10a99df20249d5bdeef8674417531c0a64b232@gmail.com""},""message"":""added nginx file"",""distinct"":true,""url"":""https://api.github.com/repos/rameshaol1/terraform/commits/7b1fd6763c46161b10c68adefab56eb5c9890667""}]",,,,,,,,,,
18157920134,PushEvent,true,2021-09-27 05:49:03.000000 UTC,68405781,rameshaol1,401517723,rameshaol1/terraform,"""refs/heads/master""",,,8019584950,1,1,"[{""sha"":""2f079d8b6ac5410064d2db8dabe6124706aea355"",""author"":{""name"":""Ramesh Kasula"",""email"":""6e10a99df20249d5bdeef8674417531c0a64b232@gmail.com""},""message"":""deleted all files to recreate again"",""distinct"":true,""url"":""https://api.github.com/repos/rameshaol1/terraform/commits/2f079d8b6ac5410064d2db8dabe6124706aea355""}]",,,,,,,,,,
18157635827,PushEvent,true,2021-09-27 05:14:44.000000 UTC,68405781,rameshaol1,401517723,rameshaol1/terraform,"""refs/heads/master""",,,8019447521,1,1,"[{""sha"":""6c1d083b0f71740d757fe7a36be0234720b61fe5"",""author"":{""name"":""Ramesh Kasula"",""email"":""6e10a99df20249d5bdeef8674417531c0a64b232@gmail.com""},""message"":""modified user"",""distinct"":true,""url"":""https://api.github.com/repos/rameshaol1/terraform/commits/6c1d083b0f71740d757fe7a36be0234720b61fe5""}]",,,,,,,,,,
18158003653,WatchEvent,true,2021-09-27 05:58:56.000000 UTC,69641028,whoevercare,307690971,whoevercare/opencv,,,,,,,,"""started""",,,,,,,,,
18157867737,WatchEvent,true,2021-09-27 05:42:53.000000 UTC,73289686,Nirmalganesh9327,10270250,facebook/react,,,,,,,,"""started""",,,,,,,,,
18158981704,WatchEvent,true,2021-09-27 07:21:54.000000 UTC,46590618,dhelee,282434262,dhelee/opencv,,,,,,,,"""started""",,,,,,,,,
18159375408,PushEvent,true,2021-09-27 07:51:14.000000 UTC,46911690,GanJiangJie,399681367,GanJiangJie/yii2,"""refs/heads/main""",,,8020262254,1,1,"[{""sha"":""08eefa03b4fe5c0da07e3e6cf32c9d60b09ba5ce"",""author"":{""name"":""ganjiangjie"",""email"":""0b484bb69af8d288de58eeca782519c2352bc873@sina.com""},""message"":""初始化"",""distinct"":true,""url"":""https://api.github.com/repos/GanJiangJie/yii2/commits/08eefa03b4fe5c0da07e3e6cf32c9d60b09ba5ce""}]",,,,,,,,,,
18159202823,PushEvent,true,2021-09-27 07:38:31.000000 UTC,86714324,liuSiana,410727234,liuSiana/phoenix,"""refs/heads/phoenix""",,,8020182535,1,1,"[{""sha"":""b503df8622b8383f6aee71660448f657b2bb54b8"",""author"":{""name"":""liuSiana"",""email"":""aeea11f98b08a2e44596721015704df54e3e74db@users.noreply.github.com""},""message"":""Create README.md"",""distinct"":true,""url"":""https://api.github.com/repos/liuSiana/phoenix/commits/b503df8622b8383f6aee71660448f657b2bb54b8""}]",,,,,,,,,,
18159188006,CreateEvent,true,2021-09-27 07:37:26.000000 UTC,86714324,liuSiana,410727234,liuSiana/phoenix,"""phoenix""","""branch""","""user""",,,,,,,,,,,,,,
18158816359,CreateEvent,true,2021-09-27 07:09:47.000000 UTC,41877403,visitmahlis,410778600,visitmahlis/react,,"""repository""","""user""",,,,,,,,,,,,,,
18159316194,PushEvent,true,2021-09-27 07:46:54.000000 UTC,61616553,tuhindasv0,403230274,tuhindasv0/terraform,"""refs/heads/master""",,,8020235338,1,1,"[{""sha"":""bf4c5fad86e940bfbba1f28be4de350f56833354"",""author"":{""name"":""tuhindasv0"",""email"":""4ac669dd66bf072bf69bc74fcb025dacb410d56f@gmail.com""},""message"":""added code"",""distinct"":true,""url"":""https://api.github.com/repos/tuhindasv0/terraform/commits/bf4c5fad86e940bfbba1f28be4de350f56833354""}]",,,,,,,,,,
18158727093,PullRequestEvent,true,2021-09-27 07:03:35.000000 UTC,147145,WyriHaximus,391980572,WyriHaximus/terraform,,,,,,,,"""opened""",4,,,,,,,,
18158985779,PullRequestEvent,true,2021-09-27 07:22:12.000000 UTC,147145,WyriHaximus,391980572,WyriHaximus/terraform,,,,,,,,"""closed""",4,,,,,,,,
18158930171,IssueCommentEvent,true,2021-09-27 07:18:01.000000 UTC,41898282,github-actions[bot],391980572,WyriHaximus/terraform,,,,,,,,"""created""",,,,,,,,,
18158708764,PushEvent,true,2021-09-27 07:02:17.000000 UTC,63542705,IlyassElarbaouti,410771754,IlyassElarbaouti/react,"""refs/heads/main""",,,8019958335,1,1,"[{""sha"":""b6875e2bd06753d35f380b31940958061f291edc"",""author"":{""name"":""Ilyass El Arbaouti"",""email"":""1f51e897f7f537232cee0491efc41e0ac45b1c48@gmail.com""},""message"":""task1"",""distinct"":true,""url"":""https://api.github.com/repos/IlyassElarbaouti/react/commits/b6875e2bd06753d35f380b31940958061f291edc""}]",,,,,,,,,,
18159100822,IssuesEvent,true,2021-09-27 07:30:54.000000 UTC,19588788,CrazyHZM,4710920,apache/dubbo,,,,,,,,"""closed""",,,,,,,,,
18159427263,PullRequestReviewCommentEvent,true,2021-09-27 07:54:57.000000 UTC,25965672,DiegoKrupitza,4710920,apache/dubbo,,,,,,,,"""created""",8928,,,,,,,,
18158908477,PullRequestReviewCommentEvent,true,2021-09-27 07:16:26.000000 UTC,20179425,EarthChen,4710920,apache/dubbo,,,,,,,,"""created""",8817,,,,,,,,
18159090527,PullRequestReviewCommentEvent,true,2021-09-27 07:30:08.000000 UTC,18096538,hadley0828,4710920,apache/dubbo,,,,,,,,"""created""",8026,,,,,,,,
18159090492,PullRequestReviewEvent,true,2021-09-27 07:30:09.000000 UTC,18096538,hadley0828,4710920,apache/dubbo,,,,,,,,"""created""",8026,,,"""commented""","""NONE""",,,,
18159427209,PullRequestReviewEvent,true,2021-09-27 07:54:58.000000 UTC,25965672,DiegoKrupitza,4710920,apache/dubbo,,,,,,,,"""created""",8928,,,"""commented""","""NONE""",,,,
18159100878,IssueCommentEvent,true,2021-09-27 07:30:54.000000 UTC,19588788,CrazyHZM,4710920,apache/dubbo,,,,,,,,"""created""",,,,,,,,,
18159290690,ForkEvent,true,2021-09-27 07:45:03.000000 UTC,15028279,zyclove,15861701,apache/helix,,,,,,,,,,"""zyclove/helix""",,,,,,,
18159448049,ForkEvent,true,2021-09-27 07:56:24.000000 UTC,30797951,6201,10270250,facebook/react,,,,,,,,,,"""6201/react""",,,,,,,
18158927605,WatchEvent,true,2021-09-27 07:17:50.000000 UTC,44653581,artur5h6,10270250,facebook/react,,,,,,,,"""started""",,,,,,,,,
18159387965,WatchEvent,true,2021-09-27 07:52:09.000000 UTC,91457402,SeasonShower,10270250,facebook/react,,,,,,,,"""started""",,,,,,,,,
18158983808,PullRequestReviewCommentEvent,true,2021-09-27 07:22:02.000000 UTC,32649176,alfaro96,843222,scikit-learn/scikit-learn,,,,,,,,"""created""",21137,,,,,,,,
18159427439,WatchEvent,true,2021-09-27 07:54:59.000000 UTC,28711388,GuQian-Alex,5108051,opencv/opencv,,,,,,,,"""started""",,,,,,,,,
18158911434,IssueCommentEvent,true,2021-09-27 07:16:40.000000 UTC,42258146,Cavendish-Koo,5108051,opencv/opencv,,,,,,,,"""created""",,,,,,,,,
18158971185,WatchEvent,true,2021-09-27 07:21:05.000000 UTC,18206939,andyleungkk,5108051,opencv/opencv,,,,,,,,"""started""",,,,,,,,,
18159013191,IssuesEvent,true,2021-09-27 07:24:19.000000 UTC,56610014,google-ml-butler[bot],45717250,tensorflow/tensorflow,,,,,,,,"""closed""",,,,,,,,,
18159012861,IssueCommentEvent,true,2021-09-27 07:24:18.000000 UTC,56610014,google-ml-butler[bot],45717250,tensorflow/tensorflow,,,,,,,,"""created""",,,,,,,,,
18159012500,IssuesEvent,true,2021-09-27 07:24:16.000000 UTC,56610014,google-ml-butler[bot],45717250,tensorflow/tensorflow,,,,,,,,"""closed""",,,,,,,,,
18159012304,IssueCommentEvent,true,2021-09-27 07:24:15.000000 UTC,56610014,google-ml-butler[bot],45717250,tensorflow/tensorflow,,,,,,,,"""created""",,,,,,,,,
18159012073,IssueCommentEvent,true,2021-09-27 07:24:14.000000 UTC,56610014,google-ml-butler[bot],45717250,tensorflow/tensorflow,,,,,,,,"""created""",,,,,,,,,
18159011641,IssueCommentEvent,true,2021-09-27 07:24:12.000000 UTC,56610014,google-ml-butler[bot],45717250,tensorflow/tensorflow,,,,,,,,"""created""",,,,,,,,,
18158855894,IssueCommentEvent,true,2021-09-27 07:12:35.000000 UTC,86464649,mohantym,45717250,tensorflow/tensorflow,,,,,,,,"""created""",,,,,,,,,
18159012741,IssuesEvent,true,2021-09-27 07:24:17.000000 UTC,56610014,google-ml-butler[bot],45717250,tensorflow/tensorflow,,,,,,,,"""closed""",,,,,,,,,
18159480056,ForkEvent,true,2021-09-27 07:58:41.000000 UTC,39138878,AndrewHakmi,45717250,tensorflow/tensorflow,,,,,,,,,,"""AndrewHakmi/tensorflow""",,,,,,,
18159389746,IssueCommentEvent,true,2021-09-27 07:52:17.000000 UTC,81610181,tilakrayal,45717250,tensorflow/tensorflow,,,,,,,,"""created""",,,,,,,,,
18159013410,IssueCommentEvent,true,2021-09-27 07:24:21.000000 UTC,56610014,google-ml-butler[bot],45717250,tensorflow/tensorflow,,,,,,,,"""created""",,,,,,,,,
18159012944,IssuesEvent,true,2021-09-27 07:24:18.000000 UTC,56610014,google-ml-butler[bot],45717250,tensorflow/tensorflow,,,,,,,,"""closed""",,,,,,,,,
18158782914,DeleteEvent,true,2021-09-27 07:07:30.000000 UTC,49699333,dependabot[bot],61573702,ui-router/react,"""dependabot/npm_and_yarn/types/lodash-4.14.173""","""branch""","""user""",,,,,,,,,,,,,,
18158786229,CreateEvent,true,2021-09-27 07:07:43.000000 UTC,49699333,dependabot[bot],61573702,ui-router/react,"""dependabot/npm_and_yarn/ts-loader-9.2.6""","""branch""","""user""",,,,,,,,,,,,,,
18158786829,PullRequestEvent,true,2021-09-27 07:07:46.000000 UTC,49699333,dependabot[bot],61573702,ui-router/react,,,,,,,,"""closed""",965,,,,,,,,
18158835346,DeleteEvent,true,2021-09-27 07:11:06.000000 UTC,49699333,dependabot[bot],61573702,ui-router/react,"""dependabot/npm_and_yarn/types/react-17.0.22""","""branch""","""user""",,,,,,,,,,,,,,
18158782740,PullRequestEvent,true,2021-09-27 07:07:29.000000 UTC,49699333,dependabot[bot],61573702,ui-router/react,,,,,,,,"""closed""",987,,,,,,,,
18158786698,IssueCommentEvent,true,2021-09-27 07:07:45.000000 UTC,49699333,dependabot[bot],61573702,ui-router/react,,,,,,,,"""created""",,,,,,,,,
18158782224,CreateEvent,true,2021-09-27 07:07:27.000000 UTC,49699333,dependabot[bot],61573702,ui-router/react,"""dependabot/npm_and_yarn/types/lodash-4.14.174""","""branch""","""user""",,,,,,,,,,,,,,
18158844296,PullRequestEvent,true,2021-09-27 07:11:45.000000 UTC,49699333,dependabot[bot],61573702,ui-router/react,,,,,,,,"""closed""",986,,,,,,,,
18158834522,PullRequestEvent,true,2021-09-27 07:11:03.000000 UTC,49699333,dependabot[bot],61573702,ui-router/react,,,,,,,,"""opened""",994,,,,,,,,
18158843702,PullRequestEvent,true,2021-09-27 07:11:42.000000 UTC,49699333,dependabot[bot],61573702,ui-router/react,,,,,,,,"""opened""",995,,,,,,,,
18158843691,CreateEvent,true,2021-09-27 07:11:42.000000 UTC,49699333,dependabot[bot],61573702,ui-router/react,"""dependabot/npm_and_yarn/webpack-5.54.0""","""branch""","""user""",,,,,,,,,,,,,,
18158684821,PushEvent,true,2021-09-27 07:00:34.000000 UTC,19616653,ArmageddonKnight,204371788,UofT-EcoSystem/tensorflow,"""refs/heads/master""",,,8019947911,1,1,"[{""sha"":""9ffa4a9d9e3e4d3c0f00ca90e3845cbe0f1dba72"",""author"":{""name"":""A. Unique TensorFlower"",""email"":""746aced590a184ef4169166e753f7c211e32e5fc@tensorflow.org""},""message"":""Go: Update generated wrapper functions for TensorFlow ops.\n\nPiperOrigin-RevId: 399116682\nChange-Id: I536914a8ae8cdc6423ef416ff38a3460dd63fa90"",""distinct"":true,""url"":""https://api.github.com/repos/UofT-EcoSystem/tensorflow/commits/9ffa4a9d9e3e4d3c0f00ca90e3845cbe0f1dba72""}]",,,,,,,,,,
18158702975,CreateEvent,true,2021-09-27 07:01:54.000000 UTC,45942572,SiarheiSakharevich,337402726,saby/react,"""21.5100/mergerator/270921_100128""","""branch""","""user""",,,,,,,,,,,,,,
18159171756,WatchEvent,true,2021-09-27 07:36:12.000000 UTC,23545037,zh-rocco,135786093,typescript-cheatsheets/react,,,,,,,,"""started""",,,,,,,,,
18159280428,PullRequestReviewEvent,true,2021-09-27 07:44:16.000000 UTC,5459824,jakubdyszkiewicz,175425051,kumahq/kuma,,,,,,,,"""created""",2834,,,"""commented""","""COLLABORATOR""",,,,
18159464071,PullRequestReviewCommentEvent,true,2021-09-27 07:57:31.000000 UTC,12110261,lobkovilya,175425051,kumahq/kuma,,,,,,,,"""created""",2834,,,,,,,,
18158981264,IssueCommentEvent,true,2021-09-27 07:21:52.000000 UTC,11304944,unix,248295170,geist-org/react,,,,,,,,"""created""",,,,,,,,,
18159137497,PushEvent,true,2021-09-27 07:33:37.000000 UTC,35985427,AwaneeMook,391868896,TLILicenseSystem/react,"""refs/heads/main""",,,8020152413,1,1,"[{""sha"":""0f99a6bca64ce31276760be2b3442e7a5d78937b"",""author"":{""name"":""awanee.kru"",""email"":""99077bd2d02d187960d8aaccde8534e5a4fbb7ce@VDLNIT088.thailife.hq""},""message"":""bug date picker"",""distinct"":true,""url"":""https://api.github.com/repos/TLILicenseSystem/react/commits/0f99a6bca64ce31276760be2b3442e7a5d78937b""}]",,,,,,,,,,
18160540483,PushEvent,true,2021-09-27 09:06:45.000000 UTC,16487352,zihaomu,268666309,zihaomu/opencv,"""refs/heads/tf_expand_dim_layer""",,,8020790639,1,1,"[{""sha"":""915116338f2e86762b96765c49a5a35156c1770f"",""author"":{""name"":""Zihao Mu"",""email"":""63504df8f201f47986e75c5fcf540932f01ba249@outlook.com""},""message"":""Code align"",""distinct"":true,""url"":""https://api.github.com/repos/zihaomu/opencv/commits/915116338f2e86762b96765c49a5a35156c1770f""}]",,,,,,,,,,
18161035626,PushEvent,true,2021-09-27 09:37:42.000000 UTC,11664811,acidmax76,404810962,acidmax76/react,"""refs/heads/main""",,,8021018743,6,1,"[{""sha"":""21cd77f0b3d8a813dcdb3623af13323a6f3a8763"",""author"":{""name"":""acid_max"",""email"":""b5ef1a2cb26d8f24038edcff486993e0a06a33b4@gmail.com""},""message"":""add context in app.js"",""distinct"":false,""url"":""https://api.github.com/repos/acidmax76/react/commits/21cd77f0b3d8a813dcdb3623af13323a6f3a8763""},{""sha"":""1a937ff3242b47d609567f8da3265e7a7e18beee"",""author"":{""name"":""acidmax76"",""email"":""b5ef1a2cb26d8f24038edcff486993e0a06a33b4@gmail.com""},""message"":""fix ModalOverlay.js"",""distinct"":false,""url"":""https://api.github.com/repos/acidmax76/react/commits/1a937ff3242b47d609567f8da3265e7a7e18beee""},{""sha"":""56586ce8d1f0ba13272af994b2dbc3624f783b18"",""author"":{""name"":""acid_max"",""email"":""b5ef1a2cb26d8f24038edcff486993e0a06a33b4@gmail.com""},""message"":""fix context add error modal"",""distinct"":false,""url"":""https://api.github.com/repos/acidmax76/react/commits/56586ce8d1f0ba13272af994b2dbc3624f783b18""},{""sha"":""67bfa3a31e682ac9ec0c4da51b8ffa146b70a3a5"",""author"":{""name"":""acidmax76"",""email"":""b5ef1a2cb26d8f24038edcff486993e0a06a33b4@gmail.com""},""message"":""add counter"",""distinct"":false,""url"":""https://api.github.com/repos/acidmax76/react/commits/67bfa3a31e682ac9ec0c4da51b8ffa146b70a3a5""},{""sha"":""2b5c8fe52193d8e26695487c3763827d04a093d6"",""author"":{""name"":""acidmax76"",""email"":""b5ef1a2cb26d8f24038edcff486993e0a06a33b4@gmail.com""},""message"":""fix review comment"",""distinct"":false,""url"":""https://api.github.com/repos/acidmax76/react/commits/2b5c8fe52193d8e26695487c3763827d04a093d6""},{""sha"":""bd526a62d4f5f8ed80c2edbe61ddbd28d518989f"",""author"":{""name"":""acidmax76"",""email"":""b5ef1a2cb26d8f24038edcff486993e0a06a33b4@gmail.com""},""message"":""Merge pull request #3 from acidmax76/sprint-2/step-1\n\nSprint 2/step 1"",""distinct"":true,""url"":""https://api.github.com/repos/acidmax76/react/commits/bd526a62d4f5f8ed80c2edbe61ddbd28d518989f""}]",,,,,,,,,,
18160926390,IssueCommentEvent,true,2021-09-27 09:30:32.000000 UTC,19558891,irinamozes,404810962,acidmax76/react,,,,,,,,"""created""",,,,,,,,,
18160718327,PushEvent,true,2021-09-27 09:17:26.000000 UTC,83577603,JakobB1,400180414,JakobB1/netbeans,"""refs/heads/main""",,,8020870615,1,1,"[{""sha"":""6962943eeecea477ded4b049cf5b383f0649bae7"",""author"":{""name"":""Jakob Brkić"",""email"":""6deff9977e74ebd8fcc4245ececf4687391de5ee@users.noreply.github.com""},""message"":""fakeriUnos1300"",""distinct"":true,""url"":""https://api.github.com/repos/JakobB1/netbeans/commits/6962943eeecea477ded4b049cf5b383f0649bae7""}]",,,,,,,,,,
18160515176,CreateEvent,true,2021-09-27 09:05:14.000000 UTC,1549069,behnammodi,276963306,behnammodi/react,"""use-isArray-devtools-utils""","""branch""","""user""",,,,,,,,,,,,,,
18160494137,PushEvent,true,2021-09-27 09:03:59.000000 UTC,25884820,muhanggaohs,408751283,muhanggaohs/react,"""refs/heads/master""",,,8020769883,1,1,"[{""sha"":""2196551f58f43fc83ca61f8eb4cf93e8152c8729"",""author"":{""name"":""muhanggaohs"",""email"":""90ef1c61900488f577acaf8365263fafaeb7d415@gmail.com""},""message"":""reveal"",""distinct"":true,""url"":""https://api.github.com/repos/muhanggaohs/react/commits/2196551f58f43fc83ca61f8eb4cf93e8152c8729""}]",,,,,,,,,,
18160853981,CreateEvent,true,2021-09-27 09:25:55.000000 UTC,61744926,huiyeongyoon,410820543,huiyeongyoon/react,,"""repository""","""user""",,,,,,,,,,,,,,
18161158108,CreateEvent,true,2021-09-27 09:45:58.000000 UTC,25208518,judeharis,408082611,judeharis/tensorflow,"""secda_v1.1""","""branch""","""user""",,,,,,,,,,,,,,
18160994766,PushEvent,true,2021-09-27 09:34:59.000000 UTC,1680079,lesteve,7576906,lesteve/scikit-learn,"""refs/heads/cross-val-score-error-when-all-fits-fail""",,,8020999150,1,1,"[{""sha"":""8b81ceca0a348671ad7423edfba19c0db7b4065a"",""author"":{""name"":""Loïc Estève"",""email"":""b4f57ceb208f2c5eae4e1192d707c3466a564837@ymail.com""},""message"":""Add changelog and reorder alphabetically"",""distinct"":true,""url"":""https://api.github.com/repos/lesteve/scikit-learn/commits/8b81ceca0a348671ad7423edfba19c0db7b4065a""}]",,,,,,,,,,
18160814637,PushEvent,true,2021-09-27 09:23:27.000000 UTC,1680079,lesteve,7576906,lesteve/scikit-learn,"""refs/heads/cross-val-score-error-when-all-fits-fail""",,,8020914727,1,1,"[{""sha"":""94ddfead18d135ae35033bf1d14367ddbea74930"",""author"":{""name"":""Loïc Estève"",""email"":""b4f57ceb208f2c5eae4e1192d707c3466a564837@ymail.com""},""message"":""Remove unused predict"",""distinct"":true,""url"":""https://api.github.com/repos/lesteve/scikit-learn/commits/94ddfead18d135ae35033bf1d14367ddbea74930""}]",,,,,,,,,,
18160782220,PushEvent,true,2021-09-27 09:21:25.000000 UTC,1680079,lesteve,7576906,lesteve/scikit-learn,"""refs/heads/cross-val-score-error-when-all-fits-fail""",,,8020899746,67,34,"[{""sha"":""a5f36fdba95719b96d5520c8f2e5125fc3fca1cd"",""author"":{""name"":""Juan Martin Loyola"",""email"":""bac18c3815d8dcc0c5d975b27af08b0c6f83bdab@outlook.com""},""message"":""DOC Ensures that Isomap passes numpydoc validation (#21018)"",""distinct"":false,""url"":""https://api.github.com/repos/lesteve/scikit-learn/commits/a5f36fdba95719b96d5520c8f2e5125fc3fca1cd""},{""sha"":""b705d372700c6a4ec53d8064fb3313fef73ca068"",""author"":{""name"":""Juan Martin Loyola"",""email"":""bac18c3815d8dcc0c5d975b27af08b0c6f83bdab@outlook.com""},""message"":""DOC Ensures that RadiusNeighborsTransformer passes numpydoc validation (#21021)"",""distinct"":false,""url"":""https://api.github.com/repos/lesteve/scikit-learn/commits/b705d372700c6a4ec53d8064fb3313fef73ca068""},{""sha"":""28ef9973362257e0627bd39db9b788c93f49362f"",""author"":{""name"":""EricEllwanger"",""email"":""a38ee1d0152bac93290666c041d692774b9a9e25@users.noreply.github.com""},""message"":""DOC - Ensures that GridSearchCV passes numpydoc validation (#21003)"",""distinct"":false,""url"":""https://api.github.com/repos/lesteve/scikit-learn/commits/28ef9973362257e0627bd39db9b788c93f49362f""},{""sha"":""e19d2356071d593d77bd44448df6a01ff6f9e83e"",""author"":{""name"":""Bharat Raghunathan"",""email"":""5c7faf937c637877dd1664c2b613d99528265ce1@gmail.com""},""message"":""DOC Ensures that OneVsOneClassifier passes numpydoc validation (#21013)\n\nCo-authored-by: Guillaume Lemaitre <g.lemaitre58@gmail.com>"",""distinct"":false,""url"":""https://api.github.com/repos/lesteve/scikit-learn/commits/e19d2356071d593d77bd44448df6a01ff6f9e83e""},{""sha"":""35862e927dbec2b542e16f30d0e15fa79ceace62"",""author"":{""name"":""Bharat Raghunathan"",""email"":""5c7faf937c637877dd1664c2b613d99528265ce1@gmail.com""},""message"":""DOC Ensures that OneVsRestClassifier passes numpydoc validation (#21014)\n\nCo-authored-by: Guillaume Lemaitre <g.lemaitre58@gmail.com>"",""distinct"":false,""url"":""https://api.github.com/repos/lesteve/scikit-learn/commits/35862e927dbec2b542e16f30d0e15fa79ceace62""},{""sha"":""c73bcf3b8e6ad4dd75c735b9bcd61d119ba887a4"",""author"":{""name"":""Adrin Jalali"",""email"":""c2e71c99a89dffcbbc40ea50f906e1e30b8fca14@gmail.com""},""message"":""DOC add contributors to whats_new 1.0 and more fixes (#21009)"",""distinct"":false,""url"":""https://api.github.com/repos/lesteve/scikit-learn/commits/c73bcf3b8e6ad4dd75c735b9bcd61d119ba887a4""},{""sha"":""597df0ad17fa75d7a6832f71e7859fcb1925e29c"",""author"":{""name"":""Juan Martin Loyola"",""email"":""bac18c3815d8dcc0c5d975b27af08b0c6f83bdab@outlook.com""},""message"":""DOC Ensures that PowerTransformer passes numpydoc validation (#21015)\n\nCo-authored-by: Guillaume Lemaitre <g.lemaitre58@gmail.com>"",""distinct"":false,""url"":""https://api.github.com/repos/lesteve/scikit-learn/commits/597df0ad17fa75d7a6832f71e7859fcb1925e29c""},{""sha"":""dd738a32cb6b54f32bc912a652f6069c0999b498"",""author"":{""name"":""genvalen"",""email"":""458503fee7350f33c7d928f6c4f83d273caaa148@protonmail.com""},""message"":""DOC Ensures that VarianceThreshold passes numpydoc validation (#21034)"",""distinct"":false,""url"":""https://api.github.com/repos/lesteve/scikit-learn/commits/dd738a32cb6b54f32bc912a652f6069c0999b498""},{""sha"":""66f6fb3816ce5dc42db424dea42c55edff09bf0a"",""author"":{""name"":""genvalen"",""email"":""458503fee7350f33c7d928f6c4f83d273caaa148@protonmail.com""},""message"":""DOC Ensures that SequentialFeatureSelector passes numpydoc validation (#21035)"",""distinct"":false,""url"":""https://api.github.com/repos/lesteve/scikit-learn/commits/66f6fb3816ce5dc42db424dea42c55edff09bf0a""},{""sha"":""d21847c4f4476b5cfe7dfa99da1538c35a8bb1e0"",""author"":{""name"":""Guillaume Lemaitre"",""email"":""e5e78d384e205244ed69377c80930de68a2732ec@gmail.com""},""message"":""FIX use same API for CalibrationDisplay than other Display (#21031)\n\n* FIX use same API for CalibrationDisplay than other Display\r\n\r\n* Update sklearn/calibration.py\r\n\r\nCo-authored-by: Thomas J. Fan <thomasjpfan@gmail.com>\r\n\r\n* iter\r\n\r\nCo-authored-by: Thomas J. Fan <thomasjpfan@gmail.com>"",""distinct"":false,""url"":""https://api.github.com/repos/lesteve/scikit-learn/commits/d21847c4f4476b5cfe7dfa99da1538c35a8bb1e0""},{""sha"":""129a5d7e863535b5edc66c8982fc120558d96a32"",""author"":{""name"":""Bharat Raghunathan"",""email"":""5c7faf937c637877dd1664c2b613d99528265ce1@gmail.com""},""message"":""DOC Ensures that OrdinalEncoder passes numpydoc validation (#21030)\n\nCo-authored-by: Guillaume Lemaitre <g.lemaitre58@gmail.com>"",""distinct"":false,""url"":""https://api.github.com/repos/lesteve/scikit-learn/commits/129a5d7e863535b5edc66c8982fc120558d96a32""},{""sha"":""3271f7655c63d681372901b3566d84b14fa478b4"",""author"":{""name"":""Adrin Jalali"",""email"":""c2e71c99a89dffcbbc40ea50f906e1e30b8fca14@gmail.com""},""message"":""DOC more whats new 1.0 fixes (#21036)"",""distinct"":false,""url"":""https://api.github.com/repos/lesteve/scikit-learn/commits/3271f7655c63d681372901b3566d84b14fa478b4""},{""sha"":""39c90dbc83848ddfd3cfb6b05653a77f81402368"",""author"":{""name"":""EricEllwanger"",""email"":""a38ee1d0152bac93290666c041d692774b9a9e25@users.noreply.github.com""},""message"":""DOC - Ensures HalvingGridSearchCV and HalvingRandomSearchCV pass numpydoc validation (#21037)\n\nCo-authored-by: frellwan <frellwan@hotmail.com>"",""distinct"":false,""url"":""https://api.github.com/repos/lesteve/scikit-learn/commits/39c90dbc83848ddfd3cfb6b05653a77f81402368""},{""sha"":""f309ffb2a6c7638f25eda75873578c948a2bdecc"",""author"":{""name"":""Shubhraneel Pal"",""email"":""043e4611852bfdd62a6f10122c12565a4d9df72a@gmail.com""},""message"":""ENH add support for `'passthrough'` in FeatureUnion (#20860)\n\nCo-authored-by: shubhraneel <shubhraneel@gmail.com>\r\nCo-authored-by: Guillaume Lemaitre <g.lemaitre58@gmail.com>\r\nCo-authored-by: Olivier Grisel <olivier.grisel@ensta.org>\r\nCo-authored-by: Thomas J. Fan <thomasjpfan@gmail.com>"",""distinct"":false,""url"":""https://api.github.com/repos/lesteve/scikit-learn/commits/f309ffb2a6c7638f25eda75873578c948a2bdecc""},{""sha"":""2e8c9b17a632eb6eeb8a8e80da424bd0880a65c3"",""author"":{""name"":""Haoyin Xu"",""email"":""3b34d2ea69a1bfced56506358067e3acab7b6ed6@gmail.com""},""message"":""FIX enable blank issue creation (#21044)"",""distinct"":false,""url"":""https://api.github.com/repos/lesteve/scikit-learn/commits/2e8c9b17a632eb6eeb8a8e80da424bd0880a65c3""},{""sha"":""d69e75968eaf2e3145631962aa41d97ca903f566"",""author"":{""name"":""Juan Martin Loyola"",""email"":""bac18c3815d8dcc0c5d975b27af08b0c6f83bdab@outlook.com""},""message"":""DOC Ensures that MDS passes numpydoc validation (#21048)"",""distinct"":false,""url"":""https://api.github.com/repos/lesteve/scikit-learn/commits/d69e75968eaf2e3145631962aa41d97ca903f566""},{""sha"":""5e1fd61ed5e6d898750e3a9de6a547f3cbd487fb"",""author"":{""name"":""Manimaran"",""email"":""b9a07e486cfbc3a2d7be7cc08445f187c3dd8c75@outlook.com""},""message"":""DOC Ensure MeanShift docstrings passes numpydoc validation (#21049)\n\nCo-authored-by: Guillaume Lemaitre <g.lemaitre58@gmail.com>"",""distinct"":false,""url"":""https://api.github.com/repos/lesteve/scikit-learn/commits/5e1fd61ed5e6d898750e3a9de6a547f3cbd487fb""},{""sha"":""32c5d05cbd7551fd983a250945013239e0e5cb94"",""author"":{""name"":""EricEllwanger"",""email"":""a38ee1d0152bac93290666c041d692774b9a9e25@users.noreply.github.com""},""message"":""DOC - Ensure HashingVectorizer passes numpydoc validation (#21047)\n\nCo-authored-by: frellwan <frellwan@hotmail.com>"",""distinct"":false,""url"":""https://api.github.com/repos/lesteve/scikit-learn/commits/32c5d05cbd7551fd983a250945013239e0e5cb94""},{""sha"":""eff749a3c638989eba6283d1363646707d3291f0"",""author"":{""name"":""Guillaume Lemaitre"",""email"":""e5e78d384e205244ed69377c80930de68a2732ec@gmail.com""},""message"":""TST enable tests K-means for MacOS (#21052)"",""distinct"":false,""url"":""https://api.github.com/repos/lesteve/scikit-learn/commits/eff749a3c638989eba6283d1363646707d3291f0""},{""sha"":""5f6abe6f7d64fb5e1fa7dccc0aaf4ec2e217cdc4"",""author"":{""name"":""Haoyin Xu"",""email"":""3b34d2ea69a1bfced56506358067e3acab7b6ed6@gmail.com""},""message"":""MAINT remove duplicate category (#21056)"",""distinct"":false,""url"":""https://api.github.com/repos/lesteve/scikit-learn/commits/5f6abe6f7d64fb5e1fa7dccc0aaf4ec2e217cdc4""}]",,,,,,,,,,
18161105624,PushEvent,true,2021-09-27 09:42:29.000000 UTC,1680079,lesteve,7576906,lesteve/scikit-learn,"""refs/heads/cross-val-score-error-when-all-fits-fail""",,,8021052004,1,1,"[{""sha"":""561ff89339d7b76e8bccc48e1ea8798610659017"",""author"":{""name"":""Loïc Estève"",""email"":""b4f57ceb208f2c5eae4e1192d707c3466a564837@ymail.com""},""message"":""Fix PR number"",""distinct"":true,""url"":""https://api.github.com/repos/lesteve/scikit-learn/commits/561ff89339d7b76e8bccc48e1ea8798610659017""}]",,,,,,,,,,
18160987948,CreateEvent,true,2021-09-27 09:34:31.000000 UTC,7454015,glemaitre,49886894,glemaitre/scikit-learn,"""is/doc_gpc""","""branch""","""user""",,,,,,,,,,,,,,
18161163942,PushEvent,true,2021-09-27 09:46:21.000000 UTC,7454015,glemaitre,49886894,glemaitre/scikit-learn,"""refs/heads/is/21029""",,,8021079018,1,1,"[{""sha"":""23e87df80b7507a7b66c86c42b4b5cb920f57633"",""author"":{""name"":""Guillaume Lemaitre"",""email"":""e5e78d384e205244ed69377c80930de68a2732ec@gmail.com""},""message"":""Update sklearn/calibration.py\n\nCo-authored-by: Thomas J. Fan <thomasjpfan@gmail.com>"",""distinct"":true,""url"":""https://api.github.com/repos/glemaitre/scikit-learn/commits/23e87df80b7507a7b66c86c42b4b5cb920f57633""}]",,,,,,,,,,
18161225418,PushEvent,true,2021-09-27 09:50:26.000000 UTC,39814207,pull[bot],376211073,sloppyjuicy/tensorflow,"""refs/heads/master""",,,8021107251,10,10,"[{""sha"":""e05e0f6068c55056c7be00e7c4e8281cafde59cf"",""author"":{""name"":""A. Unique TensorFlower"",""email"":""746aced590a184ef4169166e753f7c211e32e5fc@tensorflow.org""},""message"":""Go: Update generated wrapper functions for TensorFlow ops.\n\nPiperOrigin-RevId: 399083662\nChange-Id: I7025a7710ac2582f05cdcd4116b654fddc658a53"",""distinct"":true,""url"":""https://api.github.com/repos/sloppyjuicy/tensorflow/commits/e05e0f6068c55056c7be00e7c4e8281cafde59cf""},{""sha"":""9aecb36fa51c64e07b38e00639bec87a992c3170"",""author"":{""name"":""Jing Dong"",""email"":""d30e2b8d11e514c224487cb7c6b7b0ab8b9fd9fd@google.com""},""message"":""Move tpu_runner out of experimental directory as it is now being deployed in prodution.\n\nWe will move the test files and tpu_fused_kernel directory out of the experimental directory in follow up CLs.\n\nPiperOrigin-RevId: 399087254\nChange-Id: Ifddeb5f7eba9ae87eaf8edcc4a914aa17ebb3e63"",""distinct"":true,""url"":""https://api.github.com/repos/sloppyjuicy/tensorflow/commits/9aecb36fa51c64e07b38e00639bec87a992c3170""},{""sha"":""d9d2b4498923dde31cce0e7d2f0e0f828a591a98"",""author"":{""name"":""Thai Nguyen"",""email"":""77c7cb715bbfb6a72d1c8dd380160fd6eb2ba9c0@google.com""},""message"":""Refactoring: Move all metric-related code to a common directory\n\nThis makes the file structure cleaner as it collects all metric-related file under \""lite/python/\"" and it makes more sense for \""converter_error_data.proto\"" to stay under a directory named \""metrics\"" than \""metrics_wrapper\"".\n\nBesides, at the moment, if we want to add a new metric-related file, we have to choose between adding it to \""metrics_wrapper\"" (which might not match the purpose of the new file) and \""lite/python/\"" (which is too general and already crowded). Having a \""metrics\"" directory will fill that gap.\n\nPiperOrigin-RevId: 399091254\nChange-Id: I789eca7d8699b2c786b6c4b6e8f2c6daf8f9a369"",""distinct"":true,""url"":""https://api.github.com/repos/sloppyjuicy/tensorflow/commits/d9d2b4498923dde31cce0e7d2f0e0f828a591a98""},{""sha"":""866bade85dec9a231350201fb147f9381eee55c7"",""author"":{""name"":""Stella Laurenzo"",""email"":""6e272f397544edbefaff5c117839061e3c31e01f@google.com""},""message"":""Remove deprecation on int64 type.\n\nI have half a million lines of log-spew in my CI from this and clearly there has been ~no effort in the codebase to actually stop using it. Please do not deprecate such a critical type until at least its own codebase has substantially migrated off of it.\n\nPiperOrigin-RevId: 399093429\nChange-Id: I807d9e6c79c4c33f4a50f88ba28fe5fda194ddd4"",""distinct"":true,""url"":""https://api.github.com/repos/sloppyjuicy/tensorflow/commits/866bade85dec9a231350201fb147f9381eee55c7""},{""sha"":""e37a3a8341b1d4a600d82abe5daa8d79ad5f59cd"",""author"":{""name"":""A. Unique TensorFlower"",""email"":""746aced590a184ef4169166e753f7c211e32e5fc@tensorflow.org""},""message"":""Go: Update generated wrapper functions for TensorFlow ops.\n\nPiperOrigin-RevId: 399104960\nChange-Id: I49bb85868f907fcefe5da405f0978242e9337999"",""distinct"":true,""url"":""https://api.github.com/repos/sloppyjuicy/tensorflow/commits/e37a3a8341b1d4a600d82abe5daa8d79ad5f59cd""},{""sha"":""9ffa4a9d9e3e4d3c0f00ca90e3845cbe0f1dba72"",""author"":{""name"":""A. Unique TensorFlower"",""email"":""746aced590a184ef4169166e753f7c211e32e5fc@tensorflow.org""},""message"":""Go: Update generated wrapper functions for TensorFlow ops.\n\nPiperOrigin-RevId: 399116682\nChange-Id: I536914a8ae8cdc6423ef416ff38a3460dd63fa90"",""distinct"":true,""url"":""https://api.github.com/repos/sloppyjuicy/tensorflow/commits/9ffa4a9d9e3e4d3c0f00ca90e3845cbe0f1dba72""},{""sha"":""ab6d2f4442e92b058e2e6c7ff40d5094cd9a48cc"",""author"":{""name"":""Christian Sigg"",""email"":""bf0bb771be8a27677291ada19f594af5450440c6@google.com""},""message"":""Remove unused lit_test() macro.\n\nPiperOrigin-RevId: 399133502\nChange-Id: I7c96b95806a5b06d39a4fed1dc0249deb8e07ec7"",""distinct"":true,""url"":""https://api.github.com/repos/sloppyjuicy/tensorflow/commits/ab6d2f4442e92b058e2e6c7ff40d5094cd9a48cc""},{""sha"":""ebea4a60f0557f7b1c906c81b308a3a738c4d234"",""author"":{""name"":""A. Unique TensorFlower"",""email"":""746aced590a184ef4169166e753f7c211e32e5fc@tensorflow.org""},""message"":""Go: Update generated wrapper functions for TensorFlow ops.\n\nPiperOrigin-RevId: 399133830\nChange-Id: I33fb9d930694179b5acda6695e9c0dd6b61d8329"",""distinct"":true,""url"":""https://api.github.com/repos/sloppyjuicy/tensorflow/commits/ebea4a60f0557f7b1c906c81b308a3a738c4d234""},{""sha"":""8d174a2dc65dd86d437efd72de27ce1ed3d73470"",""author"":{""name"":""A. Unique TensorFlower"",""email"":""746aced590a184ef4169166e753f7c211e32e5fc@tensorflow.org""},""message"":""Update GraphDef version to 902.\n\nPiperOrigin-RevId: 399136060\nChange-Id: Ic4b0ae4152e9dbcd1ad9f6b240c92c900824a617"",""distinct"":true,""url"":""https://api.github.com/repos/sloppyjuicy/tensorflow/commits/8d174a2dc65dd86d437efd72de27ce1ed3d73470""},{""sha"":""5c689295afe0b2d9c0928fcb98ba0b0356ede22b"",""author"":{""name"":""A. Unique TensorFlower"",""email"":""746aced590a184ef4169166e753f7c211e32e5fc@tensorflow.org""},""message"":""compat: Update forward compatibility horizon to 2021-09-27\n\nPiperOrigin-RevId: 399136069\nChange-Id: Id07d962b4b0ee0dd5ba2b81aa126d614f4dd54ce"",""distinct"":true,""url"":""https://api.github.com/repos/sloppyjuicy/tensorflow/commits/5c689295afe0b2d9c0928fcb98ba0b0356ede22b""}]",,,,,,,,,,
18161225611,PullRequestEvent,true,2021-09-27 09:50:26.000000 UTC,39814207,pull[bot],376211073,sloppyjuicy/tensorflow,,,,,,,,"""closed""",341,,,,,,,,
18161102578,CreateEvent,true,2021-09-27 09:42:17.000000 UTC,17539174,wangchengming666,395554123,wangchengming666/dubbo,"""enhance-AvailableClusterInvoker-unit-test""","""branch""","""user""",,,,,,,,,,,,,,
18160488347,PushEvent,true,2021-09-27 09:03:38.000000 UTC,29714803,FranklynVidal,410800869,FranklynVidal/terraform,"""refs/heads/master""",,,8020767345,1,1,"[{""sha"":""355b90bbb756c4dbe9d76089cd5c1d3db0a58e1d"",""author"":{""name"":""Franklyn"",""email"":""22ccab1c00b1e84ae9537531a4a7ad30051a97e6@gmail.com""},""message"":""Set up CI with Azure Pipelines\n\n[skip ci]"",""distinct"":true,""url"":""https://api.github.com/repos/FranklynVidal/terraform/commits/355b90bbb756c4dbe9d76089cd5c1d3db0a58e1d""}]",,,,,,,,,,
18160714544,PushEvent,true,2021-09-27 09:17:12.000000 UTC,50947817,robinthibaut,345631235,robinthibaut/scikit-learn,"""refs/heads/main""",,,8020868894,705,705,"[{""sha"":""95c3c762fbc39799639279a1ad35716375a7a6e8"",""author"":{""name"":""Alessia Marcolini"",""email"":""09e2c1984abaa02d564f53d2a2a539e2ac323dea@gmail.com""},""message"":""DOC Fix typo in plot_multi_metric_evaluation example (#19675)"",""distinct"":true,""url"":""https://api.github.com/repos/robinthibaut/scikit-learn/commits/95c3c762fbc39799639279a1ad35716375a7a6e8""},{""sha"":""77e998db353206e45e0d15ba6f8ab0fc412a7077"",""author"":{""name"":""cliffordEmmanuel"",""email"":""f17791aec60263910034b4f91952f7f39617ebf8@users.noreply.github.com""},""message"":""ENH Deprecated the default random_state=0 in randomized_svd (#19670)\n\nCo-authored-by: Thomas J. Fan <thomasjpfan@gmail.com>\r\nCo-authored-by: cinbez <cindyb@lightstone.co.za>"",""distinct"":true,""url"":""https://api.github.com/repos/robinthibaut/scikit-learn/commits/77e998db353206e45e0d15ba6f8ab0fc412a7077""},{""sha"":""ac6dea5b7ebcd7a6b8d8b0d499d9c57d6a7d8939"",""author"":{""name"":""Vilém Zouhar"",""email"":""9bd46fb3c99bee4dca9f12bc1b173cf5d1adabd6@gmail.com""},""message"":""MNT Fix error message for Minkowski metric parameter (#19671)\n\nCo-authored-by: Thomas J. Fan <thomasjpfan@gmail.com>"",""distinct"":true,""url"":""https://api.github.com/repos/robinthibaut/scikit-learn/commits/ac6dea5b7ebcd7a6b8d8b0d499d9c57d6a7d8939""},{""sha"":""302106bcac4476ecdd76b8c03fddb454edbcad96"",""author"":{""name"":""LSturtew"",""email"":""73afd2f7ed88c84167b44e1f8de7480057b2fd7a@users.noreply.github.com""},""message"":""FIX RuntimeWarning by dividing by zero in test_iforest_with_uniform_data  (#19622)"",""distinct"":true,""url"":""https://api.github.com/repos/robinthibaut/scikit-learn/commits/302106bcac4476ecdd76b8c03fddb454edbcad96""},{""sha"":""d996eaf088eda47a57aa64ae457d37b8fdfb499e"",""author"":{""name"":""Thomas J. Fan"",""email"":""5e8796a332fafc9c261437cd1787ae2709a896a7@gmail.com""},""message"":""ENH Adds _num_features for array-likes (#19633)\n\n\r\nCo-authored-by: Olivier Grisel <olivier.grisel@ensta.org>\r\nCo-authored-by: Christian Lorentzen <lorentzen.ch@gmail.com>"",""distinct"":true,""url"":""https://api.github.com/repos/robinthibaut/scikit-learn/commits/d996eaf088eda47a57aa64ae457d37b8fdfb499e""},{""sha"":""edc4f15f0d46b4d26c107894b80548474f25931b"",""author"":{""name"":""Alihan Zihna"",""email"":""1d9bfb28eb3486e07d7f48604b9f449ddc9cc0e9@gmail.com""},""message"":""TST Change assert from sklearn to pytest style in tests/test_pipeline.py (#19678)"",""distinct"":true,""url"":""https://api.github.com/repos/robinthibaut/scikit-learn/commits/edc4f15f0d46b4d26c107894b80548474f25931b""},{""sha"":""b7b510f9dbc87500e79301873852c6247c440a3e"",""author"":{""name"":""Mathis Batoul"",""email"":""4680d214fc9db5f4474ced6ecec16b3a6eaba5c9@gmail.com""},""message"":""FIX RuntimeWarning division by zero in check_classifiers_one_label (#19690)"",""distinct"":true,""url"":""https://api.github.com/repos/robinthibaut/scikit-learn/commits/b7b510f9dbc87500e79301873852c6247c440a3e""},{""sha"":""fcf4740b4538657997b0f4b8015728d64e2d563e"",""author"":{""name"":""Olivier Grisel"",""email"":""2debdaedc015a28b6d296a878ea9501beb58cbd4@gmail.com""},""message"":""TST Add a test to check the consistency of the Ridge and ElasticNet(l1_ratio=0) solutions (#19620)"",""distinct"":true,""url"":""https://api.github.com/repos/robinthibaut/scikit-learn/commits/fcf4740b4538657997b0f4b8015728d64e2d563e""},{""sha"":""36e43582c03f5933da15d833b71dc37eaafb436e"",""author"":{""name"":""Steve Stagg"",""email"":""cdc9d72d061dfab80e9d9f216f685dfa704b2724@gmail.com""},""message"":""[MRG] Fix documentation for russelrao formula (#19695)"",""distinct"":true,""url"":""https://api.github.com/repos/robinthibaut/scikit-learn/commits/36e43582c03f5933da15d833b71dc37eaafb436e""},{""sha"":""95b7c680ab027fcd23bcbf47ebae58ee3e130ec9"",""author"":{""name"":""mlondschien"",""email"":""c326cc7b8570fda04ec421b3a5d819afa64fb7f1@users.noreply.github.com""},""message"":""ENH Add periodic extrapolation to SplineTransformer (#19483)\n\nCo-authored-by: Olivier Grisel <olivier.grisel@ensta.org>\r\nCo-authored-by: Christian Lorentzen <lorentzen.ch@gmail.com>"",""distinct"":true,""url"":""https://api.github.com/repos/robinthibaut/scikit-learn/commits/95b7c680ab027fcd23bcbf47ebae58ee3e130ec9""},{""sha"":""edc69954771a6390b0e10be8309e0a47df5c0189"",""author"":{""name"":""Juan Carlos Alfaro Jiménez"",""email"":""26ee155be2a94d28f82dfce99df9031a1a9dfe18@uclm.es""},""message"":""CI Use conda instead of pip to install anaconda-client (#19528)"",""distinct"":true,""url"":""https://api.github.com/repos/robinthibaut/scikit-learn/commits/edc69954771a6390b0e10be8309e0a47df5c0189""},{""sha"":""9a186a599d5b4f75f9798211a04b4dc88b4f926a"",""author"":{""name"":""Olivier Grisel"",""email"":""2debdaedc015a28b6d296a878ea9501beb58cbd4@gmail.com""},""message"":""MAINT Python 3.9 in badge on README.rst (#19702)"",""distinct"":true,""url"":""https://api.github.com/repos/robinthibaut/scikit-learn/commits/9a186a599d5b4f75f9798211a04b4dc88b4f926a""},{""sha"":""04f84c6d082864c208682d27256ff74b7b488734"",""author"":{""name"":""Sean Benhur J"",""email"":""c72cc2ba45e74274f965099d2f2d35768ad21434@users.noreply.github.com""},""message"":""DOC Added utils.gen_batches in documentation (#19688)"",""distinct"":true,""url"":""https://api.github.com/repos/robinthibaut/scikit-learn/commits/04f84c6d082864c208682d27256ff74b7b488734""},{""sha"":""2e7009bc69f6fec93e8f3c59dd76b082b473148d"",""author"":{""name"":""Thomas J. Fan"",""email"":""5e8796a332fafc9c261437cd1787ae2709a896a7@gmail.com""},""message"":""ENH Better error for corrupted files in fetch_kddcup99 (#19669)"",""distinct"":true,""url"":""https://api.github.com/repos/robinthibaut/scikit-learn/commits/2e7009bc69f6fec93e8f3c59dd76b082b473148d""},{""sha"":""ca9618c0e228b67293c422e99a0f133c3384f7b2"",""author"":{""name"":""Avi Gupta"",""email"":""41e87f65ac432b1df00f2669d8eae91e37c4c102@users.noreply.github.com""},""message"":""MNT move PolynomialFeatures from _data.py to _polynomial.py (#19611)\n\nCo-authored-by: Roman Yurchak <rth.yurchak@gmail.com>"",""distinct"":true,""url"":""https://api.github.com/repos/robinthibaut/scikit-learn/commits/ca9618c0e228b67293c422e99a0f133c3384f7b2""},{""sha"":""0d7d46f3bef0a2f943ee321f0f979ced165e0477"",""author"":{""name"":""Mathieu Blondel"",""email"":""965cc652f9c7f1158deba4be373a24f54042db2a@google.com""},""message"":""Fix typo in elastic net docstring. (#19711)\n\n* Fix typo in elastic net docstring.\r\n\r\n* Use norms more explicitly."",""distinct"":true,""url"":""https://api.github.com/repos/robinthibaut/scikit-learn/commits/0d7d46f3bef0a2f943ee321f0f979ced165e0477""},{""sha"":""bf4049cbef568fa211ec155cb724001fff742dbd"",""author"":{""name"":""flyingdutchman23"",""email"":""10c683bfa6a8cc2d411f18a456f8fc6b46737298@posteo.eu""},""message"":""DOC Correct scorer documentation (#19720)\n\nCo-authored-by: Joris Clement <joris.clement@cyren.com>"",""distinct"":true,""url"":""https://api.github.com/repos/robinthibaut/scikit-learn/commits/bf4049cbef568fa211ec155cb724001fff742dbd""},{""sha"":""b9d6db81ec2e75ec40404db49f97999a08f00c55"",""author"":{""name"":""Christian Lorentzen"",""email"":""9418c66efc1fe36fdae4d3b96d40e9819e993828@gmail.com""},""message"":""[MRG] ENH Consistent loss name for squared error (#19310)"",""distinct"":true,""url"":""https://api.github.com/repos/robinthibaut/scikit-learn/commits/b9d6db81ec2e75ec40404db49f97999a08f00c55""},{""sha"":""071ddc75e92917d372f84e20a7fca15c1b7c6ca0"",""author"":{""name"":""Avi Gupta"",""email"":""41e87f65ac432b1df00f2669d8eae91e37c4c102@users.noreply.github.com""},""message"":""Removed assert_warns_message from gaussian_process/tests (#19697)"",""distinct"":true,""url"":""https://api.github.com/repos/robinthibaut/scikit-learn/commits/071ddc75e92917d372f84e20a7fca15c1b7c6ca0""},{""sha"":""cc1b171af86dee040d933aeeae64439e85a0cd54"",""author"":{""name"":""Avi Gupta"",""email"":""41e87f65ac432b1df00f2669d8eae91e37c4c102@users.noreply.github.com""},""message"":""Replaced assert_raises from utils/tests/test_estimator_checks (#19709)"",""distinct"":true,""url"":""https://api.github.com/repos/robinthibaut/scikit-learn/commits/cc1b171af86dee040d933aeeae64439e85a0cd54""}]",,,,,,,,,,
18160757570,PushEvent,true,2021-09-27 09:19:55.000000 UTC,50947817,robinthibaut,345631235,robinthibaut/scikit-learn,"""refs/heads/PLS_Y_inverse_transform""",,,8020888466,1,1,"[{""sha"":""176dd2b8e1b692a59f8e53a5c034c2c06601ce9d"",""author"":{""name"":""Robin Thibaut"",""email"":""d61e20ff0886cd165f46f24034e33c72cd899a1e@ugent.be""},""message"":""Update sklearn/cross_decomposition/_pls.py\n\nCo-authored-by: Guillaume Lemaitre <g.lemaitre58@gmail.com>"",""distinct"":true,""url"":""https://api.github.com/repos/robinthibaut/scikit-learn/commits/176dd2b8e1b692a59f8e53a5c034c2c06601ce9d""}]",,,,,,,,,,
18160750060,PullRequestEvent,true,2021-09-27 09:19:25.000000 UTC,50947817,robinthibaut,345631235,robinthibaut/scikit-learn,,,,,,,,"""closed""",2,,,,,,,,
18161097878,PushEvent,true,2021-09-27 09:41:59.000000 UTC,50947817,robinthibaut,345631235,robinthibaut/scikit-learn,"""refs/heads/PLS_Y_inverse_transform""",,,8021048417,1,1,"[{""sha"":""a68422ada549b632ccbb1639ab574fcc867ac07d"",""author"":{""name"":""Robin Thibaut"",""email"":""d61e20ff0886cd165f46f24034e33c72cd899a1e@ugent.be""},""message"":""Added test for inverse transform of Y"",""distinct"":true,""url"":""https://api.github.com/repos/robinthibaut/scikit-learn/commits/a68422ada549b632ccbb1639ab574fcc867ac07d""}]",,,,,,,,,,
18160456235,PushEvent,true,2021-09-27 09:01:47.000000 UTC,4741199,stefan-niedermann,409554011,stefan-niedermann/phoenix,"""refs/heads/master""",,,8020752988,1,1,"[{""sha"":""db8c297a3d7065b7cd8dac579d5db46634d9e1c8"",""author"":{""name"":""Stefan Niedermann"",""email"":""59bd0a3ff43b32849b319e645d4798d8a5d1e889@niedermann.it""},""message"":""Adjust quote styling"",""distinct"":true,""url"":""https://api.github.com/repos/stefan-niedermann/phoenix/commits/db8c297a3d7065b7cd8dac579d5db46634d9e1c8""}]",,,,,,,,,,
18160932994,PushEvent,true,2021-09-27 09:30:57.000000 UTC,3234522,DimitriPapadopoulos,406690667,DimitriPapadopoulos/scikit-learn,"""refs/heads/scipy_externals""",,,8020970055,3,1,"[{""sha"":""1b51ae220ebd5249e640e0d418ea2d802a51a76d"",""author"":{""name"":""Juan Martin Loyola"",""email"":""bac18c3815d8dcc0c5d975b27af08b0c6f83bdab@outlook.com""},""message"":""DOC Ensures that MissingIndicator passes numpydoc validation (#21149)"",""distinct"":false,""url"":""https://api.github.com/repos/DimitriPapadopoulos/scikit-learn/commits/1b51ae220ebd5249e640e0d418ea2d802a51a76d""},{""sha"":""6e2388f9016c07a813fa5925f9429f1b2ea4f217"",""author"":{""name"":""Juan Martin Loyola"",""email"":""bac18c3815d8dcc0c5d975b27af08b0c6f83bdab@outlook.com""},""message"":""DOC Ensures that RobustScaler passes numpydoc validation (#21155)"",""distinct"":false,""url"":""https://api.github.com/repos/DimitriPapadopoulos/scikit-learn/commits/6e2388f9016c07a813fa5925f9429f1b2ea4f217""},{""sha"":""550524fde9caa9d250c959e79b501e5bbe827a40"",""author"":{""name"":""Dimitri Papadopoulos"",""email"":""cadff36249149a6a16cb05b20ee2bf0e101c0f1f@users.noreply.github.com""},""message"":""from __future__ import: not needed in Python 3\n\nWhile these files originate in SciPy, they have been removed from SciPy\nand are now maintained here."",""distinct"":true,""url"":""https://api.github.com/repos/DimitriPapadopoulos/scikit-learn/commits/550524fde9caa9d250c959e79b501e5bbe827a40""}]",,,,,,,,,,
18161164242,IssueCommentEvent,true,2021-09-27 09:46:22.000000 UTC,25682169,naah69,4710920,apache/dubbo,,,,,,,,"""created""",,,,,,,,,
18161121349,PullRequestEvent,true,2021-09-27 09:43:32.000000 UTC,17539174,wangchengming666,4710920,apache/dubbo,,,,,,,,"""opened""",8934,,,,,,,,
18161288303,IssuesEvent,true,2021-09-27 09:54:29.000000 UTC,25682169,naah69,4710920,apache/dubbo,,,,,,,,"""opened""",,,,,,,,,
18160627951,IssuesEvent,true,2021-09-27 09:11:54.000000 UTC,38072365,iansedano,10270250,facebook/react,,,,,,,,"""opened""",,,,,,,,,
18160854381,WatchEvent,true,2021-09-27 09:25:57.000000 UTC,55937046,zhengAnBin,10270250,facebook/react,,,,,,,,"""started""",,,,,,,,,
18161171916,WatchEvent,true,2021-09-27 09:46:53.000000 UTC,52861273,toniohk,10270250,facebook/react,,,,,,,,"""started""",,,,,,,,,
18160440034,WatchEvent,true,2021-09-27 09:00:50.000000 UTC,38696269,evadcmd,10270250,facebook/react,,,,,,,,"""started""",,,,,,,,,
18160489441,WatchEvent,true,2021-09-27 09:03:42.000000 UTC,58541952,shomaisshi,10270250,facebook/react,,,,,,,,"""started""",,,,,,,,,
18161270317,IssueCommentEvent,true,2021-09-27 09:53:20.000000 UTC,1823689,artem-malko,10270250,facebook/react,,,,,,,,"""created""",,,,,,,,,
18160548161,PullRequestEvent,true,2021-09-27 09:07:13.000000 UTC,1549069,behnammodi,10270250,facebook/react,,,,,,,,"""opened""",22438,,,,,,,,
18161221584,IssueCommentEvent,true,2021-09-27 09:50:11.000000 UTC,50947817,robinthibaut,843222,scikit-learn/scikit-learn,,,,,,,,"""created""",,,,,,,,,
18160467125,PullRequestReviewEvent,true,2021-09-27 09:02:24.000000 UTC,7454015,glemaitre,843222,scikit-learn/scikit-learn,,,,,,,,"""created""",21156,,,"""commented""","""CONTRIBUTOR""",,,,
18160903302,IssueCommentEvent,true,2021-09-27 09:29:05.000000 UTC,7454015,glemaitre,843222,scikit-learn/scikit-learn,,,,,,,,"""created""",,,,,,,,,
18160598894,IssueCommentEvent,true,2021-09-27 09:10:09.000000 UTC,1680079,lesteve,843222,scikit-learn/scikit-learn,,,,,,,,"""created""",,,,,,,,,
18161358660,IssueCommentEvent,true,2021-09-27 09:59:11.000000 UTC,89061,ogrisel,843222,scikit-learn/scikit-learn,,,,,,,,"""created""",,,,,,,,,
18160736764,IssueCommentEvent,true,2021-09-27 09:18:34.000000 UTC,89061,ogrisel,843222,scikit-learn/scikit-learn,,,,,,,,"""created""",,,,,,,,,
18161041929,IssueCommentEvent,true,2021-09-27 09:38:09.000000 UTC,7454015,glemaitre,843222,scikit-learn/scikit-learn,,,,,,,,"""created""",,,,,,,,,
18161294911,IssueCommentEvent,true,2021-09-27 09:54:55.000000 UTC,3234522,DimitriPapadopoulos,843222,scikit-learn/scikit-learn,,,,,,,,"""created""",,,,,,,,,
18161201835,IssueCommentEvent,true,2021-09-27 09:48:53.000000 UTC,89061,ogrisel,843222,scikit-learn/scikit-learn,,,,,,,,"""created""",,,,,,,,,
18160578954,PullRequestEvent,true,2021-09-27 09:08:58.000000 UTC,7454015,glemaitre,843222,scikit-learn/scikit-learn,,,,,,,,"""closed""",21159,,,,,,,,
18160820795,PullRequestReviewEvent,true,2021-09-27 09:23:51.000000 UTC,1680079,lesteve,843222,scikit-learn/scikit-learn,,,,,,,,"""created""",21026,,,"""commented""","""MEMBER""",,,,
18161025946,PullRequestEvent,true,2021-09-27 09:37:04.000000 UTC,7454015,glemaitre,843222,scikit-learn/scikit-learn,,,,,,,,"""closed""",21156,,,,,,,,
18160820847,PullRequestReviewCommentEvent,true,2021-09-27 09:23:50.000000 UTC,1680079,lesteve,843222,scikit-learn/scikit-learn,,,,,,,,"""created""",21026,,,,,,,,
18160991898,IssueCommentEvent,true,2021-09-27 09:34:47.000000 UTC,89061,ogrisel,843222,scikit-learn/scikit-learn,,,,,,,,"""created""",,,,,,,,,
18161202690,IssuesEvent,true,2021-09-27 09:48:56.000000 UTC,393286,cforce,17728164,hashicorp/terraform,,,,,,,,"""opened""",,,,,,,,,
18160959135,ForkEvent,true,2021-09-27 09:32:37.000000 UTC,6556891,mzamecnik,17728164,hashicorp/terraform,,,,,,,,,,"""mzamecnik/terraform""",,,,,,,
18160514635,PullRequestReviewEvent,true,2021-09-27 09:05:13.000000 UTC,16487352,zihaomu,5108051,opencv/opencv,,,,,,,,"""created""",20702,,,"""commented""","""CONTRIBUTOR""",,,,
18160514630,PullRequestReviewEvent,true,2021-09-27 09:05:13.000000 UTC,16487352,zihaomu,5108051,opencv/opencv,,,,,,,,"""created""",20702,,,"""commented""","""CONTRIBUTOR""",,,,
18160823703,WatchEvent,true,2021-09-27 09:24:02.000000 UTC,22726768,Anim-101,5108051,opencv/opencv,,,,,,,,"""started""",,,,,,,,,
18161022545,PullRequestReviewEvent,true,2021-09-27 09:36:50.000000 UTC,25690309,fpetrogalli,5108051,opencv/opencv,,,,,,,,"""created""",20712,,,"""commented""","""CONTRIBUTOR""",,,,
18161323425,WatchEvent,true,2021-09-27 09:56:49.000000 UTC,61452855,nooooooom,5108051,opencv/opencv,,,,,,,,"""started""",,,,,,,,,
18160575394,ForkEvent,true,2021-09-27 09:08:45.000000 UTC,40390867,cameled,45717250,tensorflow/tensorflow,,,,,,,,,,"""cameled/tensorflow""",,,,,,,
18161252840,PushEvent,true,2021-09-27 09:52:13.000000 UTC,56741989,copybara-service[bot],45717250,tensorflow/tensorflow,"""refs/heads/master""",,,8021118356,1,1,"[{""sha"":""bdc6a138403e8257841e8dff6d6b9322bb65053a"",""author"":{""name"":""Tres Popp"",""email"":""bb390cedfd91dd9be00fd9562bdc5562c5867450@google.com""},""message"":""Peel once on all tiled_loop dimensions\n\nThis CL assumes that the best single rule for loop peeling is to ensure that there is a single loop without any padding needed. All dimensions are peeled once to ensure that this loop exists. Other peeled loops could be peeled again to remove more padding, but the assumption is that in the common case, this will not be worth the IR size/compile time increase.\n\nThis is a temporary rule of thumb until more advanced heuristics can be created with multiple different code generation strategies depending on the input.\n\nPiperOrigin-RevId: 399143335\nChange-Id: Ie20653fc4d900c43b03107211c9cac4a3a89781c"",""distinct"":true,""url"":""https://api.github.com/repos/tensorflow/tensorflow/commits/bdc6a138403e8257841e8dff6d6b9322bb65053a""}]",,,,,,,,,,
18160826743,IssuesEvent,true,2021-09-27 09:24:13.000000 UTC,56610014,google-ml-butler[bot],45717250,tensorflow/tensorflow,,,,,,,,"""closed""",,,,,,,,,
18160674119,IssueCommentEvent,true,2021-09-27 09:14:44.000000 UTC,69719569,omxpro,45717250,tensorflow/tensorflow,,,,,,,,"""created""",,,,,,,,,
18160825583,IssueCommentEvent,true,2021-09-27 09:24:09.000000 UTC,56610014,google-ml-butler[bot],45717250,tensorflow/tensorflow,,,,,,,,"""created""",,,,,,,,,
18160826523,IssueCommentEvent,true,2021-09-27 09:24:12.000000 UTC,56610014,google-ml-butler[bot],45717250,tensorflow/tensorflow,,,,,,,,"""created""",,,,,,,,,
18160979835,WatchEvent,true,2021-09-27 09:33:59.000000 UTC,91463098,amirsichani,45717250,tensorflow/tensorflow,,,,,,,,"""started""",,,,,,,,,
18160903870,WatchEvent,true,2021-09-27 09:29:07.000000 UTC,15229428,ZuoMatthew,45717250,tensorflow/tensorflow,,,,,,,,"""started""",,,,,,,,,
18160877271,WatchEvent,true,2021-09-27 09:27:24.000000 UTC,74121353,solcloud,7691631,moby/moby,,,,,,,,"""started""",,,,,,,,,
18161004385,IssueCommentEvent,true,2021-09-27 09:35:36.000000 UTC,1804568,thaJeztah,7691631,moby/moby,,,,,,,,"""created""",,,,,,,,,
18160903848,IssueCommentEvent,true,2021-09-27 09:29:07.000000 UTC,1804568,thaJeztah,7691631,moby/moby,,,,,,,,"""created""",,,,,,,,,
18160963013,WatchEvent,true,2021-09-27 09:32:52.000000 UTC,63458773,STomkiel,39316535,azat-co/react,,,,,,,,"""started""",,,,,,,,,
18161035369,PullRequestEvent,true,2021-09-27 09:37:41.000000 UTC,11664811,acidmax76,404810962,acidmax76/react,,,,,,,,"""closed""",3,,,,,,,,
18161074993,PushEvent,true,2021-09-27 09:40:25.000000 UTC,83577603,JakobB1,400180414,JakobB1/netbeans,"""refs/heads/main""",,,8021037604,1,1,"[{""sha"":""7e3c5c6b38660a98052f6c6e51d1ebc9affacdf7"",""author"":{""name"":""Jakob Brkić"",""email"":""6deff9977e74ebd8fcc4245ececf4687391de5ee@users.noreply.github.com""},""message"":""vrijednosti"",""distinct"":true,""url"":""https://api.github.com/repos/JakobB1/netbeans/commits/7e3c5c6b38660a98052f6c6e51d1ebc9affacdf7""}]",,,,,,,,,,
18160934217,PushEvent,true,2021-09-27 09:31:01.000000 UTC,60080224,aaakch0316,390226147,leejaehee1/react,"""refs/heads/master""",,,8020970631,1,1,"[{""sha"":""fd57061c6b5c1efe16b4a34acb9510f81d7dccff"",""author"":{""name"":""aaakch0316"",""email"":""eba248b837e37626fe2a277d2f2385e5b16f12ae@gmail.com""},""message"":""PL-127 [+] create IssuedImage/CompletedImage modal at punchlist"",""distinct"":true,""url"":""https://api.github.com/repos/leejaehee1/react/commits/fd57061c6b5c1efe16b4a34acb9510f81d7dccff""}]",,,,,,,,,,
18160683732,PushEvent,true,2021-09-27 09:15:20.000000 UTC,25884820,muhanggaohs,408751283,muhanggaohs/react,"""refs/heads/master""",,,8020854870,1,1,"[{""sha"":""e99f0871c996127adfeadc87407c1e9e76171277"",""author"":{""name"":""muhanggaohs"",""email"":""90ef1c61900488f577acaf8365263fafaeb7d415@gmail.com""},""message"":""update"",""distinct"":true,""url"":""https://api.github.com/repos/muhanggaohs/react/commits/e99f0871c996127adfeadc87407c1e9e76171277""}]",,,,,,,,,,
18161024175,CreateEvent,true,2021-09-27 09:36:57.000000 UTC,61744926,huiyeongyoon,410823905,huiyeongyoon/react,,"""repository""","""user""",,,,,,,,,,,,,,
18161024377,CreateEvent,true,2021-09-27 09:36:58.000000 UTC,61744926,huiyeongyoon,410823905,huiyeongyoon/react,"""main""","""branch""","""user""",,,,,,,,,,,,,,
18160882428,PushEvent,true,2021-09-27 09:27:44.000000 UTC,88272223,manitashu,398606258,manitashu/terraform,"""refs/heads/main""",,,8020946225,1,1,"[{""sha"":""2119f4a80b1eac4a731dd1864a1cf381178b4018"",""author"":{""name"":""Manita Kushwaha"",""email"":""6a69d8f8b1692d348c6e2c4c7246a4277cc7b8ec@gmail.com""},""message"":""auto pushing chainges repo"",""distinct"":true,""url"":""https://api.github.com/repos/manitashu/terraform/commits/2119f4a80b1eac4a731dd1864a1cf381178b4018""}]",,,,,,,,,,
18161223769,PushEvent,true,2021-09-27 09:50:19.000000 UTC,13029839,jjerphan,172988086,jjerphan/scikit-learn,"""refs/heads/pairwise_aggregation_cython""",,,8021106488,1,1,"[{""sha"":""90cb9fd5ebcf9bd80c7a501ac41f38da30eb4ec1"",""author"":{""name"":""Julien Jerphanion"",""email"":""46f1a0bd5592a2f9244ca321b129902a06b53e03@jjerphan.xyz""},""message"":""Validate arrays for C-contiguity where needed"",""distinct"":true,""url"":""https://api.github.com/repos/jjerphan/scikit-learn/commits/90cb9fd5ebcf9bd80c7a501ac41f38da30eb4ec1""}]",,,,,,,,,,
18161227268,PushEvent,true,2021-09-27 09:50:32.000000 UTC,7454015,glemaitre,49886894,glemaitre/scikit-learn,"""refs/heads/is/follow_up_21029""",,,8021108064,2,1,"[{""sha"":""23e87df80b7507a7b66c86c42b4b5cb920f57633"",""author"":{""name"":""Guillaume Lemaitre"",""email"":""e5e78d384e205244ed69377c80930de68a2732ec@gmail.com""},""message"":""Update sklearn/calibration.py\n\nCo-authored-by: Thomas J. Fan <thomasjpfan@gmail.com>"",""distinct"":false,""url"":""https://api.github.com/repos/glemaitre/scikit-learn/commits/23e87df80b7507a7b66c86c42b4b5cb920f57633""},{""sha"":""1e2a3860a1934af5811e60007025046cb8661570"",""author"":{""name"":""Guillaume Lemaitre"",""email"":""e5e78d384e205244ed69377c80930de68a2732ec@gmail.com""},""message"":""Merge remote-tracking branch 'glemaitre/is/21029' into is/follow_up_21029"",""distinct"":true,""url"":""https://api.github.com/repos/glemaitre/scikit-learn/commits/1e2a3860a1934af5811e60007025046cb8661570""}]",,,,,,,,,,
18161158098,PullRequestEvent,true,2021-09-27 09:45:57.000000 UTC,39814207,pull[bot],376211073,sloppyjuicy/tensorflow,,,,,,,,"""opened""",341,,,,,,,,
18160634245,PushEvent,true,2021-09-27 09:12:17.000000 UTC,29714803,FranklynVidal,410800869,FranklynVidal/terraform,"""refs/heads/master""",,,8020832423,1,1,"[{""sha"":""e0293dc41c5ac7d10a17ed6dbc7c09e67f375d5d"",""author"":{""name"":""Franklyn"",""email"":""22ccab1c00b1e84ae9537531a4a7ad30051a97e6@gmail.com""},""message"":""Update terraform.yml for Azure Pipelines"",""distinct"":true,""url"":""https://api.github.com/repos/FranklynVidal/terraform/commits/e0293dc41c5ac7d10a17ed6dbc7c09e67f375d5d""}]",,,,,,,,,,
18160847326,PushEvent,true,2021-09-27 09:25:30.000000 UTC,29714803,FranklynVidal,410800869,FranklynVidal/terraform,"""refs/heads/master""",,,8020929920,1,1,"[{""sha"":""74eca3a0a1c11f472adbeb86eabd6fc1c052da32"",""author"":{""name"":""Franklyn"",""email"":""22ccab1c00b1e84ae9537531a4a7ad30051a97e6@gmail.com""},""message"":""Destroy AKS With Terraform"",""distinct"":true,""url"":""https://api.github.com/repos/FranklynVidal/terraform/commits/74eca3a0a1c11f472adbeb86eabd6fc1c052da32""}]",,,,,,,,,,
18160693474,PushEvent,true,2021-09-27 09:15:55.000000 UTC,29714803,FranklynVidal,410800869,FranklynVidal/terraform,"""refs/heads/master""",,,8020859317,1,1,"[{""sha"":""febc804a8f76f3334e78cb40a76d5155a9112f41"",""author"":{""name"":""Franklyn"",""email"":""22ccab1c00b1e84ae9537531a4a7ad30051a97e6@gmail.com""},""message"":""Update terraform.yml for Azure Pipelines"",""distinct"":true,""url"":""https://api.github.com/repos/FranklynVidal/terraform/commits/febc804a8f76f3334e78cb40a76d5155a9112f41""}]",,,,,,,,,,
18160563671,PushEvent,true,2021-09-27 09:08:06.000000 UTC,41898282,github-actions[bot],159692533,smalltalkman/tensorflow,"""refs/heads/master""",,,8020801077,2,2,"[{""sha"":""ab6d2f4442e92b058e2e6c7ff40d5094cd9a48cc"",""author"":{""name"":""Christian Sigg"",""email"":""bf0bb771be8a27677291ada19f594af5450440c6@google.com""},""message"":""Remove unused lit_test() macro.\n\nPiperOrigin-RevId: 399133502\nChange-Id: I7c96b95806a5b06d39a4fed1dc0249deb8e07ec7"",""distinct"":true,""url"":""https://api.github.com/repos/smalltalkman/tensorflow/commits/ab6d2f4442e92b058e2e6c7ff40d5094cd9a48cc""},{""sha"":""ebea4a60f0557f7b1c906c81b308a3a738c4d234"",""author"":{""name"":""A. Unique TensorFlower"",""email"":""746aced590a184ef4169166e753f7c211e32e5fc@tensorflow.org""},""message"":""Go: Update generated wrapper functions for TensorFlow ops.\n\nPiperOrigin-RevId: 399133830\nChange-Id: I33fb9d930694179b5acda6695e9c0dd6b61d8329"",""distinct"":true,""url"":""https://api.github.com/repos/smalltalkman/tensorflow/commits/ebea4a60f0557f7b1c906c81b308a3a738c4d234""}]",,,,,,,,,,
18160737537,PullRequestEvent,true,2021-09-27 09:18:37.000000 UTC,50947817,robinthibaut,345631235,robinthibaut/scikit-learn,,,,,,,,"""opened""",2,,,,,,,,
18160925960,PushEvent,true,2021-09-27 09:30:30.000000 UTC,3234522,DimitriPapadopoulos,406690667,DimitriPapadopoulos/scikit-learn,"""refs/heads/dos2unix""",,,8020966822,3,1,"[{""sha"":""1b51ae220ebd5249e640e0d418ea2d802a51a76d"",""author"":{""name"":""Juan Martin Loyola"",""email"":""bac18c3815d8dcc0c5d975b27af08b0c6f83bdab@outlook.com""},""message"":""DOC Ensures that MissingIndicator passes numpydoc validation (#21149)"",""distinct"":false,""url"":""https://api.github.com/repos/DimitriPapadopoulos/scikit-learn/commits/1b51ae220ebd5249e640e0d418ea2d802a51a76d""},{""sha"":""6e2388f9016c07a813fa5925f9429f1b2ea4f217"",""author"":{""name"":""Juan Martin Loyola"",""email"":""bac18c3815d8dcc0c5d975b27af08b0c6f83bdab@outlook.com""},""message"":""DOC Ensures that RobustScaler passes numpydoc validation (#21155)"",""distinct"":false,""url"":""https://api.github.com/repos/DimitriPapadopoulos/scikit-learn/commits/6e2388f9016c07a813fa5925f9429f1b2ea4f217""},{""sha"":""eade9d1a0fcaa85dbadcc4d0a0db17e9d604eed5"",""author"":{""name"":""Dimitri Papadopoulos"",""email"":""cadff36249149a6a16cb05b20ee2bf0e101c0f1f@users.noreply.github.com""},""message"":""dos2unix\n\nA handful files had CRLF Windows line endings. Change to LF Unix line\nendings for consistency, and because some diff tools show the additional\nCR as an annoying bold and red \""^M\""!"",""distinct"":true,""url"":""https://api.github.com/repos/DimitriPapadopoulos/scikit-learn/commits/eade9d1a0fcaa85dbadcc4d0a0db17e9d604eed5""}]",,,,,,,,,,
18160876512,PushEvent,true,2021-09-27 09:27:21.000000 UTC,3234522,DimitriPapadopoulos,406690667,DimitriPapadopoulos/scikit-learn,"""refs/heads/main""",,,8020943509,2,2,"[{""sha"":""1b51ae220ebd5249e640e0d418ea2d802a51a76d"",""author"":{""name"":""Juan Martin Loyola"",""email"":""bac18c3815d8dcc0c5d975b27af08b0c6f83bdab@outlook.com""},""message"":""DOC Ensures that MissingIndicator passes numpydoc validation (#21149)"",""distinct"":true,""url"":""https://api.github.com/repos/DimitriPapadopoulos/scikit-learn/commits/1b51ae220ebd5249e640e0d418ea2d802a51a76d""},{""sha"":""6e2388f9016c07a813fa5925f9429f1b2ea4f217"",""author"":{""name"":""Juan Martin Loyola"",""email"":""bac18c3815d8dcc0c5d975b27af08b0c6f83bdab@outlook.com""},""message"":""DOC Ensures that RobustScaler passes numpydoc validation (#21155)"",""distinct"":true,""url"":""https://api.github.com/repos/DimitriPapadopoulos/scikit-learn/commits/6e2388f9016c07a813fa5925f9429f1b2ea4f217""}]",,,,,,,,,,
18160893435,PushEvent,true,2021-09-27 09:28:26.000000 UTC,3234522,DimitriPapadopoulos,406690667,DimitriPapadopoulos/scikit-learn,"""refs/heads/codespell""",,,8020951399,3,1,"[{""sha"":""1b51ae220ebd5249e640e0d418ea2d802a51a76d"",""author"":{""name"":""Juan Martin Loyola"",""email"":""bac18c3815d8dcc0c5d975b27af08b0c6f83bdab@outlook.com""},""message"":""DOC Ensures that MissingIndicator passes numpydoc validation (#21149)"",""distinct"":false,""url"":""https://api.github.com/repos/DimitriPapadopoulos/scikit-learn/commits/1b51ae220ebd5249e640e0d418ea2d802a51a76d""},{""sha"":""6e2388f9016c07a813fa5925f9429f1b2ea4f217"",""author"":{""name"":""Juan Martin Loyola"",""email"":""bac18c3815d8dcc0c5d975b27af08b0c6f83bdab@outlook.com""},""message"":""DOC Ensures that RobustScaler passes numpydoc validation (#21155)"",""distinct"":false,""url"":""https://api.github.com/repos/DimitriPapadopoulos/scikit-learn/commits/6e2388f9016c07a813fa5925f9429f1b2ea4f217""},{""sha"":""178e692d85a599e1fd5448685227387aef949894"",""author"":{""name"":""Dimitri Papadopoulos"",""email"":""cadff36249149a6a16cb05b20ee2bf0e101c0f1f@users.noreply.github.com""},""message"":""Configure codespell optimally\n\nCo-authored-by: Thomas J. Fan <thomasjpfan@gmail.com>"",""distinct"":true,""url"":""https://api.github.com/repos/DimitriPapadopoulos/scikit-learn/commits/178e692d85a599e1fd5448685227387aef949894""}]",,,,,,,,,,
18161355662,IssuesEvent,true,2021-09-27 09:58:59.000000 UTC,25682169,naah69,4710920,apache/dubbo,,,,,,,,"""opened""",,,,,,,,,
18160677272,ForkEvent,true,2021-09-27 09:14:56.000000 UTC,10330716,cltsp,4710920,apache/dubbo,,,,,,,,,,"""cltsp/dubbo""",,,,,,,
18161113674,WatchEvent,true,2021-09-27 09:43:00.000000 UTC,91214940,uwussimo,10270250,facebook/react,,,,,,,,"""started""",,,,,,,,,
18160466463,WatchEvent,true,2021-09-27 09:02:22.000000 UTC,13486678,dallball,10270250,facebook/react,,,,,,,,"""started""",,,,,,,,,
18161206316,IssueCommentEvent,true,2021-09-27 09:49:11.000000 UTC,24319283,amensum,10270250,facebook/react,,,,,,,,"""created""",,,,,,,,,
18161270414,IssuesEvent,true,2021-09-27 09:53:20.000000 UTC,1823689,artem-malko,10270250,facebook/react,,,,,,,,"""closed""",,,,,,,,,
18161040675,PullRequestEvent,true,2021-09-27 09:38:04.000000 UTC,7454015,glemaitre,843222,scikit-learn/scikit-learn,,,,,,,,"""closed""",21135,,,,,,,,
18161008930,IssueCommentEvent,true,2021-09-27 09:35:55.000000 UTC,3234522,DimitriPapadopoulos,843222,scikit-learn/scikit-learn,,,,,,,,"""created""",,,,,,,,,
18160710129,IssueCommentEvent,true,2021-09-27 09:16:56.000000 UTC,3234522,DimitriPapadopoulos,843222,scikit-learn/scikit-learn,,,,,,,,"""created""",,,,,,,,,
18160584282,IssueCommentEvent,true,2021-09-27 09:09:17.000000 UTC,7454015,glemaitre,843222,scikit-learn/scikit-learn,,,,,,,,"""created""",,,,,,,,,
18160430643,PullRequestEvent,true,2021-09-27 09:00:17.000000 UTC,89061,ogrisel,843222,scikit-learn/scikit-learn,,,,,,,,"""closed""",21153,,,,,,,,
18160467138,PullRequestReviewCommentEvent,true,2021-09-27 09:02:24.000000 UTC,7454015,glemaitre,843222,scikit-learn/scikit-learn,,,,,,,,"""created""",21156,,,,,,,,
18161048553,IssueCommentEvent,true,2021-09-27 09:38:35.000000 UTC,89061,ogrisel,843222,scikit-learn/scikit-learn,,,,,,,,"""created""",,,,,,,,,
18160739424,PullRequestEvent,true,2021-09-27 09:18:44.000000 UTC,3234522,DimitriPapadopoulos,843222,scikit-learn/scikit-learn,,,,,,,,"""opened""",21161,,,,,,,,
18161026697,PushEvent,true,2021-09-27 09:37:07.000000 UTC,7454015,glemaitre,843222,scikit-learn/scikit-learn,"""refs/heads/main""",,,8021014460,1,1,"[{""sha"":""20d5eaf42601b8216fe7daa2fb073d569d28a6b7"",""author"":{""name"":""赵丰 (Zhao Feng)"",""email"":""6d49ab6e7f5bcc3535fd28c1d8cd5d9ba85b4675@qq.com""},""message"":""DOC fix an import in the docsting of RationalQuadratic (#21156)"",""distinct"":true,""url"":""https://api.github.com/repos/scikit-learn/scikit-learn/commits/20d5eaf42601b8216fe7daa2fb073d569d28a6b7""}]",,,,,,,,,,
18161020866,PullRequestEvent,true,2021-09-27 09:36:44.000000 UTC,26326659,dayyass,843222,scikit-learn/scikit-learn,,,,,,,,"""closed""",21150,,,,,,,,
18161027506,IssueCommentEvent,true,2021-09-27 09:37:11.000000 UTC,7454015,glemaitre,843222,scikit-learn/scikit-learn,,,,,,,,"""created""",,,,,,,,,
18161041405,PushEvent,true,2021-09-27 09:38:07.000000 UTC,7454015,glemaitre,843222,scikit-learn/scikit-learn,"""refs/heads/main""",,,8021021395,1,1,"[{""sha"":""9ed1c6555885f9df1a3c3961662e0fcad4fb7b04"",""author"":{""name"":""EricEllwanger"",""email"":""a38ee1d0152bac93290666c041d692774b9a9e25@users.noreply.github.com""},""message"":""DOC Ensure StackingClassifier pass numpydoc validation (#21135)\n\nCo-authored-by: frellwan <frellwan@hotmail.com>\r\nCo-authored-by: Guillaume Lemaitre <g.lemaitre58@gmail.com>"",""distinct"":true,""url"":""https://api.github.com/repos/scikit-learn/scikit-learn/commits/9ed1c6555885f9df1a3c3961662e0fcad4fb7b04""}]",,,,,,,,,,
18160665027,IssueCommentEvent,true,2021-09-27 09:14:10.000000 UTC,7454015,glemaitre,843222,scikit-learn/scikit-learn,,,,,,,,"""created""",,,,,,,,,
18161135388,PullRequestReviewEvent,true,2021-09-27 09:44:28.000000 UTC,89061,ogrisel,843222,scikit-learn/scikit-learn,,,,,,,,"""created""",21161,,,"""approved""","""MEMBER""",,,,
18161256673,IssueCommentEvent,true,2021-09-27 09:52:28.000000 UTC,7454015,glemaitre,843222,scikit-learn/scikit-learn,,,,,,,,"""created""",,,,,,,,,
18160991034,PullRequestEvent,true,2021-09-27 09:34:43.000000 UTC,7454015,glemaitre,843222,scikit-learn/scikit-learn,,,,,,,,"""opened""",21162,,,,,,,,
18160587058,PushEvent,true,2021-09-27 09:09:27.000000 UTC,7454015,glemaitre,843222,scikit-learn/scikit-learn,"""refs/heads/1.0.X""",,,8020811214,1,1,"[{""sha"":""844b4be24d20fc42cc13b957374c718956a0db39"",""author"":{""name"":""Olivier Grisel"",""email"":""2debdaedc015a28b6d296a878ea9501beb58cbd4@ensta.org""},""message"":""DOC Fix the date of version 1.0.0 in the changelog (#21159)"",""distinct"":true,""url"":""https://api.github.com/repos/scikit-learn/scikit-learn/commits/844b4be24d20fc42cc13b957374c718956a0db39""}]",,,,,,,,,,
18160441331,PullRequestReviewEvent,true,2021-09-27 09:00:55.000000 UTC,16487352,zihaomu,5108051,opencv/opencv,,,,,,,,"""created""",20702,,,"""commented""","""CONTRIBUTOR""",,,,
18160441390,PullRequestReviewCommentEvent,true,2021-09-27 09:00:55.000000 UTC,16487352,zihaomu,5108051,opencv/opencv,,,,,,,,"""created""",20702,,,,,,,,
18160493769,WatchEvent,true,2021-09-27 09:03:58.000000 UTC,349074,mhayashi,5108051,opencv/opencv,,,,,,,,"""started""",,,,,,,,,
18161022614,PullRequestReviewCommentEvent,true,2021-09-27 09:36:50.000000 UTC,25690309,fpetrogalli,5108051,opencv/opencv,,,,,,,,"""created""",20712,,,,,,,,
18160514694,PullRequestReviewCommentEvent,true,2021-09-27 09:04:56.000000 UTC,16487352,zihaomu,5108051,opencv/opencv,,,,,,,,"""created""",20702,,,,,,,,
18160622535,IssueCommentEvent,true,2021-09-27 09:11:34.000000 UTC,5765435,dpad85,192964514,ACINQ/phoenix,,,,,,,,"""created""",,,,,,,,,
18160810075,PushEvent,true,2021-09-27 09:23:09.000000 UTC,5765435,dpad85,192964514,ACINQ/phoenix,"""refs/heads/master""",,,8020912629,2,2,"[{""sha"":""090d6f7e91380c3ffa638ef472120f4a2d661f20"",""author"":{""name"":""Dominique"",""email"":""0b0850a81f1c126436a1104e3ad68d5fa23ad9a8@users.noreply.github.com""},""message"":""Use lightning-kmp v1.1.0"",""distinct"":true,""url"":""https://api.github.com/repos/ACINQ/phoenix/commits/090d6f7e91380c3ffa638ef472120f4a2d661f20""},{""sha"":""dd17e7d53e5225b91deb2c222e458a5f5e530a9a"",""author"":{""name"":""Dominique"",""email"":""0b0850a81f1c126436a1104e3ad68d5fa23ad9a8@users.noreply.github.com""},""message"":""increment iOS build code (26)"",""distinct"":true,""url"":""https://api.github.com/repos/ACINQ/phoenix/commits/dd17e7d53e5225b91deb2c222e458a5f5e530a9a""}]",,,,,,,,,,
18161014206,PullRequestEvent,true,2021-09-27 09:36:16.000000 UTC,951654,jonkerj,4576305,openzipkin/zipkin,,,,,,,,"""opened""",3378,,,,,,,,
18160638752,IssueCommentEvent,true,2021-09-27 09:12:34.000000 UTC,69719569,omxpro,45717250,tensorflow/tensorflow,,,,,,,,"""created""",,,,,,,,,
18160683841,PushEvent,true,2021-09-27 09:15:20.000000 UTC,56741989,copybara-service[bot],45717250,tensorflow/tensorflow,"""refs/heads/master""",,,8020852832,1,1,"[{""sha"":""5c689295afe0b2d9c0928fcb98ba0b0356ede22b"",""author"":{""name"":""A. Unique TensorFlower"",""email"":""746aced590a184ef4169166e753f7c211e32e5fc@tensorflow.org""},""message"":""compat: Update forward compatibility horizon to 2021-09-27\n\nPiperOrigin-RevId: 399136069\nChange-Id: Id07d962b4b0ee0dd5ba2b81aa126d614f4dd54ce"",""distinct"":true,""url"":""https://api.github.com/repos/tensorflow/tensorflow/commits/5c689295afe0b2d9c0928fcb98ba0b0356ede22b""}]",,,,,,,,,,
18160827137,IssueCommentEvent,true,2021-09-27 09:24:15.000000 UTC,56610014,google-ml-butler[bot],45717250,tensorflow/tensorflow,,,,,,,,"""created""",,,,,,,,,
18161207828,IssueCommentEvent,true,2021-09-27 09:49:17.000000 UTC,86464649,mohantym,45717250,tensorflow/tensorflow,,,,,,,,"""created""",,,,,,,,,
18160507686,IssueCommentEvent,true,2021-09-27 09:04:48.000000 UTC,4515120,alanpurple,45717250,tensorflow/tensorflow,,,,,,,,"""created""",,,,,,,,,
18161198202,ForkEvent,true,2021-09-27 09:48:38.000000 UTC,68675769,wsdassssss,7691631,moby/moby,,,,,,,,,,"""wsdassssss/moby""",,,,,,,
18160912565,IssueCommentEvent,true,2021-09-27 09:29:40.000000 UTC,1804568,thaJeztah,7691631,moby/moby,,,,,,,,"""created""",,,,,,,,,
18160724926,IssueCommentEvent,true,2021-09-27 09:17:50.000000 UTC,1804568,thaJeztah,7691631,moby/moby,,,,,,,,"""created""",,,,,,,,,
18160737740,IssueCommentEvent,true,2021-09-27 09:18:38.000000 UTC,1804568,thaJeztah,7691631,moby/moby,,,,,,,,"""created""",,,,,,,,,
18160430881,PushEvent,true,2021-09-27 09:00:17.000000 UTC,19616653,ArmageddonKnight,204371788,UofT-EcoSystem/tensorflow,"""refs/heads/master""",,,8020741583,2,2,"[{""sha"":""ab6d2f4442e92b058e2e6c7ff40d5094cd9a48cc"",""author"":{""name"":""Christian Sigg"",""email"":""bf0bb771be8a27677291ada19f594af5450440c6@google.com""},""message"":""Remove unused lit_test() macro.\n\nPiperOrigin-RevId: 399133502\nChange-Id: I7c96b95806a5b06d39a4fed1dc0249deb8e07ec7"",""distinct"":true,""url"":""https://api.github.com/repos/UofT-EcoSystem/tensorflow/commits/ab6d2f4442e92b058e2e6c7ff40d5094cd9a48cc""},{""sha"":""ebea4a60f0557f7b1c906c81b308a3a738c4d234"",""author"":{""name"":""A. Unique TensorFlower"",""email"":""746aced590a184ef4169166e753f7c211e32e5fc@tensorflow.org""},""message"":""Go: Update generated wrapper functions for TensorFlow ops.\n\nPiperOrigin-RevId: 399133830\nChange-Id: I33fb9d930694179b5acda6695e9c0dd6b61d8329"",""distinct"":true,""url"":""https://api.github.com/repos/UofT-EcoSystem/tensorflow/commits/ebea4a60f0557f7b1c906c81b308a3a738c4d234""}]",,,,,,,,,,
18160803296,CreateEvent,true,2021-09-27 09:22:44.000000 UTC,951654,jonkerj,404260495,equinix-ms/zipkin,"""helm-chart""","""branch""","""user""",,,,,,,,,,,,,,
18155644733,PushEvent,true,2021-09-27 00:57:04.000000 UTC,2007864,xavvvier,262900980,xavvvier/helix,"""refs/heads/main""",,,8018491033,1,1,"[{""sha"":""350f54d15113f4eb7928cb3579a0d829dd124ccf"",""author"":{""name"":""Javier Gonzalez"",""email"":""60e964260d235686652ad8b44078708166513fc6@users.noreply.github.com""},""message"":""upgrade to Phoenix 1.6 (#6)\n\n* migrate to phoenix 1.6 & esbuild\r\n\r\n* run system sass using a mix task\r\n\r\n* include normalize.css locally"",""distinct"":true,""url"":""https://api.github.com/repos/xavvvier/helix/commits/350f54d15113f4eb7928cb3579a0d829dd124ccf""}]",,,,,,,,,,
18155517388,PullRequestEvent,true,2021-09-27 00:37:57.000000 UTC,49699333,dependabot[bot],364636493,atdavidpark/kuma,,,,,,,,"""opened""",64,,,,,,,,
18155564785,CreateEvent,true,2021-09-27 00:45:29.000000 UTC,86995,jaredLunde,220740627,dash-ui/react,"""main""","""branch""","""user""",,,,,,,,,,,,,,
18155642784,PullRequestEvent,true,2021-09-27 00:56:49.000000 UTC,2007864,xavvvier,262900980,xavvvier/helix,,,,,,,,"""opened""",6,,,,,,,,
18155484934,WatchEvent,true,2021-09-27 00:32:38.000000 UTC,88440595,alfredo8720603,1093228,cocos2d/cocos2d-x,,,,,,,,"""started""",,,,,,,,,
18155521314,IssueCommentEvent,true,2021-09-27 00:38:35.000000 UTC,56244403,SungmanHong,45717250,tensorflow/tensorflow,,,,,,,,"""created""",,,,,,,,,
18155547611,PushEvent,true,2021-09-27 00:42:46.000000 UTC,2007864,xavvvier,262900980,xavvvier/helix,"""refs/heads/phoenix1.6""",,,8018444919,1,1,"[{""sha"":""b2c50d53d6052d216fbd8d3809a1e19d9ca31629"",""author"":{""name"":""xavvvier"",""email"":""60e964260d235686652ad8b44078708166513fc6@users.noreply.github.com""},""message"":""run system sass using a mix task"",""distinct"":true,""url"":""https://api.github.com/repos/xavvvier/helix/commits/b2c50d53d6052d216fbd8d3809a1e19d9ca31629""}]",,,,,,,,,,
18155633274,PushEvent,true,2021-09-27 00:55:30.000000 UTC,2007864,xavvvier,262900980,xavvvier/helix,"""refs/heads/phoenix1.6""",,,8018485755,1,1,"[{""sha"":""a0178ef268d632917159343c87f86f5b03f39462"",""author"":{""name"":""xavvvier"",""email"":""60e964260d235686652ad8b44078708166513fc6@users.noreply.github.com""},""message"":""include normalize.css locally"",""distinct"":true,""url"":""https://api.github.com/repos/xavvvier/helix/commits/a0178ef268d632917159343c87f86f5b03f39462""}]",,,,,,,,,,
18155517450,IssueCommentEvent,true,2021-09-27 00:37:57.000000 UTC,49699333,dependabot[bot],364636493,atdavidpark/kuma,,,,,,,,"""created""",,,,,,,,,
18155636484,PushEvent,true,2021-09-27 00:55:56.000000 UTC,86995,jaredLunde,220740627,dash-ui/react,"""refs/heads/main""",,,8018487219,1,1,"[{""sha"":""f8c8544df128e2500a0e8e410bba009a407d4dda"",""author"":{""name"":""Jared Lunde"",""email"":""f6e551735549ff947a67517b75512f56835f474b@gmail.com""},""message"":""chore: use pnpm and github actions"",""distinct"":true,""url"":""https://api.github.com/repos/dash-ui/react/commits/f8c8544df128e2500a0e8e410bba009a407d4dda""}]",,,,,,,,,,
18155437908,WatchEvent,true,2021-09-27 00:24:41.000000 UTC,35328899,it-pupil,10270250,facebook/react,,,,,,,,"""started""",,,,,,,,,
18155554874,ForkEvent,true,2021-09-27 00:43:58.000000 UTC,20065397,suhuizhang,4710920,apache/dubbo,,,,,,,,,,"""suhuizhang/dubbo""",,,,,,,
18155610531,CreateEvent,true,2021-09-27 00:52:18.000000 UTC,49699333,dependabot[bot],364636493,atdavidpark/kuma,"""dependabot/go_modules/pkg/plugins/resources/k8s/native/sigs.k8s.io/controller-runtime-0.10.1""","""branch""","""user""",,,,,,,,,,,,,,
18155517386,CreateEvent,true,2021-09-27 00:37:57.000000 UTC,49699333,dependabot[bot],364636493,atdavidpark/kuma,"""dependabot/go_modules/api/google.golang.org/grpc-1.41.0""","""branch""","""user""",,,,,,,,,,,,,,
18155517576,IssueCommentEvent,true,2021-09-27 00:37:59.000000 UTC,49699333,dependabot[bot],364636493,atdavidpark/kuma,,,,,,,,"""created""",,,,,,,,,
18155643525,PushEvent,true,2021-09-27 00:56:54.000000 UTC,52500170,waguilars,410693779,waguilars/react,"""refs/heads/main""",,,8018490472,3,3,"[{""sha"":""20ed97d580d41a88e54473ca29ba91e31314623b"",""author"":{""name"":""Wilson Aguilar"",""email"":""5572750ff3e348fdf1eea976e0a77729adfc7742@est.ups.edu.ec""},""message"":"":wrench: Add jsconfig file"",""distinct"":true,""url"":""https://api.github.com/repos/waguilars/react/commits/20ed97d580d41a88e54473ca29ba91e31314623b""},{""sha"":""35e5dbf4cbbe3b4693ec1cd5d56c3629f9a507b0"",""author"":{""name"":""Wilson Aguilar"",""email"":""5572750ff3e348fdf1eea976e0a77729adfc7742@est.ups.edu.ec""},""message"":"":heavy_plus_sign: Add eslint with aitbnb style guide"",""distinct"":true,""url"":""https://api.github.com/repos/waguilars/react/commits/35e5dbf4cbbe3b4693ec1cd5d56c3629f9a507b0""},{""sha"":""d45fdcf397dcdda787368228f3f2e93be407ff24"",""author"":{""name"":""Wilson Aguilar"",""email"":""5572750ff3e348fdf1eea976e0a77729adfc7742@est.ups.edu.ec""},""message"":"":wrench: Config eslint unresolved alias"",""distinct"":true,""url"":""https://api.github.com/repos/waguilars/react/commits/d45fdcf397dcdda787368228f3f2e93be407ff24""}]",,,,,,,,,,
18155364034,WatchEvent,true,2021-09-27 00:11:10.000000 UTC,47653786,WLL-1017065322,90759930,discountry/react,,,,,,,,"""started""",,,,,,,,,
18155413699,WatchEvent,true,2021-09-27 00:20:22.000000 UTC,45245187,cawaddell,843222,scikit-learn/scikit-learn,,,,,,,,"""started""",,,,,,,,,
18155320113,PullRequestEvent,true,2021-09-27 00:03:17.000000 UTC,39814207,pull[bot],157488097,greedisgoood/tensorflow,,,,,,,,"""closed""",1015,,,,,,,,
18155610520,PullRequestEvent,true,2021-09-27 00:52:18.000000 UTC,49699333,dependabot[bot],364636493,atdavidpark/kuma,,,,,,,,"""opened""",65,,,,,,,,
18155645179,DeleteEvent,true,2021-09-27 00:57:07.000000 UTC,2007864,xavvvier,262900980,xavvvier/helix,"""phoenix1.6""","""branch""","""user""",,,,,,,,,,,,,,
18155473580,PushEvent,true,2021-09-27 00:30:42.000000 UTC,5804314,BryanBudelon,409252877,BryanBudelon/react,"""refs/heads/main""",,,8018408060,1,1,"[{""sha"":""011fcca8805be52bc03f134cb7f15555bf8fc3f6"",""author"":{""name"":""BryanBudelon"",""email"":""084d135856d0f0a959282369d984f7c5731f4cc7@hotmail.com""},""message"":""update"",""distinct"":true,""url"":""https://api.github.com/repos/BryanBudelon/react/commits/011fcca8805be52bc03f134cb7f15555bf8fc3f6""}]",,,,,,,,,,
18155487938,PushEvent,true,2021-09-27 00:33:07.000000 UTC,52500170,waguilars,410693779,waguilars/react,"""refs/heads/main""",,,8018415443,1,1,"[{""sha"":""ce2a7942fa9c803db54d61679298f3b043eaf1ec"",""author"":{""name"":""Wilson Aguilar"",""email"":""5572750ff3e348fdf1eea976e0a77729adfc7742@est.ups.edu.ec""},""message"":"":memo: Add README"",""distinct"":true,""url"":""https://api.github.com/repos/waguilars/react/commits/ce2a7942fa9c803db54d61679298f3b043eaf1ec""}]",,,,,,,,,,
18155600290,PushEvent,true,2021-09-27 00:50:50.000000 UTC,39814207,pull[bot],390100480,MaxMood96/tensorflow,"""refs/heads/master""",,,8018470305,2,2,"[{""sha"":""be2e72640722086b8382054a5ad438ee997fbc5d"",""author"":{""name"":""A. Unique TensorFlower"",""email"":""746aced590a184ef4169166e753f7c211e32e5fc@tensorflow.org""},""message"":""Go: Update generated wrapper functions for TensorFlow ops.\n\nPiperOrigin-RevId: 399054855\nChange-Id: Ic2149ac84967db0c9ae2f044c0ccb8888366f2d2"",""distinct"":true,""url"":""https://api.github.com/repos/MaxMood96/tensorflow/commits/be2e72640722086b8382054a5ad438ee997fbc5d""},{""sha"":""305d30ce6130d0d621746a59dc3116c5824ab523"",""author"":{""name"":""Mehdi Amini"",""email"":""808100943be7b7010123d78912f654820a5ee1c1@google.com""},""message"":""Fix MSAN failure in TF-XLA lowering\n\nThis is an issue with an ArrayRef with content going out of scope at the end of the expression.\n\nPiperOrigin-RevId: 399055398\nChange-Id: Ieb7c4c1ce3cf77b5000553fb13b254961f187bd3"",""distinct"":true,""url"":""https://api.github.com/repos/MaxMood96/tensorflow/commits/305d30ce6130d0d621746a59dc3116c5824ab523""}]",,,,,,,,,,
18155313530,CreateEvent,true,2021-09-27 00:02:05.000000 UTC,45942572,SiarheiSakharevich,337402726,saby/react,"""21.5100/mergerator/270921_030154""","""branch""","""user""",,,,,,,,,,,,,,
18155303559,PushEvent,true,2021-09-27 00:00:21.000000 UTC,659135,htynkn,369976147,htynkn/dubbo,"""refs/heads/master""",,,8018319681,1,1,"[{""sha"":""d1644b760d3b2f997daa532752b9cd0603eb93ef"",""author"":{""name"":""zrlw"",""email"":""c3ee052b6ab7be3c31be82ee641dda519078ac4b@sina.com""},""message"":""[master] add destroy() calling to close tomcat server port (#8921)\n\n* add destroy() calling to close tomcat server port\r\n\r\n* improve javadoc for isPortInUsed()"",""distinct"":true,""url"":""https://api.github.com/repos/htynkn/dubbo/commits/d1644b760d3b2f997daa532752b9cd0603eb93ef""}]",,,,,,,,,,
18155511840,PushEvent,true,2021-09-27 00:37:01.000000 UTC,25208518,judeharis,408082611,judeharis/tensorflow,"""refs/heads/secda_v1""",,,8018427458,3,3,"[{""sha"":""7ba619e578b6b47a719d6166662b7893745e9123"",""author"":{""name"":""Jude Haris"",""email"":""e2453d40b28c8b196135fb0d6e58bbb15826f4d7@student.gla.ac.uk""},""message"":""Updated git ignore"",""distinct"":true,""url"":""https://api.github.com/repos/judeharis/tensorflow/commits/7ba619e578b6b47a719d6166662b7893745e9123""},{""sha"":""9e4cfb1242cdda3c333eec9dd8347675b41804d0"",""author"":{""name"":""Jude Haris"",""email"":""e2453d40b28c8b196135fb0d6e58bbb15826f4d7@student.gla.ac.uk""},""message"":""Deleted generated binaries"",""distinct"":true,""url"":""https://api.github.com/repos/judeharis/tensorflow/commits/9e4cfb1242cdda3c333eec9dd8347675b41804d0""},{""sha"":""8315428ab019c89264354693ce1ec05fe6194b9f"",""author"":{""name"":""Jude Haris"",""email"":""e2453d40b28c8b196135fb0d6e58bbb15826f4d7@student.gla.ac.uk""},""message"":""Merge branch 'secda_v1' of github.com:judeharis/tensorflow into secda_v1"",""distinct"":true,""url"":""https://api.github.com/repos/judeharis/tensorflow/commits/8315428ab019c89264354693ce1ec05fe6194b9f""}]",,,,,,,,,,
18155517669,PullRequestEvent,true,2021-09-27 00:37:59.000000 UTC,49699333,dependabot[bot],364636493,atdavidpark/kuma,,,,,,,,"""closed""",53,,,,,,,,
18155610777,PullRequestEvent,true,2021-09-27 00:52:20.000000 UTC,49699333,dependabot[bot],364636493,atdavidpark/kuma,,,,,,,,"""closed""",61,,,,,,,,
18155652205,CreateEvent,true,2021-09-27 00:58:07.000000 UTC,40652892,zrlw,382837484,zrlw/dubbo,"""patch-MultiMessageHandler""","""branch""","""user""",,,,,,,,,,,,,,
18155423313,CreateEvent,true,2021-09-27 00:22:06.000000 UTC,52500170,waguilars,410693779,waguilars/react,,"""repository""","""user""",,,,,,,,,,,,,,
18155517715,DeleteEvent,true,2021-09-27 00:38:00.000000 UTC,49699333,dependabot[bot],364636493,atdavidpark/kuma,"""dependabot/go_modules/api/google.golang.org/grpc-1.40.0""","""branch""","""user""",,,,,,,,,,,,,,
18155311031,PullRequestEvent,true,2021-09-27 00:01:38.000000 UTC,39814207,pull[bot],157488097,greedisgoood/tensorflow,,,,,,,,"""opened""",1015,,,,,,,,
18155376019,PushEvent,true,2021-09-27 00:13:22.000000 UTC,65395387,stefan-hartmann-lgs,266995363,hexagon-geo-surv/opencv,"""refs/heads/master""",,,8018356998,2,2,"[{""sha"":""0c10ae18615f7c05f327ac9eebed24f2699b2394"",""author"":{""name"":""Alexander Alekhin"",""email"":""68add3c7f0912f500ebe6e9539930fd1bb229c72@gmail.com""},""message"":""python: cv.Mat wrapper over numpy.ndarray"",""distinct"":true,""url"":""https://api.github.com/repos/hexagon-geo-surv/opencv/commits/0c10ae18615f7c05f327ac9eebed24f2699b2394""},{""sha"":""98ad72b09660e77056535a831c00a893782eee49"",""author"":{""name"":""Alexander Alekhin"",""email"":""68add3c7f0912f500ebe6e9539930fd1bb229c72@gmail.com""},""message"":""Merge pull request #20558 from alalek:python_cv_mat"",""distinct"":true,""url"":""https://api.github.com/repos/hexagon-geo-surv/opencv/commits/98ad72b09660e77056535a831c00a893782eee49""}]",,,,,,,,,,
18155564823,DeleteEvent,true,2021-09-27 00:45:29.000000 UTC,86995,jaredLunde,220740627,dash-ui/react,"""master""","""branch""","""user""",,,,,,,,,,,,,,
18155600408,PullRequestEvent,true,2021-09-27 00:50:51.000000 UTC,39814207,pull[bot],390100480,MaxMood96/tensorflow,,,,,,,,"""closed""",95,,,,,,,,
18155313505,DeleteEvent,true,2021-09-27 00:02:05.000000 UTC,45942572,SiarheiSakharevich,337402726,saby/react,"""21.5100/mergerator/270921_030154""","""branch""","""user""",,,,,,,,,,,,,,
18155588338,PullRequestEvent,true,2021-09-27 00:49:05.000000 UTC,39814207,pull[bot],390100480,MaxMood96/tensorflow,,,,,,,,"""opened""",95,,,,,,,,
18155610702,IssueCommentEvent,true,2021-09-27 00:52:19.000000 UTC,49699333,dependabot[bot],364636493,atdavidpark/kuma,,,,,,,,"""created""",,,,,,,,,
18155342494,WatchEvent,true,2021-09-27 00:07:18.000000 UTC,91408356,HanHan-TR,5108051,opencv/opencv,,,,,,,,"""started""",,,,,,,,,
18155413427,WatchEvent,true,2021-09-27 00:20:20.000000 UTC,45245187,cawaddell,45717250,tensorflow/tensorflow,,,,,,,,"""started""",,,,,,,,,
18155610573,IssueCommentEvent,true,2021-09-27 00:52:18.000000 UTC,49699333,dependabot[bot],364636493,atdavidpark/kuma,,,,,,,,"""created""",,,,,,,,,
18155610838,DeleteEvent,true,2021-09-27 00:52:21.000000 UTC,49699333,dependabot[bot],364636493,atdavidpark/kuma,"""dependabot/go_modules/pkg/plugins/resources/k8s/native/sigs.k8s.io/controller-runtime-0.10.0""","""branch""","""user""",,,,,,,,,,,,,,
18155320032,PushEvent,true,2021-09-27 00:03:16.000000 UTC,39814207,pull[bot],157488097,greedisgoood/tensorflow,"""refs/heads/master""",,,8018328253,2,2,"[{""sha"":""be2e72640722086b8382054a5ad438ee997fbc5d"",""author"":{""name"":""A. Unique TensorFlower"",""email"":""746aced590a184ef4169166e753f7c211e32e5fc@tensorflow.org""},""message"":""Go: Update generated wrapper functions for TensorFlow ops.\n\nPiperOrigin-RevId: 399054855\nChange-Id: Ic2149ac84967db0c9ae2f044c0ccb8888366f2d2"",""distinct"":true,""url"":""https://api.github.com/repos/greedisgoood/tensorflow/commits/be2e72640722086b8382054a5ad438ee997fbc5d""},{""sha"":""305d30ce6130d0d621746a59dc3116c5824ab523"",""author"":{""name"":""Mehdi Amini"",""email"":""808100943be7b7010123d78912f654820a5ee1c1@google.com""},""message"":""Fix MSAN failure in TF-XLA lowering\n\nThis is an issue with an ArrayRef with content going out of scope at the end of the expression.\n\nPiperOrigin-RevId: 399055398\nChange-Id: Ieb7c4c1ce3cf77b5000553fb13b254961f187bd3"",""distinct"":true,""url"":""https://api.github.com/repos/greedisgoood/tensorflow/commits/305d30ce6130d0d621746a59dc3116c5824ab523""}]",,,,,,,,,,
18155644657,PullRequestEvent,true,2021-09-27 00:57:03.000000 UTC,2007864,xavvvier,262900980,xavvvier/helix,,,,,,,,"""closed""",6,,,,,,,,
18155459134,CreateEvent,true,2021-09-27 00:28:18.000000 UTC,52500170,waguilars,410693779,waguilars/react,"""main""","""branch""","""user""",,,,,,,,,,,,,,
18155564584,PushEvent,true,2021-09-27 00:45:27.000000 UTC,68405781,rameshaol1,401517723,rameshaol1/terraform,"""refs/heads/master""",,,8018453215,1,1,"[{""sha"":""cab7ab79bdc7c9349e18cc9216f369b645678b28"",""author"":{""name"":""Ramesh Kasula"",""email"":""6e10a99df20249d5bdeef8674417531c0a64b232@gmail.com""},""message"":""Created  new files for installing software"",""distinct"":true,""url"":""https://api.github.com/repos/rameshaol1/terraform/commits/cab7ab79bdc7c9349e18cc9216f369b645678b28""}]",,,,,,,,,,
18161824961,PushEvent,true,2021-09-27 10:28:50.000000 UTC,6206265,chkob,68430560,chkob/opencv,"""refs/heads/master""",,,8021382421,1000,7011,"[{""sha"":""104e64dd0f06ca3915d4cf45623f8e0c929906f5"",""author"":{""name"":""Alexander Alekhin"",""email"":""68add3c7f0912f500ebe6e9539930fd1bb229c72@gmail.com""},""message"":""Merge pull request #19339 from ichisadashioko:modules_highgui_src_window_w32_typo"",""distinct"":true,""url"":""https://api.github.com/repos/chkob/opencv/commits/104e64dd0f06ca3915d4cf45623f8e0c929906f5""},{""sha"":""212815a10d1a8d9e14cd2a6372a2d4be0fd7769f"",""author"":{""name"":""Alexander Alekhin"",""email"":""68add3c7f0912f500ebe6e9539930fd1bb229c72@gmail.com""},""message"":""core(ocl): fix lifetime handling of Image kernel args"",""distinct"":true,""url"":""https://api.github.com/repos/chkob/opencv/commits/212815a10d1a8d9e14cd2a6372a2d4be0fd7769f""},{""sha"":""321f26f450980d2cd2f417bca686cecad299ab52"",""author"":{""name"":""kyshel"",""email"":""1d5150928898e4443c6582c1b956a403a7919b33@users.noreply.github.com""},""message"":"" update xrange() to range()\n\nupdate xrange() to range() as Python 2 has been deprecate, more info:\n1.  Python 2 has been no longer supported officially since January 1, 2020.  Check  https://www.python.org/doc/sunset-python-2/\n2.  xrange() was renamed to range() in Python 3. Check  https://stackoverflow.com/questions/17192158/nameerror-global-name-xrange-is-not-defined-in-python-3/17192181#17192181\n\nupdate xrange() to range()\n\nUpdate py_fourier_transform.markdown\n\nupdate xrange() to range()"",""distinct"":true,""url"":""https://api.github.com/repos/chkob/opencv/commits/321f26f450980d2cd2f417bca686cecad299ab52""},{""sha"":""a0bdb78a996bb6fa090ab1d42a623f7ea862f7dc"",""author"":{""name"":""Vadim Levin"",""email"":""2dd09db327d93427d4dfdcf4196f16269ccc36e7@xperience.ai""},""message"":""feat: add overload resolution exception for Python bindings"",""distinct"":true,""url"":""https://api.github.com/repos/chkob/opencv/commits/a0bdb78a996bb6fa090ab1d42a623f7ea862f7dc""},{""sha"":""109637e213ddd5f1ff4815dbd41265a13f96c91d"",""author"":{""name"":""Ruan"",""email"":""9cc4dd08f34050078b1e25b963863987ac4cb8de@users.noreply.github.com""},""message"":""Update essential_mat_reconstr.cpp\n\nA small clerical error of an author. The correct expression should be \""xy += x_*y_;\""."",""distinct"":true,""url"":""https://api.github.com/repos/chkob/opencv/commits/109637e213ddd5f1ff4815dbd41265a13f96c91d""},{""sha"":""6ce9bb6f7ab8081122b5e3976c9dee0978ac53fe"",""author"":{""name"":""Alexander Alekhin"",""email"":""68add3c7f0912f500ebe6e9539930fd1bb229c72@gmail.com""},""message"":""Merge pull request #19312 from VadimLevin:dev/vlevin/clear-msg-for-failed-overload-resolution"",""distinct"":true,""url"":""https://api.github.com/repos/chkob/opencv/commits/6ce9bb6f7ab8081122b5e3976c9dee0978ac53fe""},{""sha"":""5e5f47321bb0c4dceb3cb2723dee91be87b79009"",""author"":{""name"":""Alexander Alekhin"",""email"":""68add3c7f0912f500ebe6e9539930fd1bb229c72@gmail.com""},""message"":""Merge pull request #19320 from alalek:videoio_plugins_api_split_capture_write\n\nvideoio(plugins): split capture and writer APIs"",""distinct"":true,""url"":""https://api.github.com/repos/chkob/opencv/commits/5e5f47321bb0c4dceb3cb2723dee91be87b79009""},{""sha"":""291dbdfbe640a1bdce04b6a1ceca37d91580f4a5"",""author"":{""name"":""Alexander Alekhin"",""email"":""68add3c7f0912f500ebe6e9539930fd1bb229c72@gmail.com""},""message"":""Merge pull request #19336 from kyshel:patch-1"",""distinct"":true,""url"":""https://api.github.com/repos/chkob/opencv/commits/291dbdfbe640a1bdce04b6a1ceca37d91580f4a5""},{""sha"":""d93790717d5cd1e1a41e15105ac4293e10a1db95"",""author"":{""name"":""Alexander Alekhin"",""email"":""68add3c7f0912f500ebe6e9539930fd1bb229c72@gmail.com""},""message"":""Merge pull request #19340 from tomoaki0705:fixStitchingExposure"",""distinct"":true,""url"":""https://api.github.com/repos/chkob/opencv/commits/d93790717d5cd1e1a41e15105ac4293e10a1db95""},{""sha"":""f65d75f5c852384c9563dcf458be07a0b3c17e28"",""author"":{""name"":""Maksim Shabunin"",""email"":""df7bbd2e1b30f9cbe316b888d25da4f669e20ac7@gmail.com""},""message"":""Updated more links to forum.opencv.org"",""distinct"":true,""url"":""https://api.github.com/repos/chkob/opencv/commits/f65d75f5c852384c9563dcf458be07a0b3c17e28""},{""sha"":""e4e10e54df1dd20dc7f1c59b96bf838e9da8ea8e"",""author"":{""name"":""Maksim Shabunin"",""email"":""df7bbd2e1b30f9cbe316b888d25da4f669e20ac7@gmail.com""},""message"":""Updated more links to forum.opencv.org"",""distinct"":true,""url"":""https://api.github.com/repos/chkob/opencv/commits/e4e10e54df1dd20dc7f1c59b96bf838e9da8ea8e""},{""sha"":""8a44e712f81609ad775e455f83add4c78d390e2b"",""author"":{""name"":""Alexander Alekhin"",""email"":""68add3c7f0912f500ebe6e9539930fd1bb229c72@gmail.com""},""message"":""Merge pull request #19345 from Ryyyc:patch-1"",""distinct"":true,""url"":""https://api.github.com/repos/chkob/opencv/commits/8a44e712f81609ad775e455f83add4c78d390e2b""},{""sha"":""0f968e3b6d50ee7c313685e26b8751d87e2a26ae"",""author"":{""name"":""Alexander Alekhin"",""email"":""68add3c7f0912f500ebe6e9539930fd1bb229c72@gmail.com""},""message"":""Merge pull request #19352 from mshabunin:new-forum-links"",""distinct"":true,""url"":""https://api.github.com/repos/chkob/opencv/commits/0f968e3b6d50ee7c313685e26b8751d87e2a26ae""},{""sha"":""1d5589296ebb4c48ef940239f7e7ba232d916a60"",""author"":{""name"":""Alexander Alekhin"",""email"":""68add3c7f0912f500ebe6e9539930fd1bb229c72@gmail.com""},""message"":""gapi: fix build warning"",""distinct"":true,""url"":""https://api.github.com/repos/chkob/opencv/commits/1d5589296ebb4c48ef940239f7e7ba232d916a60""},{""sha"":""995c308a497bca65101f8a6c25a290e025e826d4"",""author"":{""name"":""Alexander Alekhin"",""email"":""68add3c7f0912f500ebe6e9539930fd1bb229c72@gmail.com""},""message"":""Merge pull request #19353 from mshabunin:new-forum-links-master"",""distinct"":true,""url"":""https://api.github.com/repos/chkob/opencv/commits/995c308a497bca65101f8a6c25a290e025e826d4""},{""sha"":""7a790d0d353bcbe48f1d62fb917c787ab4185846"",""author"":{""name"":""Alexander Alekhin"",""email"":""68add3c7f0912f500ebe6e9539930fd1bb229c72@gmail.com""},""message"":""Merge pull request #19355 from alalek:fixup_19050"",""distinct"":true,""url"":""https://api.github.com/repos/chkob/opencv/commits/7a790d0d353bcbe48f1d62fb917c787ab4185846""},{""sha"":""ea41f89b40392fc0c5bdfe0f0c43c4820c4b2eac"",""author"":{""name"":""Sergei Slashchinin"",""email"":""b480a9bc40f3236639f1dff4594691efcb7e45b4@users.noreply.github.com""},""message"":""Merge pull request #19058 from sl-sergei:cuda_1d\n\nConv1D and Pool1D for CUDA backend\r\n\r\n* CUDA-independent changes\r\n\r\n* Add Conv1D and Pool1D for CUDA backend\r\n\r\n* CUDA-independent changes\r\n\r\n* Fix typo\r\n\r\n* fix comment\r\n\r\n* Update fix\r\n\r\n* make changes more correct for pooling layer\r\n\r\n* Minor fixes for review\r\n\r\n* Split skip blocks"",""distinct"":true,""url"":""https://api.github.com/repos/chkob/opencv/commits/ea41f89b40392fc0c5bdfe0f0c43c4820c4b2eac""},{""sha"":""b4e941d43113ecad33bea3f8fd7a1f14771c7077"",""author"":{""name"":""Alexander Smorkalov"",""email"":""079c1c01b74b0f0626d6e73a2d8b9c6ed60c2538@xperience.ai""},""message"":""VideoCapture test to ensure that cv::VideoCapture does not share output buffers between frames."",""distinct"":true,""url"":""https://api.github.com/repos/chkob/opencv/commits/b4e941d43113ecad33bea3f8fd7a1f14771c7077""},{""sha"":""38a49f92aba0212366e8ffe72458a5f6b29e75a7"",""author"":{""name"":""Liubov Batanina"",""email"":""e31e9421dee8ae251952f0c15777e23a2fd06308@yandex.ru""},""message"":""Added shared weights for MatMul"",""distinct"":true,""url"":""https://api.github.com/repos/chkob/opencv/commits/38a49f92aba0212366e8ffe72458a5f6b29e75a7""},{""sha"":""1a3a25f825378b33676142971e6add86b9f74624"",""author"":{""name"":""Alexander Alekhin"",""email"":""68add3c7f0912f500ebe6e9539930fd1bb229c72@gmail.com""},""message"":""Merge pull request #19364 from asmorkalov:as/capture_buffer_safety_test"",""distinct"":true,""url"":""https://api.github.com/repos/chkob/opencv/commits/1a3a25f825378b33676142971e6add86b9f74624""}]",,,,,,,,,,
18161464652,CreateEvent,true,2021-09-27 10:05:28.000000 UTC,16077464,dbalek,110686400,dbalek/netbeans,"""dbalek/lsp-refacor-bugfixes""","""branch""","""user""",,,,,,,,,,,,,,
18161654069,PushEvent,true,2021-09-27 10:17:07.000000 UTC,83577603,JakobB1,400180414,JakobB1/netbeans,"""refs/heads/main""",,,8021303303,1,1,"[{""sha"":""3ea2e2f862ef5c2f8be70ab12e897b752fbc0fe8"",""author"":{""name"":""Jakob Brkić"",""email"":""6deff9977e74ebd8fcc4245ececf4687391de5ee@users.noreply.github.com""},""message"":""ER"",""distinct"":true,""url"":""https://api.github.com/repos/JakobB1/netbeans/commits/3ea2e2f862ef5c2f8be70ab12e897b752fbc0fe8""}]",,,,,,,,,,
18161967367,PushEvent,true,2021-09-27 10:39:05.000000 UTC,6206265,chkob,68430153,chkob/tensorflow,"""refs/heads/master""",,,8021449282,1000,106368,"[{""sha"":""a06f84639707294cd8ac9b8a84be5644e9b2c1d3"",""author"":{""name"":""Xunkai Zhang"",""email"":""1d5979d59af63754bcbbd2fcc0ae42cebb3149a1@google.com""},""message"":""#tflite-maven-reorg Split API target out of TFLite maven package.\n\nPiperOrigin-RevId: 395413761\nChange-Id: I43ed7dcf4b2a2b4d4b93fb6fc1f83b0a434be261"",""distinct"":true,""url"":""https://api.github.com/repos/chkob/tensorflow/commits/a06f84639707294cd8ac9b8a84be5644e9b2c1d3""},{""sha"":""9ca4d85e0ea3ea042e2adf053bf9c47cc2eb469a"",""author"":{""name"":""A. Unique TensorFlower"",""email"":""746aced590a184ef4169166e753f7c211e32e5fc@tensorflow.org""},""message"":""Go: Update generated wrapper functions for TensorFlow ops.\n\nPiperOrigin-RevId: 395423800\nChange-Id: I2a703269ed39246f58c50cf3afeca4c722acbfd1"",""distinct"":true,""url"":""https://api.github.com/repos/chkob/tensorflow/commits/9ca4d85e0ea3ea042e2adf053bf9c47cc2eb469a""},{""sha"":""d92cd6a5ed72daa049f4758a135b42a83467d6a0"",""author"":{""name"":""A. Unique TensorFlower"",""email"":""746aced590a184ef4169166e753f7c211e32e5fc@tensorflow.org""},""message"":""compat: Update forward compatibility horizon to 2021-09-08\n\nPiperOrigin-RevId: 395425815\nChange-Id: I4a3688c627d450beacf9c5437cb42a33770a91cc"",""distinct"":true,""url"":""https://api.github.com/repos/chkob/tensorflow/commits/d92cd6a5ed72daa049f4758a135b42a83467d6a0""},{""sha"":""98e7abdc041e80055a584a34ffd7875f965e48d4"",""author"":{""name"":""A. Unique TensorFlower"",""email"":""746aced590a184ef4169166e753f7c211e32e5fc@tensorflow.org""},""message"":""Update GraphDef version to 883.\n\nPiperOrigin-RevId: 395425850\nChange-Id: I8201ee733d27f1db05898cc9f7275d134c31ee97"",""distinct"":true,""url"":""https://api.github.com/repos/chkob/tensorflow/commits/98e7abdc041e80055a584a34ffd7875f965e48d4""},{""sha"":""94ae84bdb9b759fdc6cce212c9253cd01cd782af"",""author"":{""name"":""Xunkai Zhang"",""email"":""1d5979d59af63754bcbbd2fcc0ae42cebb3149a1@google.com""},""message"":""#public-doc Fix the repo setting for maven.\n\nPiperOrigin-RevId: 395430196\nChange-Id: I011e7033bc4a64b32a087cde3c3ea4e43841d177"",""distinct"":true,""url"":""https://api.github.com/repos/chkob/tensorflow/commits/94ae84bdb9b759fdc6cce212c9253cd01cd782af""},{""sha"":""516e8df2ea4d6515dcfdb0bba5f2abe2dbf7f822"",""author"":{""name"":""A. Unique TensorFlower"",""email"":""746aced590a184ef4169166e753f7c211e32e5fc@tensorflow.org""},""message"":""Integrate LLVM at llvm/llvm-project@89786c2b992c\n\nUpdates LLVM usage to match\n[89786c2b992c](https://github.com/llvm/llvm-project/commit/89786c2b992c)\n\nPiperOrigin-RevId: 395437677\nChange-Id: I501bd3f202b5f870466bec2f88e010ef4a58da74"",""distinct"":true,""url"":""https://api.github.com/repos/chkob/tensorflow/commits/516e8df2ea4d6515dcfdb0bba5f2abe2dbf7f822""},{""sha"":""ea5eee26f2b8766c1207698ab1f6828e8d8607ee"",""author"":{""name"":""A. Unique TensorFlower"",""email"":""746aced590a184ef4169166e753f7c211e32e5fc@tensorflow.org""},""message"":""Update TFRT dependency to use revision\nhttp://github.com/tensorflow/runtime/commit/2400d53b8872e5e821934e549f15bcffc844d322.\n\nPiperOrigin-RevId: 395442088\nChange-Id: I72d81e322a4a25cbffd90af5a889908c0f5f3713"",""distinct"":true,""url"":""https://api.github.com/repos/chkob/tensorflow/commits/ea5eee26f2b8766c1207698ab1f6828e8d8607ee""},{""sha"":""405235973d3e1589e49d914ce7e13237f8dd2219"",""author"":{""name"":""Tres Popp"",""email"":""bb390cedfd91dd9be00fd9562bdc5562c5867450@google.com""},""message"":""Use loop peeling improve performance of cwise vectorization with tiled loops.\n\nThis will be used once loops are vectorized in MLIR based code and eliminate almost all padding/masking related overhead.\n\nThis will be extended to support peeling in other dimensions than the last, but that is to benefit reductions/matrix multiplies rather than cwise.\n\nPiperOrigin-RevId: 395449360\nChange-Id: If328c93e1fbd9d51d909e29318801f1f8c572cba"",""distinct"":true,""url"":""https://api.github.com/repos/chkob/tensorflow/commits/405235973d3e1589e49d914ce7e13237f8dd2219""},{""sha"":""b9f1cbe432904460dc586dc2054feb3a15500355"",""author"":{""name"":""A. Unique TensorFlower"",""email"":""746aced590a184ef4169166e753f7c211e32e5fc@tensorflow.org""},""message"":""Go: Update generated wrapper functions for TensorFlow ops.\n\nPiperOrigin-RevId: 395452918\nChange-Id: Ia707345dfdf6a33141da24ee738ac966121007d2"",""distinct"":true,""url"":""https://api.github.com/repos/chkob/tensorflow/commits/b9f1cbe432904460dc586dc2054feb3a15500355""},{""sha"":""edc16b85123e36295d72d55a1e75b9dca74914f9"",""author"":{""name"":""Tres Popp"",""email"":""bb390cedfd91dd9be00fd9562bdc5562c5867450@google.com""},""message"":""Support user disabling of JIT compiled kernels\n\nThis labels all JIT kernels when they are added, and then either removes the labels or removes the kernels on the first occurrence that the kernel registry is retrieved.\n\nThe points these features are implemented are in GlobalKernelRegistryTyped() and in the macros specific to mlir_generated kernels.\n\nPiperOrigin-RevId: 395459868\nChange-Id: I4fb63c876e13d76804337dfd6f57b5ef01ddbe4d"",""distinct"":true,""url"":""https://api.github.com/repos/chkob/tensorflow/commits/edc16b85123e36295d72d55a1e75b9dca74914f9""},{""sha"":""cf452ffc60ab3bcca127ca683c3187ed8bb0fe29"",""author"":{""name"":""Alexander Belyaev"",""email"":""a33a2701f6790f0a44360bcc1a194138e928e0d3@google.com""},""message"":""Add options to TF CPURT to enable codegen strategy for reductions and cwise.\n\nBy default, the codegen is disabled. These options are needed to keep the new features disabled until we are confident enough.\n\nPiperOrigin-RevId: 395461582\nChange-Id: I57f6b28d5c7783881d1064e1b954c63c34943309"",""distinct"":true,""url"":""https://api.github.com/repos/chkob/tensorflow/commits/cf452ffc60ab3bcca127ca683c3187ed8bb0fe29""},{""sha"":""1b4be8acbcc52d6480f9e44b10b148259070d1c9"",""author"":{""name"":""Thai Nguyen"",""email"":""77c7cb715bbfb6a72d1c8dd380160fd6eb2ba9c0@google.com""},""message"":""Don't raise error of missing inputs/outputs on custom ops\n\nCustom ops, including Flex ops, might not have inputs/outputs and custom ops in general depends on the users' impelementation, which we cannot check here.\n\nPiperOrigin-RevId: 395464527\nChange-Id: I5500b4acf76ad72bd6b8d1909f56c82afb2e31b3"",""distinct"":true,""url"":""https://api.github.com/repos/chkob/tensorflow/commits/1b4be8acbcc52d6480f9e44b10b148259070d1c9""},{""sha"":""6adbd0ec91063628720f6eceb981b50368d8af92"",""author"":{""name"":""A. Unique TensorFlower"",""email"":""746aced590a184ef4169166e753f7c211e32e5fc@tensorflow.org""},""message"":""Integrate LLVM at llvm/llvm-project@1524b0154116\n\nUpdates LLVM usage to match\n[1524b0154116](https://github.com/llvm/llvm-project/commit/1524b0154116)\n\nPiperOrigin-RevId: 395471069\nChange-Id: I02d870fd5973c19c01b939f557237f3f72db74e5"",""distinct"":true,""url"":""https://api.github.com/repos/chkob/tensorflow/commits/6adbd0ec91063628720f6eceb981b50368d8af92""},{""sha"":""cda095ce62e0229d7d35955bf41b718cf6b8b97a"",""author"":{""name"":""Frederic Bastien"",""email"":""f97faf633e0f27948feb654f3e29ab2be0f12d06@nvidia.com""},""message"":""Update a comment."",""distinct"":true,""url"":""https://api.github.com/repos/chkob/tensorflow/commits/cda095ce62e0229d7d35955bf41b718cf6b8b97a""},{""sha"":""73df309d10b89cd4fdc822add908ca351ceeba62"",""author"":{""name"":""Danila Bespalov"",""email"":""7ec1ef9fb22c985e7df9ed86ada9d929eb7c22e0@gmail.com""},""message"":""Add TFL_CAPI_EXPORT to TfLiteXNNPACK*() functions.\n\nThis allows calling them on Windows using the C API."",""distinct"":true,""url"":""https://api.github.com/repos/chkob/tensorflow/commits/73df309d10b89cd4fdc822add908ca351ceeba62""},{""sha"":""d2bd3f62c1a0958589f9509edecb0493963ef124"",""author"":{""name"":""HanBin Yoon"",""email"":""024f177e31598ae518222a68ff45c86a00c86bd8@google.com""},""message"":""Split lhlo_gpu_to_tfrt_gpu.mlir into many files.\n\nPiperOrigin-RevId: 395475174\nChange-Id: Ica91286d32bad69952189afb91d98625fa571ec2"",""distinct"":true,""url"":""https://api.github.com/repos/chkob/tensorflow/commits/d2bd3f62c1a0958589f9509edecb0493963ef124""},{""sha"":""ea814decfe2847f8409e1486f64ac1694e91e011"",""author"":{""name"":""A. Unique TensorFlower"",""email"":""746aced590a184ef4169166e753f7c211e32e5fc@tensorflow.org""},""message"":""Update TFRT dependency to use revision\nhttp://github.com/tensorflow/runtime/commit/c209cfd0fb4298a3f34397959bdb8e4df66dee79.\n\nPiperOrigin-RevId: 395475995\nChange-Id: Ie160e5009f9a01be015ac62542706002e8b0aacb"",""distinct"":true,""url"":""https://api.github.com/repos/chkob/tensorflow/commits/ea814decfe2847f8409e1486f64ac1694e91e011""},{""sha"":""4af918b09e865ea9c358209392afc6dfbf737309"",""author"":{""name"":""TensorFlower Gardener"",""email"":""746aced590a184ef4169166e753f7c211e32e5fc@tensorflow.org""},""message"":""Merge pull request #51852 from dfki-albo:userange_analysis\n\nPiperOrigin-RevId: 395477237\nChange-Id: I53dd2f3f0aa0e27171e9dc1ee4ed8ba71a9389b9"",""distinct"":true,""url"":""https://api.github.com/repos/chkob/tensorflow/commits/4af918b09e865ea9c358209392afc6dfbf737309""},{""sha"":""81d08dab9d3d08d4da4ed269a4ae292a04b2a506"",""author"":{""name"":""Sagun Bajra"",""email"":""8e269ab859de84ffd69b56346bf76b0e8ce1bd3b@google.com""},""message"":""Updates the regex matcher in BincountTest.test_shape_function\n\nPiperOrigin-RevId: 395493334\nChange-Id: I73b2031c55a8e6e8964abb0433357bd75e86c287"",""distinct"":true,""url"":""https://api.github.com/repos/chkob/tensorflow/commits/81d08dab9d3d08d4da4ed269a4ae292a04b2a506""},{""sha"":""93ff53b4f1684b2279eb7a137c83fd2c38403d56"",""author"":{""name"":""A. Unique TensorFlower"",""email"":""746aced590a184ef4169166e753f7c211e32e5fc@tensorflow.org""},""message"":""Go: Update generated wrapper functions for TensorFlow ops.\n\nPiperOrigin-RevId: 395494310\nChange-Id: I43f65215c8a377765732a29a7afffd21b1d34290"",""distinct"":true,""url"":""https://api.github.com/repos/chkob/tensorflow/commits/93ff53b4f1684b2279eb7a137c83fd2c38403d56""}]",,,,,,,,,,
18161866302,PullRequestEvent,true,2021-09-27 10:31:43.000000 UTC,49699333,dependabot[bot],268009293,wahello/terraform,,,,,,,,"""closed""",20,,,,,,,,
18162125829,PushEvent,true,2021-09-27 10:50:36.000000 UTC,19327038,elfinston,350289585,elfinston/terraform,"""refs/heads/main""",,,8021527203,1,1,"[{""sha"":""fda3ae194adb56b0af8708f145b9e76106852cf6"",""author"":{""name"":""elfinston"",""email"":""60e66b8fb9ac5bb171f2b5f4873deec27e96c501@gmail.com""},""message"":""Update terraform.tf"",""distinct"":true,""url"":""https://api.github.com/repos/elfinston/terraform/commits/fda3ae194adb56b0af8708f145b9e76106852cf6""}]",,,,,,,,,,
18162147258,PushEvent,true,2021-09-27 10:52:10.000000 UTC,19327038,elfinston,350289585,elfinston/terraform,"""refs/heads/main""",,,8021537304,1,1,"[{""sha"":""68a908b29e383dae8c8d5f81c1257f91dc1c780c"",""author"":{""name"":""elfinston"",""email"":""60e66b8fb9ac5bb171f2b5f4873deec27e96c501@gmail.com""},""message"":""Update terraform.tf"",""distinct"":true,""url"":""https://api.github.com/repos/elfinston/terraform/commits/68a908b29e383dae8c8d5f81c1257f91dc1c780c""}]",,,,,,,,,,
18162195966,PushEvent,true,2021-09-27 10:55:48.000000 UTC,24797685,cedriccarette,394580644,cedriccarette/terraform,"""refs/heads/main""",,,8021560701,1,1,"[{""sha"":""4a7f06c5c639983dfc29ce660dba07234136d2d8"",""author"":{""name"":""cedriccarette"",""email"":""c719cb14ca94124e22f8f2647bb13f922671c75c@hotmail.com""},""message"":""Add files via upload"",""distinct"":true,""url"":""https://api.github.com/repos/cedriccarette/terraform/commits/4a7f06c5c639983dfc29ce660dba07234136d2d8""}]",,,,,,,,,,
18161520780,PushEvent,true,2021-09-27 10:08:49.000000 UTC,41898282,github-actions[bot],159692533,smalltalkman/tensorflow,"""refs/heads/master""",,,8021242044,3,3,"[{""sha"":""8d174a2dc65dd86d437efd72de27ce1ed3d73470"",""author"":{""name"":""A. Unique TensorFlower"",""email"":""746aced590a184ef4169166e753f7c211e32e5fc@tensorflow.org""},""message"":""Update GraphDef version to 902.\n\nPiperOrigin-RevId: 399136060\nChange-Id: Ic4b0ae4152e9dbcd1ad9f6b240c92c900824a617"",""distinct"":true,""url"":""https://api.github.com/repos/smalltalkman/tensorflow/commits/8d174a2dc65dd86d437efd72de27ce1ed3d73470""},{""sha"":""5c689295afe0b2d9c0928fcb98ba0b0356ede22b"",""author"":{""name"":""A. Unique TensorFlower"",""email"":""746aced590a184ef4169166e753f7c211e32e5fc@tensorflow.org""},""message"":""compat: Update forward compatibility horizon to 2021-09-27\n\nPiperOrigin-RevId: 399136069\nChange-Id: Id07d962b4b0ee0dd5ba2b81aa126d614f4dd54ce"",""distinct"":true,""url"":""https://api.github.com/repos/smalltalkman/tensorflow/commits/5c689295afe0b2d9c0928fcb98ba0b0356ede22b""},{""sha"":""bdc6a138403e8257841e8dff6d6b9322bb65053a"",""author"":{""name"":""Tres Popp"",""email"":""bb390cedfd91dd9be00fd9562bdc5562c5867450@google.com""},""message"":""Peel once on all tiled_loop dimensions\n\nThis CL assumes that the best single rule for loop peeling is to ensure that there is a single loop without any padding needed. All dimensions are peeled once to ensure that this loop exists. Other peeled loops could be peeled again to remove more padding, but the assumption is that in the common case, this will not be worth the IR size/compile time increase.\n\nThis is a temporary rule of thumb until more advanced heuristics can be created with multiple different code generation strategies depending on the input.\n\nPiperOrigin-RevId: 399143335\nChange-Id: Ie20653fc4d900c43b03107211c9cac4a3a89781c"",""distinct"":true,""url"":""https://api.github.com/repos/smalltalkman/tensorflow/commits/bdc6a138403e8257841e8dff6d6b9322bb65053a""}]",,,,,,,,,,
18161493741,PushEvent,true,2021-09-27 10:07:12.000000 UTC,32765578,lukasalexanderweber,390612160,lukasalexanderweber/opencv,"""refs/heads/stitching_tutorial""",,,8021229970,1,1,"[{""sha"":""336cd951cdee528f1e33b5c718af1411377648cc"",""author"":{""name"":""Lukas Weber"",""email"":""c30d3b905128b4c567ea886b9a0d2c32d7d9302d@baw.de""},""message"":""third part of tutorial, updated timescaler and blender returns"",""distinct"":true,""url"":""https://api.github.com/repos/lukasalexanderweber/opencv/commits/336cd951cdee528f1e33b5c718af1411377648cc""}]",,,,,,,,,,
18161830382,CreateEvent,true,2021-09-27 10:29:13.000000 UTC,3234522,DimitriPapadopoulos,406690667,DimitriPapadopoulos/scikit-learn,"""_lobpcg.py""","""branch""","""user""",,,,,,,,,,,,,,
18162026474,PushEvent,true,2021-09-27 10:43:27.000000 UTC,3234522,DimitriPapadopoulos,406690667,DimitriPapadopoulos/scikit-learn,"""refs/heads/_lobpcg.py""",,,8021480380,1,1,"[{""sha"":""740c9445dbb6a60ccfc36784a8dd4327aa013c69"",""author"":{""name"":""Dimitri Papadopoulos"",""email"":""cadff36249149a6a16cb05b20ee2bf0e101c0f1f@users.noreply.github.com""},""message"":""MAINT Copy latest version of file from upstream\n\nActually scipy/sparse/linalg/eigen/lobpcg/lobpcg.py has not been\nremoved from SciPy 1.3.0 (or even current 1.7.1)."",""distinct"":true,""url"":""https://api.github.com/repos/DimitriPapadopoulos/scikit-learn/commits/740c9445dbb6a60ccfc36784a8dd4327aa013c69""}]",,,,,,,,,,
18161535724,PullRequestReviewEvent,true,2021-09-27 10:09:44.000000 UTC,60829274,richardantal,20473418,apache/phoenix,,,,,,,,"""created""",1319,,,"""commented""","""CONTRIBUTOR""",,,,
18162209718,PullRequestEvent,true,2021-09-27 10:56:51.000000 UTC,29246102,lokiore,20473418,apache/phoenix,,,,,,,,"""opened""",1322,,,,,,,,
18161764349,ForkEvent,true,2021-09-27 10:24:27.000000 UTC,77364587,Danielm007,10270250,facebook/react,,,,,,,,,,"""Danielm007/react""",,,,,,,
18161805624,ForkEvent,true,2021-09-27 10:27:21.000000 UTC,46152393,Pinky-Chaudhary,843222,scikit-learn/scikit-learn,,,,,,,,,,"""Pinky-Chaudhary/scikit-learn""",,,,,,,
18161488120,PullRequestReviewCommentEvent,true,2021-09-27 10:05:37.000000 UTC,89061,ogrisel,843222,scikit-learn/scikit-learn,,,,,,,,"""created""",20617,,,,,,,,
18161607328,IssueCommentEvent,true,2021-09-27 10:14:07.000000 UTC,3234522,DimitriPapadopoulos,843222,scikit-learn/scikit-learn,,,,,,,,"""created""",,,,,,,,,
18161733086,PullRequestReviewEvent,true,2021-09-27 10:22:20.000000 UTC,7454015,glemaitre,843222,scikit-learn/scikit-learn,,,,,,,,"""created""",20638,,,"""commented""","""CONTRIBUTOR""",,,,
18162195832,PushEvent,true,2021-09-27 10:55:48.000000 UTC,7454015,glemaitre,843222,scikit-learn/scikit-learn,"""refs/heads/main""",,,8021560593,1,1,"[{""sha"":""8d81fabec3a6b8303088aa9aa9f997bc0f0cf87c"",""author"":{""name"":""Guillaume Lemaitre"",""email"":""e5e78d384e205244ed69377c80930de68a2732ec@gmail.com""},""message"":""DOC move versionadded misplaced (#21162)"",""distinct"":true,""url"":""https://api.github.com/repos/scikit-learn/scikit-learn/commits/8d81fabec3a6b8303088aa9aa9f997bc0f0cf87c""}]",,,,,,,,,,
18161488031,PullRequestReviewEvent,true,2021-09-27 10:06:50.000000 UTC,89061,ogrisel,843222,scikit-learn/scikit-learn,,,,,,,,"""created""",20617,,,"""approved""","""MEMBER""",,,,
18161670234,IssuesEvent,true,2021-09-27 10:18:10.000000 UTC,7454015,glemaitre,843222,scikit-learn/scikit-learn,,,,,,,,"""closed""",,,,,,,,,
18161689748,IssueCommentEvent,true,2021-09-27 10:19:26.000000 UTC,89061,ogrisel,843222,scikit-learn/scikit-learn,,,,,,,,"""created""",,,,,,,,,
18161721080,PullRequestReviewEvent,true,2021-09-27 10:21:32.000000 UTC,7454015,glemaitre,843222,scikit-learn/scikit-learn,,,,,,,,"""created""",20638,,,"""commented""","""CONTRIBUTOR""",,,,
18162026951,IssueCommentEvent,true,2021-09-27 10:43:30.000000 UTC,3234522,DimitriPapadopoulos,843222,scikit-learn/scikit-learn,,,,,,,,"""created""",,,,,,,,,
18161910244,IssueCommentEvent,true,2021-09-27 10:34:49.000000 UTC,7454015,glemaitre,843222,scikit-learn/scikit-learn,,,,,,,,"""created""",,,,,,,,,
18161712343,PullRequestReviewEvent,true,2021-09-27 10:20:56.000000 UTC,7454015,glemaitre,843222,scikit-learn/scikit-learn,,,,,,,,"""created""",20638,,,"""commented""","""CONTRIBUTOR""",,,,
18161955401,IssueCommentEvent,true,2021-09-27 10:38:10.000000 UTC,3234522,DimitriPapadopoulos,843222,scikit-learn/scikit-learn,,,,,,,,"""created""",,,,,,,,,
18161670146,IssueCommentEvent,true,2021-09-27 10:18:09.000000 UTC,7454015,glemaitre,843222,scikit-learn/scikit-learn,,,,,,,,"""created""",,,,,,,,,
18161914516,WatchEvent,true,2021-09-27 10:35:08.000000 UTC,56833915,rf-santos,843222,scikit-learn/scikit-learn,,,,,,,,"""started""",,,,,,,,,
18161992691,IssueCommentEvent,true,2021-09-27 10:40:59.000000 UTC,7454015,glemaitre,843222,scikit-learn/scikit-learn,,,,,,,,"""created""",,,,,,,,,
18161733118,PullRequestReviewCommentEvent,true,2021-09-27 10:22:19.000000 UTC,7454015,glemaitre,843222,scikit-learn/scikit-learn,,,,,,,,"""created""",20638,,,,,,,,
18161945366,PullRequestEvent,true,2021-09-27 10:37:25.000000 UTC,3234522,DimitriPapadopoulos,843222,scikit-learn/scikit-learn,,,,,,,,"""opened""",21163,,,,,,,,
18161697033,PullRequestReviewEvent,true,2021-09-27 10:19:55.000000 UTC,7454015,glemaitre,843222,scikit-learn/scikit-learn,,,,,,,,"""created""",20638,,,"""commented""","""CONTRIBUTOR""",,,,
18161900982,PullRequestReviewCommentEvent,true,2021-09-27 10:34:09.000000 UTC,88894303,Nicholas-Ho-arm,5108051,opencv/opencv,,,,,,,,"""created""",20712,,,,,,,,
18161691593,ForkEvent,true,2021-09-27 10:19:33.000000 UTC,77540541,iamSkev,5108051,opencv/opencv,,,,,,,,,,"""iamSkev/opencv""",,,,,,,
18161537909,PushEvent,true,2021-09-27 10:09:51.000000 UTC,784056,elrumordelaluz,378192664,aurora-kit/react,"""refs/heads/main""",,,8021249806,1,1,"[{""sha"":""b170bd59917e83d79751aa3e03587c47d10a872c"",""author"":{""name"":""Lionel"",""email"":""a155f6866400f0e011c5f0500d52b5262705a03e@hotmail.com""},""message"":""0.7.0"",""distinct"":true,""url"":""https://api.github.com/repos/aurora-kit/react/commits/b170bd59917e83d79751aa3e03587c47d10a872c""}]",,,,,,,,,,
18161759810,IssueCommentEvent,true,2021-09-27 10:24:09.000000 UTC,56610014,google-ml-butler[bot],45717250,tensorflow/tensorflow,,,,,,,,"""created""",,,,,,,,,
18162160462,PushEvent,true,2021-09-27 10:53:09.000000 UTC,56741989,copybara-service[bot],45717250,tensorflow/tensorflow,"""refs/heads/master""",,,8021541719,1,1,"[{""sha"":""a7fbbe862ac50b0217b6d705b7d6016feb34107d"",""author"":{""name"":""A. Unique TensorFlower"",""email"":""746aced590a184ef4169166e753f7c211e32e5fc@tensorflow.org""},""message"":""Go: Update generated wrapper functions for TensorFlow ops.\n\nPiperOrigin-RevId: 399151697\nChange-Id: Ic33be09dc10e458c12309e345e5ff5dba4dab352"",""distinct"":true,""url"":""https://api.github.com/repos/tensorflow/tensorflow/commits/a7fbbe862ac50b0217b6d705b7d6016feb34107d""}]",,,,,,,,,,
18161761421,IssueCommentEvent,true,2021-09-27 10:24:15.000000 UTC,56610014,google-ml-butler[bot],45717250,tensorflow/tensorflow,,,,,,,,"""created""",,,,,,,,,
18161761171,IssueCommentEvent,true,2021-09-27 10:24:14.000000 UTC,56610014,google-ml-butler[bot],45717250,tensorflow/tensorflow,,,,,,,,"""created""",,,,,,,,,
18161761678,IssuesEvent,true,2021-09-27 10:24:16.000000 UTC,56610014,google-ml-butler[bot],45717250,tensorflow/tensorflow,,,,,,,,"""closed""",,,,,,,,,
18162115029,IssuesEvent,true,2021-09-27 10:49:49.000000 UTC,1804568,thaJeztah,7691631,moby/moby,,,,,,,,"""closed""",,,,,,,,,
18162114997,IssueCommentEvent,true,2021-09-27 10:49:49.000000 UTC,1804568,thaJeztah,7691631,moby/moby,,,,,,,,"""created""",,,,,,,,,
18161699182,IssueCommentEvent,true,2021-09-27 10:20:04.000000 UTC,1804568,thaJeztah,7691631,moby/moby,,,,,,,,"""created""",,,,,,,,,
18162090488,IssueCommentEvent,true,2021-09-27 10:48:00.000000 UTC,1804568,thaJeztah,7691631,moby/moby,,,,,,,,"""created""",,,,,,,,,
18161850031,PushEvent,true,2021-09-27 10:30:35.000000 UTC,28918474,1gtm,197128465,kubeform/terraform,"""refs/heads/generic-repo-refresher""",,,8021395014,1,1,"[{""sha"":""0219098fc49b7f2c61f3208e9d243c63ed70757c"",""author"":{""name"":""1gtm"",""email"":""f207d4589a3d46d4d307860141315556ca75f261@appscode.com""},""message"":""Update repository config\n\nSigned-off-by: 1gtm <1gtm@appscode.com>"",""distinct"":true,""url"":""https://api.github.com/repos/kubeform/terraform/commits/0219098fc49b7f2c61f3208e9d243c63ed70757c""}]",,,,,,,,,,
18166775267,PushEvent,true,2021-09-27 15:20:38.000000 UTC,39814207,pull[bot],333612678,51461/dubbo,"""refs/heads/3.0""",,,8023721435,11,11,"[{""sha"":""6a79caffe59396acea7ebacecbc4388917065512"",""author"":{""name"":""earthchen"",""email"":""3e0bd8c7f32133a058973e69e24ef8c7f65fc316@duobei.com""},""message"":""optimize triple server send frame error handler (#8922)"",""distinct"":true,""url"":""https://api.github.com/repos/51461/dubbo/commits/6a79caffe59396acea7ebacecbc4388917065512""},{""sha"":""8e4d9f694ccf990b386b5feb7490e89fb2334268"",""author"":{""name"":""Lei Zhiyuan"",""email"":""ae64b05349075ebed9aa2e04ab1c255c769ba1ee@gmail.com""},""message"":""fix: registry cast to AbstractRegistry error in telnet (#8619)\n\n* chore:add @Override for some methods\r\n\r\n* chore:delete unused import\r\n\r\n* chore:checkstyle"",""distinct"":true,""url"":""https://api.github.com/repos/51461/dubbo/commits/8e4d9f694ccf990b386b5feb7490e89fb2334268""},{""sha"":""10b3be9b8ac1828b671a198cb88d586d174b29d0"",""author"":{""name"":""Wang Chengming"",""email"":""797b11b27820feac74f983f7807e06052f220378@qq.com""},""message"":""optimize Multiple some code (#8900)"",""distinct"":true,""url"":""https://api.github.com/repos/51461/dubbo/commits/10b3be9b8ac1828b671a198cb88d586d174b29d0""},{""sha"":""588c0c8626fd55b642e883f1808baeb3117948e2"",""author"":{""name"":""Wang Chengming"",""email"":""797b11b27820feac74f983f7807e06052f220378@qq.com""},""message"":""MultipleRegistry remove duplicate URL (#8896)"",""distinct"":true,""url"":""https://api.github.com/repos/51461/dubbo/commits/588c0c8626fd55b642e883f1808baeb3117948e2""},{""sha"":""4f4e87b426f59e67c32eac56c5dc7513d73f03b2"",""author"":{""name"":""灼华"",""email"":""a8b877bbbd92cbfe203c6864a2a681c8dace2279@users.noreply.github.com""},""message"":""Add volatile modifier to AbstractServiceDiscovery#serviceInstance (#8915)\n\n1.add volatile\r\n2.log level"",""distinct"":true,""url"":""https://api.github.com/repos/51461/dubbo/commits/4f4e87b426f59e67c32eac56c5dc7513d73f03b2""},{""sha"":""711c323efc77c4b37d322a3961aed41eef7acf7e"",""author"":{""name"":""张志勇"",""email"":""f2dfc903261ba41890f56b1f7c1ef76cce3d4a67@163.com""},""message"":""An optimization of generic invocation in gson format (#8924)"",""distinct"":true,""url"":""https://api.github.com/repos/51461/dubbo/commits/711c323efc77c4b37d322a3961aed41eef7acf7e""},{""sha"":""cd5cad2daec964a75b7572e994b9a39547401f95"",""author"":{""name"":""灼华"",""email"":""a8b877bbbd92cbfe203c6864a2a681c8dace2279@users.noreply.github.com""},""message"":""Add unit test for StandardMetadataServiceURLBuilder (#8913)\n\n* Add unit test for StandardMetadataServiceURLBuilder\r\n\r\n* FIX UT\r\n\r\n* ApplicationModel reset"",""distinct"":true,""url"":""https://api.github.com/repos/51461/dubbo/commits/cd5cad2daec964a75b7572e994b9a39547401f95""},{""sha"":""40d01ee0fb7f827252ef76f79cb3c8c141c86f07"",""author"":{""name"":""zrlw"",""email"":""c3ee052b6ab7be3c31be82ee641dda519078ac4b@sina.com""},""message"":""[3.0] catch handler.caught() throwable of MultiMessageHandler (#8930)\n\n* catch handler.caught() throwable of MultiMessageHandler\r\n\r\n* remove useless import, fix ut"",""distinct"":true,""url"":""https://api.github.com/repos/51461/dubbo/commits/40d01ee0fb7f827252ef76f79cb3c8c141c86f07""},{""sha"":""1cce95308884994a6cf9989dcf3139bcd0522629"",""author"":{""name"":""Wang Chengming"",""email"":""797b11b27820feac74f983f7807e06052f220378@qq.com""},""message"":""add some AvailableClusterInvoker unit test (#8934)"",""distinct"":true,""url"":""https://api.github.com/repos/51461/dubbo/commits/1cce95308884994a6cf9989dcf3139bcd0522629""},{""sha"":""b7f54e34ce1d6408098f5b2b075c2c465242aced"",""author"":{""name"":""huazhongming"",""email"":""9242be017ab6886addd9d458a2d2295a0a8a79c2@gmail.com""},""message"":""Update dubbo version"",""distinct"":true,""url"":""https://api.github.com/repos/51461/dubbo/commits/b7f54e34ce1d6408098f5b2b075c2c465242aced""},{""sha"":""493459602ca4517d36a4faf61628f4ca23444fed"",""author"":{""name"":""huazhongming"",""email"":""9242be017ab6886addd9d458a2d2295a0a8a79c2@gmail.com""},""message"":""3.0.3 release (#8938)\n\n* 3.0.3-RELEASE\r\n\r\n* release 3.0.3\r\n\r\nCo-authored-by: huazhongming <huazhongming@youzan.com>"",""distinct"":true,""url"":""https://api.github.com/repos/51461/dubbo/commits/493459602ca4517d36a4faf61628f4ca23444fed""}]",,,,,,,,,,
18166775382,PullRequestEvent,true,2021-09-27 15:20:38.000000 UTC,39814207,pull[bot],333612678,51461/dubbo,,,,,,,,"""closed""",260,,,,,,,,
18167059966,PushEvent,true,2021-09-27 15:36:39.000000 UTC,24976862,rogday,366653779,rogday/opencv,"""refs/heads/non_continuous_argmax""",,,8023855160,1,1,"[{""sha"":""1b519bb9c0556133ba1654dfb63ac33e50e89c06"",""author"":{""name"":""Smirnov Egor"",""email"":""9951d70b99a568cda55036e5dec71024df2ce43a@yandex.ru""},""message"":""NaN handling"",""distinct"":true,""url"":""https://api.github.com/repos/rogday/opencv/commits/1b519bb9c0556133ba1654dfb63ac33e50e89c06""}]",,,,,,,,,,
18166858759,DeleteEvent,true,2021-09-27 15:25:14.000000 UTC,49699333,dependabot[bot],236017931,tharun208/kuma,"""dependabot/go_modules/sigs.k8s.io/controller-runtime-0.10.0""","""branch""","""user""",,,,,,,,,,,,,,
18166857778,IssueCommentEvent,true,2021-09-27 15:25:11.000000 UTC,49699333,dependabot[bot],236017931,tharun208/kuma,,,,,,,,"""created""",,,,,,,,,
18166858369,IssueCommentEvent,true,2021-09-27 15:25:12.000000 UTC,49699333,dependabot[bot],236017931,tharun208/kuma,,,,,,,,"""created""",,,,,,,,,
18166857398,CreateEvent,true,2021-09-27 15:25:10.000000 UTC,49699333,dependabot[bot],236017931,tharun208/kuma,"""dependabot/go_modules/sigs.k8s.io/controller-runtime-0.10.1""","""branch""","""user""",,,,,,,,,,,,,,
18166518748,PushEvent,true,2021-09-27 15:07:18.000000 UTC,39814207,pull[bot],134618766,vishalbelsare/moby,"""refs/heads/master""",,,8023603000,5,5,"[{""sha"":""ec9c8545f8408e747f283a33d4552187f6cec13f"",""author"":{""name"":""Sebastiaan van Stijn"",""email"":""64b2b6d12bfe4baae7dad3d018f8cbf6b0e7a044@gone.nl""},""message"":""Makefile: remove passing proxy env-vars\n\nDocker 17.07 and up allow the CLI to be configured to set default proxy\nenv-vars to be used (both as build-arg and as env for docker run), see\ndocker/cli#93, so setting these here should be redundant. If someone\nneeds these env-vars set, they should be configured in the cli's\n`~/.docker/config.json` instead.\n\nSigned-off-by: Sebastiaan van Stijn <github@gone.nl>"",""distinct"":true,""url"":""https://api.github.com/repos/vishalbelsare/moby/commits/ec9c8545f8408e747f283a33d4552187f6cec13f""},{""sha"":""b954e4793bd204c847b271545af4f19f145d4e54"",""author"":{""name"":""Sebastiaan van Stijn"",""email"":""64b2b6d12bfe4baae7dad3d018f8cbf6b0e7a044@gone.nl""},""message"":""Dockerfile: move installers into Dockerfile\n\nThis moves installers that are only used during CI into the Dockerfile. Some\ninstallers are still used in the release-pipeline, so keeping thos for now.\n\nSigned-off-by: Sebastiaan van Stijn <github@gone.nl>"",""distinct"":true,""url"":""https://api.github.com/repos/vishalbelsare/moby/commits/b954e4793bd204c847b271545af4f19f145d4e54""},{""sha"":""ce715505bd4bf52a6c0f934672e872d70e892f5b"",""author"":{""name"":""Sebastiaan van Stijn"",""email"":""64b2b6d12bfe4baae7dad3d018f8cbf6b0e7a044@gone.nl""},""message"":""Dockerfile: update test-registries to released versions\n\n- using v2.1.0 for the \""v1\"" registry (last release with only v1)\n- using v2.3.0 as \""current\"" version (was v2.3.0-rc.0)\n\nSigned-off-by: Sebastiaan van Stijn <github@gone.nl>"",""distinct"":true,""url"":""https://api.github.com/repos/vishalbelsare/moby/commits/ce715505bd4bf52a6c0f934672e872d70e892f5b""},{""sha"":""4145c81d8271eceab65e4600ebdce7d1421b337e"",""author"":{""name"":""Sebastiaan van Stijn"",""email"":""2b34a3e3e055981c6c83bcd4f9afd06751b4ac0e@users.noreply.github.com""},""message"":""Merge pull request #42880 from thaJeztah/makefile_proxy_vars\n\nMakefile: remove passing proxy env-vars"",""distinct"":true,""url"":""https://api.github.com/repos/vishalbelsare/moby/commits/4145c81d8271eceab65e4600ebdce7d1421b337e""},{""sha"":""306fa44b7ca59282dc8695e6d169c5b25698d0cb"",""author"":{""name"":""Akihiro Suda"",""email"":""10ddef0dea2a66ab193b07198faa879adcb213d8@hco.ntt.co.jp""},""message"":""Merge pull request #42881 from thaJeztah/dockerfile_rewrite\n\nDockerfile: move installers into Dockerfile, and update registry versions"",""distinct"":true,""url"":""https://api.github.com/repos/vishalbelsare/moby/commits/306fa44b7ca59282dc8695e6d169c5b25698d0cb""}]",,,,,,,,,,
18166399477,CreateEvent,true,2021-09-27 15:01:19.000000 UTC,56173335,imanashoorii,410927310,imanashoorii/opencv,"""main""","""branch""","""user""",,,,,,,,,,,,,,
18166482385,PushEvent,true,2021-09-27 15:05:28.000000 UTC,75912517,wraveane,394742887,wraveane/tensorflow,"""refs/heads/master""",,,8023586795,949,949,"[{""sha"":""2a07b7e1835dd6b23cfb0fcc5520fd4b7093beb3"",""author"":{""name"":""Kun-Lu"",""email"":""fb67b68a5303a8c6bc622a93134ffe52dd3fe174@ibm.com""},""message"":""Fix importing a SavedModel into a TF 1.x-style graph on s390x\n\nSigned-off-by: Kun-Lu <kun.lu@ibm.com>"",""distinct"":true,""url"":""https://api.github.com/repos/wraveane/tensorflow/commits/2a07b7e1835dd6b23cfb0fcc5520fd4b7093beb3""},{""sha"":""78852fb37c42c72abe7c6bc37fd13449b0ca303f"",""author"":{""name"":""Kun-Lu"",""email"":""fb67b68a5303a8c6bc622a93134ffe52dd3fe174@ibm.com""},""message"":""Fix incorrect dim data when loading saved_model file on s390x\n\nSigned-off-by: Kun-Lu <kun.lu@ibm.com>"",""distinct"":true,""url"":""https://api.github.com/repos/wraveane/tensorflow/commits/78852fb37c42c72abe7c6bc37fd13449b0ca303f""},{""sha"":""3574f92c53c41220a9eff2ba9d736a5a27ee59be"",""author"":{""name"":""Kun-Lu"",""email"":""fb67b68a5303a8c6bc622a93134ffe52dd3fe174@ibm.com""},""message"":""Refactor code to remove duplication\n\nSigned-off-by: Kun-Lu <kun.lu@ibm.com>"",""distinct"":true,""url"":""https://api.github.com/repos/wraveane/tensorflow/commits/3574f92c53c41220a9eff2ba9d736a5a27ee59be""},{""sha"":""828477d2416107ea3b0d891f85ea67d2c212e5bd"",""author"":{""name"":""Kun-Lu"",""email"":""fb67b68a5303a8c6bc622a93134ffe52dd3fe174@ibm.com""},""message"":""Resolve conflicts in reader.cc\n\nSigned-off-by: Kun-Lu <kun.lu@ibm.com>"",""distinct"":true,""url"":""https://api.github.com/repos/wraveane/tensorflow/commits/828477d2416107ea3b0d891f85ea67d2c212e5bd""},{""sha"":""8f2b6bba17403e32bc5c8289b6ecc13948f65f23"",""author"":{""name"":""Kun Lu"",""email"":""fb67b68a5303a8c6bc622a93134ffe52dd3fe174@ibm.com""},""message"":""Merge branch 'master' into tf-s390x-loader_impl-fix"",""distinct"":true,""url"":""https://api.github.com/repos/wraveane/tensorflow/commits/8f2b6bba17403e32bc5c8289b6ecc13948f65f23""},{""sha"":""04a4dc9f70b064ef2332a14af0934f3c88e1daf8"",""author"":{""name"":""Mahmoud Abuzaina"",""email"":""a2ed0f6fa01f715ca5a92264281888c73ba9e3c6@intel.com""},""message"":""Improving mkl_layout_pass performance"",""distinct"":true,""url"":""https://api.github.com/repos/wraveane/tensorflow/commits/04a4dc9f70b064ef2332a14af0934f3c88e1daf8""},{""sha"":""d9b27593638f2ae356c6205517f28ff9b21ae34c"",""author"":{""name"":""Yong Tang"",""email"":""765086fe2e0c1f980161f127fec596800f327f62@outlook.com""},""message"":""Fix tf.tile crash when n is large\n\nThis PR tries to fix the issue raised in 46911 where tf.tile\nwill crash when n is large. This PR add additional check\nto make sure an error message is rendered (instead of crash).\n\nThis PR fixes 46911.\n\nSigned-off-by: Yong Tang <yong.tang.github@outlook.com>"",""distinct"":true,""url"":""https://api.github.com/repos/wraveane/tensorflow/commits/d9b27593638f2ae356c6205517f28ff9b21ae34c""},{""sha"":""c38bb99429970046dbb846155bacaaa4cd3f9615"",""author"":{""name"":""Kun Lu"",""email"":""fb67b68a5303a8c6bc622a93134ffe52dd3fe174@ibm.com""},""message"":""Merge branch 'master' into tf-s390x-loader_impl-fix"",""distinct"":true,""url"":""https://api.github.com/repos/wraveane/tensorflow/commits/c38bb99429970046dbb846155bacaaa4cd3f9615""},{""sha"":""77380d6f2f8c41c42e27a0bd01ed16f1de8c600f"",""author"":{""name"":""Artem Sokolovskii"",""email"":""d0c38013de63562c937044821c508fb88f15aa0d@gmail.com""},""message"":""Made rounding in convert_image_dtype for numbers close to zero\n\nFixes #48701"",""distinct"":true,""url"":""https://api.github.com/repos/wraveane/tensorflow/commits/77380d6f2f8c41c42e27a0bd01ed16f1de8c600f""},{""sha"":""ea1615dbe41bd908dd2fef3df319812f2ed0978f"",""author"":{""name"":""Lemo"",""email"":""a8d6b323c55b8632c0d68d6091cc762046edfb66@gmail.com""},""message"":""Setup local TFRT repo workspace"",""distinct"":true,""url"":""https://api.github.com/repos/wraveane/tensorflow/commits/ea1615dbe41bd908dd2fef3df319812f2ed0978f""},{""sha"":""7285c1b372c904bd07e902a86b883ceb1977b2de"",""author"":{""name"":""Kun-Lu"",""email"":""fb67b68a5303a8c6bc622a93134ffe52dd3fe174@ibm.com""},""message"":""Fix endianness issue in LiteralUtilTest(F16) on BE machines\n\nThis PR swaps the data of internal data views on BE machines\nto make the data format machine endianness dependent."",""distinct"":true,""url"":""https://api.github.com/repos/wraveane/tensorflow/commits/7285c1b372c904bd07e902a86b883ceb1977b2de""},{""sha"":""06086d4a0f2caef5d3b4cc83f41917e89827759c"",""author"":{""name"":""Koan-Sin Tan"",""email"":""0f50d6f3c0f5df9b282683ddabaf63e2d4d09d2c@gmail.com""},""message"":""[tflite] add same scale constraint for mirror pad\n\nadd `SameOperandsAndResultsScale` to MirrorPad so that when the new\nMLIR quantizer is used for post-training quantization, all\nquantized mirror_pad will have the same quantization scaled for\ninputs and outputs (as what the old non-MLIR one does)"",""distinct"":true,""url"":""https://api.github.com/repos/wraveane/tensorflow/commits/06086d4a0f2caef5d3b4cc83f41917e89827759c""},{""sha"":""d999613b2fb722ea91d2ff4667358d9fb92b6480"",""author"":{""name"":""Frederic Bastien"",""email"":""f97faf633e0f27948feb654f3e29ab2be0f12d06@nvidia.com""},""message"":""Make replay_computation accept input HLO file with multiple module."",""distinct"":true,""url"":""https://api.github.com/repos/wraveane/tensorflow/commits/d999613b2fb722ea91d2ff4667358d9fb92b6480""},{""sha"":""37275d71e71eeb407b9d2916195dc64fc314388f"",""author"":{""name"":""Kun-Lu"",""email"":""fb67b68a5303a8c6bc622a93134ffe52dd3fe174@ibm.com""},""message"":""Reformat to fix Ubuntu Sanity issue"",""distinct"":true,""url"":""https://api.github.com/repos/wraveane/tensorflow/commits/37275d71e71eeb407b9d2916195dc64fc314388f""},{""sha"":""0048c23660371f78750acffacd87716229f2123a"",""author"":{""name"":""Wang,Quintin"",""email"":""513dfc56e4dc03d75afc539ab71ab85d7fa92dbe@intel.com""},""message"":""add DEVICE_DEFAULT for Mutex/DestroyResource/Sequence ops"",""distinct"":true,""url"":""https://api.github.com/repos/wraveane/tensorflow/commits/0048c23660371f78750acffacd87716229f2123a""},{""sha"":""2d4a88f45a57d45a91dba65d22c4cf73a8926bc8"",""author"":{""name"":""Wang,Quintin"",""email"":""513dfc56e4dc03d75afc539ab71ab85d7fa92dbe@intel.com""},""message"":""add DEVICE_DEFAULT for python ops"",""distinct"":true,""url"":""https://api.github.com/repos/wraveane/tensorflow/commits/2d4a88f45a57d45a91dba65d22c4cf73a8926bc8""},{""sha"":""30f4f4402fa45d8544da337c0ee55dd7e0f18f4a"",""author"":{""name"":""Annie Tallund"",""email"":""810efd6f5049d94852495606109a1822fef157d2@arm.com""},""message"":""Refactor Slice reference op for port to TFLM\n\nChange-Id: I1c8e2a4550d9c6fd792b2d5ad0361579b9d437dd"",""distinct"":true,""url"":""https://api.github.com/repos/wraveane/tensorflow/commits/30f4f4402fa45d8544da337c0ee55dd7e0f18f4a""},{""sha"":""ae5dadada18c0fdaf7bc834ca9c5b22fec45fe6d"",""author"":{""name"":""Zhoulong Jiang"",""email"":""9310ceb31e5c50bda3b06d32dc899a7706dc3b4d@intel.com""},""message"":""[PluggableDevice] Add pluggable profiler support"",""distinct"":true,""url"":""https://api.github.com/repos/wraveane/tensorflow/commits/ae5dadada18c0fdaf7bc834ca9c5b22fec45fe6d""},{""sha"":""bd385fed80e945869d124d2c4430753aa1be34d7"",""author"":{""name"":""Zhoulong Jiang"",""email"":""9310ceb31e5c50bda3b06d32dc899a7706dc3b4d@intel.com""},""message"":""address comments"",""distinct"":true,""url"":""https://api.github.com/repos/wraveane/tensorflow/commits/bd385fed80e945869d124d2c4430753aa1be34d7""},{""sha"":""361f894f66712afeb807cbb3fafe81dae312f647"",""author"":{""name"":""guozhong.zhuang"",""email"":""870f7e5c937c6f0ebd8d778278ecaece281ed5b0@intel.com""},""message"":""fix UT failure due to recent conv 3d test change"",""distinct"":true,""url"":""https://api.github.com/repos/wraveane/tensorflow/commits/361f894f66712afeb807cbb3fafe81dae312f647""}]",,,,,,,,,,
18167320404,PushEvent,true,2021-09-27 15:51:40.000000 UTC,2266568,michaelbeaumont,409362305,michaelbeaumont/kuma,"""refs/heads/feat/server_version""",,,8023973863,1,1,"[{""sha"":""a62bb1e81c038f15794dcdcf7e8423bca1d174e7"",""author"":{""name"":""Michael Beaumont"",""email"":""7c55cb21de779eb1db34eb05403a1a3697016d91@gmail.com""},""message"":""refactor(kumactl) deduplicate version printing code"",""distinct"":true,""url"":""https://api.github.com/repos/michaelbeaumont/kuma/commits/a62bb1e81c038f15794dcdcf7e8423bca1d174e7""}]",,,,,,,,,,
18167238859,PushEvent,true,2021-09-27 15:46:56.000000 UTC,2266568,michaelbeaumont,409362305,michaelbeaumont/kuma,"""refs/heads/feat/server_version""",,,8023937231,2,2,"[{""sha"":""be5a33f3e0815a48619ba3708ec4e629c01fcdf4"",""author"":{""name"":""Michael Beaumont"",""email"":""7c55cb21de779eb1db34eb05403a1a3697016d91@gmail.com""},""message"":""feat(kumactl) display server product and add Client/Server prefix"",""distinct"":true,""url"":""https://api.github.com/repos/michaelbeaumont/kuma/commits/be5a33f3e0815a48619ba3708ec4e629c01fcdf4""},{""sha"":""c815651b6a9e76f22f6d7e1afead49d6f0bfe69a"",""author"":{""name"":""Michael Beaumont"",""email"":""7c55cb21de779eb1db34eb05403a1a3697016d91@gmail.com""},""message"":""refactor(kumactl) deduplicate version printing code"",""distinct"":true,""url"":""https://api.github.com/repos/michaelbeaumont/kuma/commits/c815651b6a9e76f22f6d7e1afead49d6f0bfe69a""}]",,,,,,,,,,
18167361350,PushEvent,true,2021-09-27 15:54:05.000000 UTC,2266568,michaelbeaumont,409362305,michaelbeaumont/kuma,"""refs/heads/feat/server_version""",,,8023992306,1,1,"[{""sha"":""f57fe2f89bbfb1519e068f6375cf5d8fd359d1ec"",""author"":{""name"":""Michael Beaumont"",""email"":""7c55cb21de779eb1db34eb05403a1a3697016d91@gmail.com""},""message"":""refactor(kumactl) deduplicate version printing code"",""distinct"":true,""url"":""https://api.github.com/repos/michaelbeaumont/kuma/commits/f57fe2f89bbfb1519e068f6375cf5d8fd359d1ec""}]",,,,,,,,,,
18166597562,PushEvent,true,2021-09-27 15:11:12.000000 UTC,61616553,tuhindasv0,403230274,tuhindasv0/terraform,"""refs/heads/master""",,,8023638536,1,1,"[{""sha"":""9634cb5b83531b3e1fd339f6ea8eeff18cab0227"",""author"":{""name"":""tuhindasv0"",""email"":""4ac669dd66bf072bf69bc74fcb025dacb410d56f@gmail.com""},""message"":""adding readme"",""distinct"":true,""url"":""https://api.github.com/repos/tuhindasv0/terraform/commits/9634cb5b83531b3e1fd339f6ea8eeff18cab0227""}]",,,,,,,,,,
18167002567,PushEvent,true,2021-09-27 15:33:18.000000 UTC,2133361,jmloyola,377280516,jmloyola/scikit-learn,"""refs/heads/main""",,,8023828396,7,7,"[{""sha"":""1b51ae220ebd5249e640e0d418ea2d802a51a76d"",""author"":{""name"":""Juan Martin Loyola"",""email"":""bac18c3815d8dcc0c5d975b27af08b0c6f83bdab@outlook.com""},""message"":""DOC Ensures that MissingIndicator passes numpydoc validation (#21149)"",""distinct"":true,""url"":""https://api.github.com/repos/jmloyola/scikit-learn/commits/1b51ae220ebd5249e640e0d418ea2d802a51a76d""},{""sha"":""6e2388f9016c07a813fa5925f9429f1b2ea4f217"",""author"":{""name"":""Juan Martin Loyola"",""email"":""bac18c3815d8dcc0c5d975b27af08b0c6f83bdab@outlook.com""},""message"":""DOC Ensures that RobustScaler passes numpydoc validation (#21155)"",""distinct"":true,""url"":""https://api.github.com/repos/jmloyola/scikit-learn/commits/6e2388f9016c07a813fa5925f9429f1b2ea4f217""},{""sha"":""20d5eaf42601b8216fe7daa2fb073d569d28a6b7"",""author"":{""name"":""赵丰 (Zhao Feng)"",""email"":""6d49ab6e7f5bcc3535fd28c1d8cd5d9ba85b4675@qq.com""},""message"":""DOC fix an import in the docsting of RationalQuadratic (#21156)"",""distinct"":true,""url"":""https://api.github.com/repos/jmloyola/scikit-learn/commits/20d5eaf42601b8216fe7daa2fb073d569d28a6b7""},{""sha"":""9ed1c6555885f9df1a3c3961662e0fcad4fb7b04"",""author"":{""name"":""EricEllwanger"",""email"":""a38ee1d0152bac93290666c041d692774b9a9e25@users.noreply.github.com""},""message"":""DOC Ensure StackingClassifier pass numpydoc validation (#21135)\n\nCo-authored-by: frellwan <frellwan@hotmail.com>\r\nCo-authored-by: Guillaume Lemaitre <g.lemaitre58@gmail.com>"",""distinct"":true,""url"":""https://api.github.com/repos/jmloyola/scikit-learn/commits/9ed1c6555885f9df1a3c3961662e0fcad4fb7b04""},{""sha"":""8d81fabec3a6b8303088aa9aa9f997bc0f0cf87c"",""author"":{""name"":""Guillaume Lemaitre"",""email"":""e5e78d384e205244ed69377c80930de68a2732ec@gmail.com""},""message"":""DOC move versionadded misplaced (#21162)"",""distinct"":true,""url"":""https://api.github.com/repos/jmloyola/scikit-learn/commits/8d81fabec3a6b8303088aa9aa9f997bc0f0cf87c""},{""sha"":""34e07d181673ec0f4e55eb4c116785632d3645ca"",""author"":{""name"":""Dimitri Papadopoulos Orfanos"",""email"":""cadff36249149a6a16cb05b20ee2bf0e101c0f1f@users.noreply.github.com""},""message"":""MAINT update externals/_lobpcg.py with upstream (#21163)"",""distinct"":true,""url"":""https://api.github.com/repos/jmloyola/scikit-learn/commits/34e07d181673ec0f4e55eb4c116785632d3645ca""},{""sha"":""2e3c32dcc1e99ad753dff4a9aa26657073883158"",""author"":{""name"":""Dimitri Papadopoulos Orfanos"",""email"":""cadff36249149a6a16cb05b20ee2bf0e101c0f1f@users.noreply.github.com""},""message"":""MNT sync externals/_pilutil.py with upstream (#21161)"",""distinct"":true,""url"":""https://api.github.com/repos/jmloyola/scikit-learn/commits/2e3c32dcc1e99ad753dff4a9aa26657073883158""}]",,,,,,,,,,
18166546760,PushEvent,true,2021-09-27 15:08:42.000000 UTC,41898282,github-actions[bot],159692533,smalltalkman/tensorflow,"""refs/heads/master""",,,8023615646,3,3,"[{""sha"":""89363b5e083a5c9faa12660cd05c1d79c6ea9f36"",""author"":{""name"":""Chris Jones"",""email"":""44ec8a9a96520629f1de8b28e6ff976a9fe79756@google.com""},""message"":""[XLA:GPU] Add new compiler pass to concatenate all-reduce operands into a single, contiguous buffer.\n\nPiperOrigin-RevId: 399184237\nChange-Id: I15711e85c2f5460ebe9c965ae90d4802563c2f95"",""distinct"":true,""url"":""https://api.github.com/repos/smalltalkman/tensorflow/commits/89363b5e083a5c9faa12660cd05c1d79c6ea9f36""},{""sha"":""bd603378e951780e868ec8155ab4311eb635245b"",""author"":{""name"":""A. Unique TensorFlower"",""email"":""746aced590a184ef4169166e753f7c211e32e5fc@tensorflow.org""},""message"":""Go: Update generated wrapper functions for TensorFlow ops.\n\nPiperOrigin-RevId: 399188060\nChange-Id: I2735533093eedafd1832cf6577d6439650c7858c"",""distinct"":true,""url"":""https://api.github.com/repos/smalltalkman/tensorflow/commits/bd603378e951780e868ec8155ab4311eb635245b""},{""sha"":""707c5e821f126f55f4b83ed6990795bc5605c0d9"",""author"":{""name"":""A. Unique TensorFlower"",""email"":""746aced590a184ef4169166e753f7c211e32e5fc@tensorflow.org""},""message"":""Update TFRT dependency to use revision\nhttp://github.com/tensorflow/runtime/commit/e62088ed5996b46e92fa0887451802cf4e007d7d.\n\nPiperOrigin-RevId: 399189082\nChange-Id: I4805b982ee25cfde7026f590550fd4a174ec090a"",""distinct"":true,""url"":""https://api.github.com/repos/smalltalkman/tensorflow/commits/707c5e821f126f55f4b83ed6990795bc5605c0d9""}]",,,,,,,,,,
18166531445,PushEvent,true,2021-09-27 15:07:56.000000 UTC,3979925,surahman,399218236,surahman/incubator-heron,"""refs/heads/3707-Config-Map-Support-dev""",,,8023608670,1,1,"[{""sha"":""21a04db65e545e54eab9abc0622dbe41a9bf4100"",""author"":{""name"":""Saad Ur Rahman"",""email"":""9999a4936214c24e1f260e8d63e35dcf2173cc3d@gmail.com""},""message"":""[Kubernetes] bug fix and test for missing delimiter in <getPodTemplateLocation>."",""distinct"":true,""url"":""https://api.github.com/repos/surahman/incubator-heron/commits/21a04db65e545e54eab9abc0622dbe41a9bf4100""}]",,,,,,,,,,
18167124187,WatchEvent,true,2021-09-27 15:40:25.000000 UTC,84621547,shakiliitju,4710920,apache/dubbo,,,,,,,,"""started""",,,,,,,,,
18167287116,IssuesEvent,true,2021-09-27 15:49:44.000000 UTC,43994656,haoyann,4710920,apache/dubbo,,,,,,,,"""opened""",,,,,,,,,
18167310814,WatchEvent,true,2021-09-27 15:51:06.000000 UTC,68755278,GuroG,10270250,facebook/react,,,,,,,,"""started""",,,,,,,,,
18167348199,PullRequestReviewEvent,true,2021-09-27 15:53:19.000000 UTC,2286579,salazarm,10270250,facebook/react,,,,,,,,"""created""",22440,,,"""commented""","""MEMBER""",,,,
18167130576,PullRequestReviewEvent,true,2021-09-27 15:40:47.000000 UTC,63648,sebmarkbage,10270250,facebook/react,,,,,,,,"""created""",22423,,,"""approved""","""MEMBER""",,,,
18166942468,IssueCommentEvent,true,2021-09-27 15:29:53.000000 UTC,51247949,mooSylla,10270250,facebook/react,,,,,,,,"""created""",,,,,,,,,
18167095423,WatchEvent,true,2021-09-27 15:38:44.000000 UTC,55176122,jasirullah12345,10270250,facebook/react,,,,,,,,"""started""",,,,,,,,,
18167089228,WatchEvent,true,2021-09-27 15:38:22.000000 UTC,55176122,jasirullah12345,10270250,facebook/react,,,,,,,,"""started""",,,,,,,,,
18167129614,PullRequestReviewEvent,true,2021-09-27 15:40:44.000000 UTC,63648,sebmarkbage,10270250,facebook/react,,,,,,,,"""created""",22423,,,"""commented""","""MEMBER""",,,,
18167442071,PullRequestReviewEvent,true,2021-09-27 15:58:52.000000 UTC,2735514,lunaruan,10270250,facebook/react,,,,,,,,"""created""",22424,,,"""approved""","""CONTRIBUTOR""",,,,
18167199554,PushEvent,true,2021-09-27 15:44:44.000000 UTC,3624098,acdlite,10270250,facebook/react,"""refs/heads/main""",,,8023919596,1,1,"[{""sha"":""05726d72ccd3940a927462d520d0d2674012ad85"",""author"":{""name"":""Andrew Clark"",""email"":""46f1a0bd5592a2f9244ca321b129902a06b53e03@andrewclark.io""},""message"":""[Fix] Errors should not \""unsuspend\"" a transition (#22423)\n\nIf an error is thrown during a transition where we would have otherwise\r\nsuspended without showing a fallback (i.e. during a refresh), we should\r\nstill suspend.\r\n\r\nThe current behavior is that the error will force the fallback to\r\nappear, even if it's completely unrelated to the component that errored,\r\nwhich breaks the contract of `startTransition`."",""distinct"":true,""url"":""https://api.github.com/repos/facebook/react/commits/05726d72ccd3940a927462d520d0d2674012ad85""}]",,,,,,,,,,
18167442145,PullRequestReviewCommentEvent,true,2021-09-27 15:56:12.000000 UTC,2735514,lunaruan,10270250,facebook/react,,,,,,,,"""created""",22424,,,,,,,,
18167129690,PullRequestReviewCommentEvent,true,2021-09-27 15:40:43.000000 UTC,63648,sebmarkbage,10270250,facebook/react,,,,,,,,"""created""",22423,,,,,,,,
18167198273,PullRequestEvent,true,2021-09-27 15:44:40.000000 UTC,3624098,acdlite,10270250,facebook/react,,,,,,,,"""closed""",22423,,,,,,,,
18166764786,WatchEvent,true,2021-09-27 15:20:05.000000 UTC,85786718,4b6576696e,10270250,facebook/react,,,,,,,,"""started""",,,,,,,,,
18167201648,PullRequestEvent,true,2021-09-27 15:44:52.000000 UTC,2286579,salazarm,10270250,facebook/react,,,,,,,,"""opened""",22440,,,,,,,,
18167179980,PullRequestReviewCommentEvent,true,2021-09-27 15:43:37.000000 UTC,13029839,jjerphan,843222,scikit-learn/scikit-learn,,,,,,,,"""created""",20254,,,,,,,,
18167134985,WatchEvent,true,2021-09-27 15:41:02.000000 UTC,47858252,EduardKononov,843222,scikit-learn/scikit-learn,,,,,,,,"""started""",,,,,,,,,
18167129695,PullRequestReviewCommentEvent,true,2021-09-27 15:40:43.000000 UTC,13029839,jjerphan,843222,scikit-learn/scikit-learn,,,,,,,,"""created""",21020,,,,,,,,
18167272899,PushEvent,true,2021-09-27 15:48:55.000000 UTC,35067,jbardin,17728164,hashicorp/terraform,"""refs/heads/jbardin/really-nested-within""",,,8023952520,1,1,"[{""sha"":""f468ac9d8655e3b02a147c8abf3eca62c8f8141e"",""author"":{""name"":""James Bardin"",""email"":""62973226c85cb5a1996aaed2ce372ac02dcad8b7@gmail.com""},""message"":""refactoring: exhaustive NestedWithin checks\n\nWhen checking dependencies between statements, we need to check all\ncombinations of To and From addresses."",""distinct"":true,""url"":""https://api.github.com/repos/hashicorp/terraform/commits/f468ac9d8655e3b02a147c8abf3eca62c8f8141e""}]",,,,,,,,,,
18166441792,ForkEvent,true,2021-09-27 15:03:24.000000 UTC,84547746,akyol8957,17728164,hashicorp/terraform,,,,,,,,,,"""akyol8957/terraform""",,,,,,,
18166886414,IssueCommentEvent,true,2021-09-27 15:26:47.000000 UTC,14796566,ianballou,4007018,Katello/katello,,,,,,,,"""created""",,,,,,,,,
18166543555,WatchEvent,true,2021-09-27 15:08:32.000000 UTC,26022132,xiaolong7713,5108051,opencv/opencv,,,,,,,,"""started""",,,,,,,,,
18166824774,ForkEvent,true,2021-09-27 15:23:22.000000 UTC,78523194,Tekh-ops,5108051,opencv/opencv,,,,,,,,,,"""Tekh-ops/opencv""",,,,,,,
18167459892,IssuesEvent,true,2021-09-27 15:59:57.000000 UTC,183248,madflow,43029296,formio/react,,,,,,,,"""opened""",,,,,,,,,
18166844167,IssueCommentEvent,true,2021-09-27 15:24:26.000000 UTC,56610014,google-ml-butler[bot],45717250,tensorflow/tensorflow,,,,,,,,"""created""",,,,,,,,,
18166799470,IssueCommentEvent,true,2021-09-27 15:21:56.000000 UTC,5677691,zzz7net,45717250,tensorflow/tensorflow,,,,,,,,"""created""",,,,,,,,,
18166839589,IssueCommentEvent,true,2021-09-27 15:24:10.000000 UTC,56610014,google-ml-butler[bot],45717250,tensorflow/tensorflow,,,,,,,,"""created""",,,,,,,,,
18166840176,IssueCommentEvent,true,2021-09-27 15:24:12.000000 UTC,56610014,google-ml-butler[bot],45717250,tensorflow/tensorflow,,,,,,,,"""created""",,,,,,,,,
18166839330,IssueCommentEvent,true,2021-09-27 15:24:10.000000 UTC,56610014,google-ml-butler[bot],45717250,tensorflow/tensorflow,,,,,,,,"""created""",,,,,,,,,
18167197334,CreateEvent,true,2021-09-27 15:44:37.000000 UTC,27521767,mdfaijul,78224733,Intel-tensorflow/tensorflow,"""int8-bert-large""","""branch""","""user""",,,,,,,,,,,,,,
18166797968,WatchEvent,true,2021-09-27 15:21:51.000000 UTC,90059861,notdev007,7691631,moby/moby,,,,,,,,"""started""",,,,,,,,,
18167432379,IssueCommentEvent,true,2021-09-27 15:58:17.000000 UTC,161631,tianon,7691631,moby/moby,,,,,,,,"""created""",,,,,,,,,
18166381678,PushEvent,true,2021-09-27 15:00:25.000000 UTC,19616653,ArmageddonKnight,204371788,UofT-EcoSystem/tensorflow,"""refs/heads/master""",,,8023541368,3,3,"[{""sha"":""89363b5e083a5c9faa12660cd05c1d79c6ea9f36"",""author"":{""name"":""Chris Jones"",""email"":""44ec8a9a96520629f1de8b28e6ff976a9fe79756@google.com""},""message"":""[XLA:GPU] Add new compiler pass to concatenate all-reduce operands into a single, contiguous buffer.\n\nPiperOrigin-RevId: 399184237\nChange-Id: I15711e85c2f5460ebe9c965ae90d4802563c2f95"",""distinct"":true,""url"":""https://api.github.com/repos/UofT-EcoSystem/tensorflow/commits/89363b5e083a5c9faa12660cd05c1d79c6ea9f36""},{""sha"":""bd603378e951780e868ec8155ab4311eb635245b"",""author"":{""name"":""A. Unique TensorFlower"",""email"":""746aced590a184ef4169166e753f7c211e32e5fc@tensorflow.org""},""message"":""Go: Update generated wrapper functions for TensorFlow ops.\n\nPiperOrigin-RevId: 399188060\nChange-Id: I2735533093eedafd1832cf6577d6439650c7858c"",""distinct"":true,""url"":""https://api.github.com/repos/UofT-EcoSystem/tensorflow/commits/bd603378e951780e868ec8155ab4311eb635245b""},{""sha"":""707c5e821f126f55f4b83ed6990795bc5605c0d9"",""author"":{""name"":""A. Unique TensorFlower"",""email"":""746aced590a184ef4169166e753f7c211e32e5fc@tensorflow.org""},""message"":""Update TFRT dependency to use revision\nhttp://github.com/tensorflow/runtime/commit/e62088ed5996b46e92fa0887451802cf4e007d7d.\n\nPiperOrigin-RevId: 399189082\nChange-Id: I4805b982ee25cfde7026f590550fd4a174ec090a"",""distinct"":true,""url"":""https://api.github.com/repos/UofT-EcoSystem/tensorflow/commits/707c5e821f126f55f4b83ed6990795bc5605c0d9""}]",,,,,,,,,,
18166413235,CreateEvent,true,2021-09-27 15:01:59.000000 UTC,45942572,SiarheiSakharevich,337402726,saby/react,"""21.5100/mergerator/270921_180147""","""branch""","""user""",,,,,,,,,,,,,,
18167374837,PullRequestReviewCommentEvent,true,2021-09-27 15:54:52.000000 UTC,2266568,michaelbeaumont,175425051,kumahq/kuma,,,,,,,,"""created""",2834,,,,,,,,
18166898884,CreateEvent,true,2021-09-27 15:27:28.000000 UTC,49699333,dependabot[bot],175425051,kumahq/kuma,"""dependabot/go_modules/github.com/gruntwork-io/terratest-0.37.11""","""branch""","""user""",,,,,,,,,,,,,,
18166811664,CreateEvent,true,2021-09-27 15:22:37.000000 UTC,49699333,dependabot[bot],175425051,kumahq/kuma,"""dependabot/go_modules/google.golang.org/grpc-1.41.0""","""branch""","""user""",,,,,,,,,,,,,,
18166723006,PullRequestReviewEvent,true,2021-09-27 15:17:46.000000 UTC,42279121,parkanzky,175425051,kumahq/kuma,,,,,,,,"""created""",2834,,,"""commented""","""CONTRIBUTOR""",,,,
18166723025,PullRequestReviewCommentEvent,true,2021-09-27 15:17:45.000000 UTC,42279121,parkanzky,175425051,kumahq/kuma,,,,,,,,"""created""",2834,,,,,,,,
18166992505,PushEvent,true,2021-09-27 15:32:43.000000 UTC,5459824,jakubdyszkiewicz,175425051,kumahq/kuma,"""refs/heads/chore/auth-refactor""",,,8023823739,1,1,"[{""sha"":""18f2f8147ea8ca657618ab493c4476a613b8fd86"",""author"":{""name"":""Jakub Dyszkiewicz"",""email"":""a6f04ef8d80fa8efd1814afa8bd5430baa35e6d9@gmail.com""},""message"":""test proper usage of errors As\n\nSigned-off-by: Jakub Dyszkiewicz <jakub.dyszkiewicz@gmail.com>"",""distinct"":true,""url"":""https://api.github.com/repos/kumahq/kuma/commits/18f2f8147ea8ca657618ab493c4476a613b8fd86""}]",,,,,,,,,,
18166899867,PullRequestEvent,true,2021-09-27 15:27:31.000000 UTC,49699333,dependabot[bot],175425051,kumahq/kuma,,,,,,,,"""closed""",2793,,,,,,,,
18167405244,PullRequestReviewEvent,true,2021-09-27 15:56:40.000000 UTC,2266568,michaelbeaumont,175425051,kumahq/kuma,,,,,,,,"""created""",2834,,,"""commented""","""CONTRIBUTOR""",,,,
18166841449,CreateEvent,true,2021-09-27 15:24:17.000000 UTC,49699333,dependabot[bot],175425051,kumahq/kuma,"""dependabot/go_modules/sigs.k8s.io/controller-runtime-0.10.1""","""branch""","""user""",,,,,,,,,,,,,,
18167374834,PullRequestReviewEvent,true,2021-09-27 15:54:52.000000 UTC,2266568,michaelbeaumont,175425051,kumahq/kuma,,,,,,,,"""created""",2834,,,"""commented""","""CONTRIBUTOR""",,,,
18166435994,ForkEvent,true,2021-09-27 15:03:07.000000 UTC,900311,heuels,248295170,geist-org/react,,,,,,,,,,"""heuels/react""",,,,,,,
18166974205,PullRequestEvent,true,2021-09-27 15:31:41.000000 UTC,1177098,digitalsadhu,343817358,fabric-ds/react,,,,,,,,"""closed""",33,,,,,,,,
18167024585,PushEvent,true,2021-09-27 15:34:34.000000 UTC,41898282,github-actions[bot],343817358,fabric-ds/react,"""refs/heads/gh-pages""",,,8023838663,1,1,"[{""sha"":""ca965f8550269259d4c33a26b9659463d047d6f0"",""author"":{""name"":""github-actions[bot]"",""email"":""17973dcf2e10b67f63417c88ca4c460b2c9439f2@users.noreply.github.com""},""message"":""Deploy to GitHub pages"",""distinct"":true,""url"":""https://api.github.com/repos/fabric-ds/react/commits/ca965f8550269259d4c33a26b9659463d047d6f0""}]",,,,,,,,,,
18161856541,MemberEvent,true,2021-09-27 10:31:02.000000 UTC,90974008,revivack,409580021,revivack/react,,,,,,,,"""added""",,,,,,25172170,"""fedemontes""","""User""",false
18161717029,PushEvent,true,2021-09-27 10:21:15.000000 UTC,6206265,chkob,45019285,chkob/cocos2d-x,"""refs/heads/v4""",,,8021332109,14,14,"[{""sha"":""38ce69236189180fabffa5b78889fcbf134a9882"",""author"":{""name"":""coulsonwang"",""email"":""6378ebb9e3da1f410b6b8946dcac4573ddccb1b8@126.com""},""message"":""remove experimental (#20463)"",""distinct"":true,""url"":""https://api.github.com/repos/chkob/cocos2d-x/commits/38ce69236189180fabffa5b78889fcbf134a9882""},{""sha"":""63d340836b6e3ee117025829ae126993176a631c"",""author"":{""name"":""Jare Guo"",""email"":""b0ee399ee6f2dc22b343e79679f003ada0b8afee@users.noreply.github.com""},""message"":""Update README.md (#20477)"",""distinct"":true,""url"":""https://api.github.com/repos/chkob/cocos2d-x/commits/63d340836b6e3ee117025829ae126993176a631c""},{""sha"":""2656646e55300dd4a3695cf7c1687a22e5d2386f"",""author"":{""name"":""Juan Andrés Nin"",""email"":""5fc628617047c4363173124a088e3055a18e97f7@gmail.com""},""message"":""Fix incorrect rendering with tilemaps with csv data on windows (#20483)\n\nEach tilemap row would be shifted to the right a certain number of\r\ntiles.\r\nThis is caused by the carriage return in windows being '\\r\\n' and\r\nthe way each csv line is parsed.\r\nThe '\\r' at the beginning of each line would be parsed as a tile id.\r\nOn windows we must remove all 'r' from the csv string."",""distinct"":true,""url"":""https://api.github.com/repos/chkob/cocos2d-x/commits/2656646e55300dd4a3695cf7c1687a22e5d2386f""},{""sha"":""f888277b9a2ba0c978b4869a0d432f7b4e1cce7a"",""author"":{""name"":""minggo"",""email"":""3c068f72e72b67c01c3f16045b38cf3c31c57c6c@gmail.com""},""message"":""fix cocos command usage for windows"",""distinct"":true,""url"":""https://api.github.com/repos/chkob/cocos2d-x/commits/f888277b9a2ba0c978b4869a0d432f7b4e1cce7a""},{""sha"":""7157fad9b908b671a4b06e3fc51a09fe096dea1b"",""author"":{""name"":""CHP"",""email"":""f32f0d6efa80f3597fbfb2e56cd514675ef12b10@gmail.com""},""message"":""Setup precompiled header for all platforms (#20510)\n\n* Update CMakeLists.txt\r\n\r\n* Update CMakeLists.txt\r\n\r\n* Update CMakeLists.txt"",""distinct"":true,""url"":""https://api.github.com/repos/chkob/cocos2d-x/commits/7157fad9b908b671a4b06e3fc51a09fe096dea1b""},{""sha"":""674bb716f7d7372fc05a6e6a85e3bfc2acebc6df"",""author"":{""name"":""Ricardo"",""email"":""33b9e88d6e8d13a91deba2f04233583b186867dc@gmail.com""},""message"":""Update AudioMacros.h (#20514)\n\nFix to compile with Visual Studio 2019.\r\nRicardo."",""distinct"":true,""url"":""https://api.github.com/repos/chkob/cocos2d-x/commits/674bb716f7d7372fc05a6e6a85e3bfc2acebc6df""},{""sha"":""121f8e90bb579e455e86d6856251b0d9067c4c89"",""author"":{""name"":""coulsonwang"",""email"":""6378ebb9e3da1f410b6b8946dcac4573ddccb1b8@126.com""},""message"":""fix crash issue due to the uninitialized (#20457)"",""distinct"":true,""url"":""https://api.github.com/repos/chkob/cocos2d-x/commits/121f8e90bb579e455e86d6856251b0d9067c4c89""},{""sha"":""a8de1ccee21cf552d9178b7e74e0afe09a593ab0"",""author"":{""name"":""Juan Andrés Nin"",""email"":""7f4929bd70705ce7b7fdb58c7cf35e420fc4eab0@ironhidegames.com""},""message"":""Add custom programs to ProgramCache (#20496)\n\nStore and retrieve custom user-defined programs to ProgramCache."",""distinct"":true,""url"":""https://api.github.com/repos/chkob/cocos2d-x/commits/a8de1ccee21cf552d9178b7e74e0afe09a593ab0""},{""sha"":""5bf5619a2588aa601b953cf8dcf3b1762f07049a"",""author"":{""name"":""Andy Duplain"",""email"":""810ea1b553804d670233a8a44fa30ce445a1558c@gmail.com""},""message"":""Fix template CMakeLists.txt so correct Info.plist is used. (#20564)\n\nThis small fix means that Xcode points to the correct Info.plist file (within the source tree) and not in the intermediate folder."",""distinct"":true,""url"":""https://api.github.com/repos/chkob/cocos2d-x/commits/5bf5619a2588aa601b953cf8dcf3b1762f07049a""},{""sha"":""c78c58e7f9cd102ec6ead7e723ae619ac69ee503"",""author"":{""name"":""Tony Tian"",""email"":""153de7f3de339a081dd19306989b285ffde6837d@126.com""},""message"":""Fix @20596 Crash on Android when HttpResponse did not return 200 OK (#20597)\n\nCo-authored-by: tianyzh <tianyzh@bie-plc.com>"",""distinct"":true,""url"":""https://api.github.com/repos/chkob/cocos2d-x/commits/c78c58e7f9cd102ec6ead7e723ae619ac69ee503""},{""sha"":""6d14112e01e843d52f8fca39c1f87e5d4a5bae14"",""author"":{""name"":""江战"",""email"":""724021e7a07d8c255d6684b62766ef632815818b@users.noreply.github.com""},""message"":""fix zlib (#20634)"",""distinct"":true,""url"":""https://api.github.com/repos/chkob/cocos2d-x/commits/6d14112e01e843d52f8fca39c1f87e5d4a5bae14""},{""sha"":""95e5d868ce5958c0dadfc485bdda52f1bc404fe0"",""author"":{""name"":""minggo"",""email"":""3c068f72e72b67c01c3f16045b38cf3c31c57c6c@gmail.com""},""message"":""Update README.md"",""distinct"":true,""url"":""https://api.github.com/repos/chkob/cocos2d-x/commits/95e5d868ce5958c0dadfc485bdda52f1bc404fe0""},{""sha"":""247bb14cb0c2ed647d722bd34a409c9d04aa3c8c"",""author"":{""name"":""Slack-Moehrle"",""email"":""4143bdef20b5fce73ec77489348e2836260facb6@users.noreply.github.com""},""message"":""Update cmake readme (#20669)"",""distinct"":true,""url"":""https://api.github.com/repos/chkob/cocos2d-x/commits/247bb14cb0c2ed647d722bd34a409c9d04aa3c8c""},{""sha"":""084b7c2b8149e4ba72339f3d4c8490ed844176eb"",""author"":{""name"":""nk5"",""email"":""7ade8fd781e744852e96e9fff6e2e7f0265ade89@gmail.com""},""message"":""Fixed bug size does not change when the screen is rotated. (#20662)"",""distinct"":true,""url"":""https://api.github.com/repos/chkob/cocos2d-x/commits/084b7c2b8149e4ba72339f3d4c8490ed844176eb""}]",,,,,,,,,,
18162151308,CreateEvent,true,2021-09-27 10:52:28.000000 UTC,29246102,lokiore,383721161,lokiore/phoenix,"""PHOENIX-6561""","""branch""","""user""",,,,,,,,,,,,,,
18162059161,PushEvent,true,2021-09-27 10:45:43.000000 UTC,83577603,JakobB1,400180414,JakobB1/netbeans,"""refs/heads/main""",,,8021495249,1,1,"[{""sha"":""4586bc718d70a055d40e22b5f4cfb09d2b1ebb5a"",""author"":{""name"":""Jakob Brkić"",""email"":""6deff9977e74ebd8fcc4245ececf4687391de5ee@users.noreply.github.com""},""message"":""IzlistanjeIStartDohvat"",""distinct"":true,""url"":""https://api.github.com/repos/JakobB1/netbeans/commits/4586bc718d70a055d40e22b5f4cfb09d2b1ebb5a""}]",,,,,,,,,,
18161649952,PushEvent,true,2021-09-27 10:16:51.000000 UTC,83577603,JakobB1,400180414,JakobB1/netbeans,"""refs/heads/main""",,,8021301522,1,1,"[{""sha"":""ccec3126d3fcce41bdc6a40ab865150bf6a8c3e9"",""author"":{""name"":""Jakob Brkić"",""email"":""6deff9977e74ebd8fcc4245ececf4687391de5ee@users.noreply.github.com""},""message"":""izmjeneIvrijednosti"",""distinct"":true,""url"":""https://api.github.com/repos/JakobB1/netbeans/commits/ccec3126d3fcce41bdc6a40ab865150bf6a8c3e9""}]",,,,,,,,,,
18161517830,PushEvent,true,2021-09-27 10:08:39.000000 UTC,60080224,aaakch0316,390226147,leejaehee1/react,"""refs/heads/master""",,,8021240790,2,2,"[{""sha"":""217a66c083983e3267f4442fc75538400ce20275"",""author"":{""name"":""aaakch0316"",""email"":""eba248b837e37626fe2a277d2f2385e5b16f12ae@gmail.com""},""message"":""PL-129 [+] update view drawing button UI at punchlist"",""distinct"":true,""url"":""https://api.github.com/repos/leejaehee1/react/commits/217a66c083983e3267f4442fc75538400ce20275""},{""sha"":""5cd4300de0b6115f1cf8d6ab95ab2bb55802c093"",""author"":{""name"":""aaakch0316"",""email"":""eba248b837e37626fe2a277d2f2385e5b16f12ae@gmail.com""},""message"":""PL-129 [+] create A4 size viewDrawing baseline at punchlist"",""distinct"":true,""url"":""https://api.github.com/repos/leejaehee1/react/commits/5cd4300de0b6115f1cf8d6ab95ab2bb55802c093""}]",,,,,,,,,,
18161853209,CreateEvent,true,2021-09-27 10:30:48.000000 UTC,41877403,visitmahlis,410778600,visitmahlis/react,"""main""","""branch""","""user""",,,,,,,,,,,,,,
18161866125,IssueCommentEvent,true,2021-09-27 10:31:42.000000 UTC,49699333,dependabot[bot],268009293,wahello/terraform,,,,,,,,"""created""",,,,,,,,,
18161866521,DeleteEvent,true,2021-09-27 10:31:44.000000 UTC,49699333,dependabot[bot],268009293,wahello/terraform,"""dependabot/go_modules/github.com/tencentcloud/tencentcloud-sdk-go/tencentcloud/tag-1.0.257""","""branch""","""user""",,,,,,,,,,,,,,
18161865821,CreateEvent,true,2021-09-27 10:31:41.000000 UTC,49699333,dependabot[bot],268009293,wahello/terraform,"""dependabot/go_modules/github.com/tencentcloud/tencentcloud-sdk-go/tencentcloud/tag-1.0.259""","""branch""","""user""",,,,,,,,,,,,,,
18161865764,PullRequestEvent,true,2021-09-27 10:31:40.000000 UTC,49699333,dependabot[bot],268009293,wahello/terraform,,,,,,,,"""opened""",21,,,,,,,,
18162086283,PushEvent,true,2021-09-27 10:47:42.000000 UTC,19327038,elfinston,350289585,elfinston/terraform,"""refs/heads/main""",,,8021508358,1,1,"[{""sha"":""1eb480d0db0f3dc12d24a76e038febfcc2d87799"",""author"":{""name"":""elfinston"",""email"":""60e66b8fb9ac5bb171f2b5f4873deec27e96c501@gmail.com""},""message"":""Update terraform.tf"",""distinct"":true,""url"":""https://api.github.com/repos/elfinston/terraform/commits/1eb480d0db0f3dc12d24a76e038febfcc2d87799""}]",,,,,,,,,,
18162165276,PushEvent,true,2021-09-27 10:53:30.000000 UTC,19327038,elfinston,350289585,elfinston/terraform,"""refs/heads/main""",,,8021545856,1,1,"[{""sha"":""a28803fd0f4a5c6f61d6edc9abb7991036b483a9"",""author"":{""name"":""elfinston"",""email"":""60e66b8fb9ac5bb171f2b5f4873deec27e96c501@gmail.com""},""message"":""Update terraform.tf"",""distinct"":true,""url"":""https://api.github.com/repos/elfinston/terraform/commits/a28803fd0f4a5c6f61d6edc9abb7991036b483a9""}]",,,,,,,,,,
18162066125,PushEvent,true,2021-09-27 10:46:15.000000 UTC,19327038,elfinston,350289585,elfinston/terraform,"""refs/heads/main""",,,8021498610,1,1,"[{""sha"":""e51d33ebd39c1e23ec245f556218636864692e63"",""author"":{""name"":""elfinston"",""email"":""60e66b8fb9ac5bb171f2b5f4873deec27e96c501@gmail.com""},""message"":""Update terraform.tf"",""distinct"":true,""url"":""https://api.github.com/repos/elfinston/terraform/commits/e51d33ebd39c1e23ec245f556218636864692e63""}]",,,,,,,,,,
18162178028,PushEvent,true,2021-09-27 10:54:28.000000 UTC,19327038,elfinston,350289585,elfinston/terraform,"""refs/heads/main""",,,8021552046,1,1,"[{""sha"":""d0deb9e536a997798630e618213bc49b3e876b1c"",""author"":{""name"":""elfinston"",""email"":""60e66b8fb9ac5bb171f2b5f4873deec27e96c501@gmail.com""},""message"":""Update terraform.tf"",""distinct"":true,""url"":""https://api.github.com/repos/elfinston/terraform/commits/d0deb9e536a997798630e618213bc49b3e876b1c""}]",,,,,,,,,,
18162092922,PushEvent,true,2021-09-27 10:48:11.000000 UTC,88272223,manitashu,398606258,manitashu/terraform,"""refs/heads/main""",,,8021511570,1,1,"[{""sha"":""4829d6008447e22b34946582fae378436f85575c"",""author"":{""name"":""Manita Kushwaha"",""email"":""6a69d8f8b1692d348c6e2c4c7246a4277cc7b8ec@gmail.com""},""message"":""auto pushing chainges repo"",""distinct"":true,""url"":""https://api.github.com/repos/manitashu/terraform/commits/4829d6008447e22b34946582fae378436f85575c""}]",,,,,,,,,,
18162083630,PushEvent,true,2021-09-27 10:47:30.000000 UTC,88272223,manitashu,398606258,manitashu/terraform,"""refs/heads/main""",,,8021507081,1,1,"[{""sha"":""53a3b04deba350802e2f5f8062fe82b9aa0fd161"",""author"":{""name"":""Manita Kushwaha"",""email"":""6a69d8f8b1692d348c6e2c4c7246a4277cc7b8ec@gmail.com""},""message"":""auto pushing chainges repo"",""distinct"":true,""url"":""https://api.github.com/repos/manitashu/terraform/commits/53a3b04deba350802e2f5f8062fe82b9aa0fd161""}]",,,,,,,,,,
18162197808,PushEvent,true,2021-09-27 10:55:57.000000 UTC,24797685,cedriccarette,394580644,cedriccarette/terraform,"""refs/heads/main""",,,8021561569,1,1,"[{""sha"":""9c49d9b62332adfd3754090c5c15dfa7e8a1bf1e"",""author"":{""name"":""cedriccarette"",""email"":""c719cb14ca94124e22f8f2647bb13f922671c75c@hotmail.com""},""message"":""Delete StartGUI.ps1"",""distinct"":true,""url"":""https://api.github.com/repos/cedriccarette/terraform/commits/9c49d9b62332adfd3754090c5c15dfa7e8a1bf1e""}]",,,,,,,,,,
18162155099,PushEvent,true,2021-09-27 10:52:45.000000 UTC,32765578,lukasalexanderweber,390612160,lukasalexanderweber/opencv,"""refs/heads/stitching_tutorial""",,,8021541037,1,1,"[{""sha"":""50df66043196881fb33f5ce04f57e015798ee82b"",""author"":{""name"":""Lukas Weber"",""email"":""c30d3b905128b4c567ea886b9a0d2c32d7d9302d@baw.de""},""message"":""fourth part of tutorial"",""distinct"":true,""url"":""https://api.github.com/repos/lukasalexanderweber/opencv/commits/50df66043196881fb33f5ce04f57e015798ee82b""}]",,,,,,,,,,
18161977708,PushEvent,true,2021-09-27 10:39:51.000000 UTC,3234522,DimitriPapadopoulos,406690667,DimitriPapadopoulos/scikit-learn,"""refs/heads/_lobpcg.py""",,,8021456474,1,1,"[{""sha"":""e6b1d82d634fed9be23a862e259fc14282f60782"",""author"":{""name"":""Dimitri Papadopoulos"",""email"":""cadff36249149a6a16cb05b20ee2bf0e101c0f1f@users.noreply.github.com""},""message"":""MAINT Copy latest version of file from upstream\n\nActually scipy/sparse/linalg/eigen/lobpcg/lobpcg.py has not been\nremoved from SciPy 1.3.0 (or even current 1.7.1)."",""distinct"":true,""url"":""https://api.github.com/repos/DimitriPapadopoulos/scikit-learn/commits/e6b1d82d634fed9be23a862e259fc14282f60782""}]",,,,,,,,,,
18161535695,PullRequestReviewEvent,true,2021-09-27 10:09:44.000000 UTC,60829274,richardantal,20473418,apache/phoenix,,,,,,,,"""created""",1319,,,"""commented""","""CONTRIBUTOR""",,,,
18161507800,PullRequestEvent,true,2021-09-27 10:08:02.000000 UTC,16077464,dbalek,102083576,apache/netbeans,,,,,,,,"""opened""",3196,,,,,,,,
18161555200,WatchEvent,true,2021-09-27 10:10:52.000000 UTC,16463481,hellomrbigshot,10270250,facebook/react,,,,,,,,"""started""",,,,,,,,,
18162199444,WatchEvent,true,2021-09-27 10:56:04.000000 UTC,91467475,BoysdF,658518,ipython/ipython,,,,,,,,"""started""",,,,,,,,,
18161697038,PullRequestReviewCommentEvent,true,2021-09-27 10:19:54.000000 UTC,7454015,glemaitre,843222,scikit-learn/scikit-learn,,,,,,,,"""created""",20638,,,,,,,,
18161999051,IssueCommentEvent,true,2021-09-27 10:41:28.000000 UTC,7454015,glemaitre,843222,scikit-learn/scikit-learn,,,,,,,,"""created""",,,,,,,,,
18161488100,PullRequestReviewEvent,true,2021-09-27 10:06:51.000000 UTC,89061,ogrisel,843222,scikit-learn/scikit-learn,,,,,,,,"""created""",20617,,,"""approved""","""MEMBER""",,,,
18161971986,IssueCommentEvent,true,2021-09-27 10:39:25.000000 UTC,7454015,glemaitre,843222,scikit-learn/scikit-learn,,,,,,,,"""created""",,,,,,,,,
18162047667,IssueCommentEvent,true,2021-09-27 10:44:56.000000 UTC,3234522,DimitriPapadopoulos,843222,scikit-learn/scikit-learn,,,,,,,,"""created""",,,,,,,,,
18161689862,PullRequestReviewCommentEvent,true,2021-09-27 10:19:25.000000 UTC,7454015,glemaitre,843222,scikit-learn/scikit-learn,,,,,,,,"""created""",20638,,,,,,,,
18161721075,PullRequestReviewCommentEvent,true,2021-09-27 10:21:07.000000 UTC,7454015,glemaitre,843222,scikit-learn/scikit-learn,,,,,,,,"""created""",20638,,,,,,,,
18161842326,IssueCommentEvent,true,2021-09-27 10:30:06.000000 UTC,7454015,glemaitre,843222,scikit-learn/scikit-learn,,,,,,,,"""created""",,,,,,,,,
18162193894,PullRequestEvent,true,2021-09-27 10:55:39.000000 UTC,7454015,glemaitre,843222,scikit-learn/scikit-learn,,,,,,,,"""closed""",21162,,,,,,,,
18161689779,PullRequestReviewEvent,true,2021-09-27 10:19:26.000000 UTC,7454015,glemaitre,843222,scikit-learn/scikit-learn,,,,,,,,"""created""",20638,,,"""commented""","""CONTRIBUTOR""",,,,
18161721085,PullRequestReviewCommentEvent,true,2021-09-27 10:21:31.000000 UTC,7454015,glemaitre,843222,scikit-learn/scikit-learn,,,,,,,,"""created""",20638,,,,,,,,
18161712365,PullRequestReviewCommentEvent,true,2021-09-27 10:20:55.000000 UTC,7454015,glemaitre,843222,scikit-learn/scikit-learn,,,,,,,,"""created""",20638,,,,,,,,
18161790715,WatchEvent,true,2021-09-27 10:26:18.000000 UTC,13641878,pioning,5108051,opencv/opencv,,,,,,,,"""started""",,,,,,,,,
18161934665,PullRequestReviewCommentEvent,true,2021-09-27 10:36:37.000000 UTC,25690309,fpetrogalli,5108051,opencv/opencv,,,,,,,,"""created""",20712,,,,,,,,
18161706540,IssueCommentEvent,true,2021-09-27 10:20:33.000000 UTC,88894303,Nicholas-Ho-arm,5108051,opencv/opencv,,,,,,,,"""created""",,,,,,,,,
18161900942,PullRequestReviewEvent,true,2021-09-27 10:34:10.000000 UTC,88894303,Nicholas-Ho-arm,5108051,opencv/opencv,,,,,,,,"""created""",20712,,,"""commented""","""CONTRIBUTOR""",,,,
18162039462,IssueCommentEvent,true,2021-09-27 10:44:23.000000 UTC,12009801,bebuch,5108051,opencv/opencv,,,,,,,,"""created""",,,,,,,,,
18161934610,PullRequestReviewEvent,true,2021-09-27 10:36:37.000000 UTC,25690309,fpetrogalli,5108051,opencv/opencv,,,,,,,,"""created""",20712,,,"""commented""","""CONTRIBUTOR""",,,,
18161602432,PushEvent,true,2021-09-27 10:13:48.000000 UTC,784056,elrumordelaluz,378192664,aurora-kit/react,"""refs/heads/main""",,,8021279501,1,1,"[{""sha"":""8c1bfe7453ec04fc11dd86074e94c57cd8195fb2"",""author"":{""name"":""Lionel"",""email"":""a155f6866400f0e011c5f0500d52b5262705a03e@hotmail.com""},""message"":""Show placeholder if no label and hasValue"",""distinct"":true,""url"":""https://api.github.com/repos/aurora-kit/react/commits/8c1bfe7453ec04fc11dd86074e94c57cd8195fb2""}]",,,,,,,,,,
18161719885,PushEvent,true,2021-09-27 10:21:27.000000 UTC,784056,elrumordelaluz,378192664,aurora-kit/react,"""refs/heads/main""",,,8021333462,1,1,"[{""sha"":""239e4ebbd1505de92653b6de54109ac8c774d350"",""author"":{""name"":""Lionel"",""email"":""a155f6866400f0e011c5f0500d52b5262705a03e@hotmail.com""},""message"":""0.7.2"",""distinct"":true,""url"":""https://api.github.com/repos/aurora-kit/react/commits/239e4ebbd1505de92653b6de54109ac8c774d350""}]",,,,,,,,,,
18161535589,PushEvent,true,2021-09-27 10:09:44.000000 UTC,784056,elrumordelaluz,378192664,aurora-kit/react,"""refs/heads/main""",,,8021248798,1,1,"[{""sha"":""6cf6db24f317c3f5ab669c65993f938cf6517267"",""author"":{""name"":""Lionel"",""email"":""a155f6866400f0e011c5f0500d52b5262705a03e@hotmail.com""},""message"":""Show label only if present"",""distinct"":true,""url"":""https://api.github.com/repos/aurora-kit/react/commits/6cf6db24f317c3f5ab669c65993f938cf6517267""}]",,,,,,,,,,
18161717772,PushEvent,true,2021-09-27 10:21:18.000000 UTC,784056,elrumordelaluz,378192664,aurora-kit/react,"""refs/heads/main""",,,8021332488,1,1,"[{""sha"":""d11ce9a1970b451e0fb1fb1ecd2c5ad989426759"",""author"":{""name"":""Lionel"",""email"":""a155f6866400f0e011c5f0500d52b5262705a03e@hotmail.com""},""message"":""Fix label styles"",""distinct"":true,""url"":""https://api.github.com/repos/aurora-kit/react/commits/d11ce9a1970b451e0fb1fb1ecd2c5ad989426759""}]",,,,,,,,,,
18161605422,PushEvent,true,2021-09-27 10:14:00.000000 UTC,784056,elrumordelaluz,378192664,aurora-kit/react,"""refs/heads/main""",,,8021280903,1,1,"[{""sha"":""5e9086ffca814f502c5ef93cef3576493fb2712f"",""author"":{""name"":""Lionel"",""email"":""a155f6866400f0e011c5f0500d52b5262705a03e@hotmail.com""},""message"":""0.7.1"",""distinct"":true,""url"":""https://api.github.com/repos/aurora-kit/react/commits/5e9086ffca814f502c5ef93cef3576493fb2712f""}]",,,,,,,,,,
18162066465,IssuesEvent,true,2021-09-27 10:46:16.000000 UTC,13154422,edumotya,45717250,tensorflow/tensorflow,,,,,,,,"""opened""",,,,,,,,,
18161993139,IssueCommentEvent,true,2021-09-27 10:41:01.000000 UTC,26819449,starboyvarun,45717250,tensorflow/tensorflow,,,,,,,,"""created""",,,,,,,,,
18161762045,IssueCommentEvent,true,2021-09-27 10:24:18.000000 UTC,56610014,google-ml-butler[bot],45717250,tensorflow/tensorflow,,,,,,,,"""created""",,,,,,,,,
18161761916,IssuesEvent,true,2021-09-27 10:24:17.000000 UTC,56610014,google-ml-butler[bot],45717250,tensorflow/tensorflow,,,,,,,,"""closed""",,,,,,,,,
18162014955,IssueCommentEvent,true,2021-09-27 10:42:37.000000 UTC,81610181,tilakrayal,45717250,tensorflow/tensorflow,,,,,,,,"""created""",,,,,,,,,
18161760127,IssueCommentEvent,true,2021-09-27 10:24:10.000000 UTC,56610014,google-ml-butler[bot],45717250,tensorflow/tensorflow,,,,,,,,"""created""",,,,,,,,,
18161653075,IssueCommentEvent,true,2021-09-27 10:17:03.000000 UTC,86464649,mohantym,45717250,tensorflow/tensorflow,,,,,,,,"""created""",,,,,,,,,
18161762752,IssueCommentEvent,true,2021-09-27 10:24:21.000000 UTC,56610014,google-ml-butler[bot],45717250,tensorflow/tensorflow,,,,,,,,"""created""",,,,,,,,,
18161719433,IssueCommentEvent,true,2021-09-27 10:21:25.000000 UTC,1804568,thaJeztah,7691631,moby/moby,,,,,,,,"""created""",,,,,,,,,
18161375686,PushEvent,true,2021-09-27 10:00:16.000000 UTC,19616653,ArmageddonKnight,204371788,UofT-EcoSystem/tensorflow,"""refs/heads/master""",,,8021177113,3,3,"[{""sha"":""8d174a2dc65dd86d437efd72de27ce1ed3d73470"",""author"":{""name"":""A. Unique TensorFlower"",""email"":""746aced590a184ef4169166e753f7c211e32e5fc@tensorflow.org""},""message"":""Update GraphDef version to 902.\n\nPiperOrigin-RevId: 399136060\nChange-Id: Ic4b0ae4152e9dbcd1ad9f6b240c92c900824a617"",""distinct"":true,""url"":""https://api.github.com/repos/UofT-EcoSystem/tensorflow/commits/8d174a2dc65dd86d437efd72de27ce1ed3d73470""},{""sha"":""5c689295afe0b2d9c0928fcb98ba0b0356ede22b"",""author"":{""name"":""A. Unique TensorFlower"",""email"":""746aced590a184ef4169166e753f7c211e32e5fc@tensorflow.org""},""message"":""compat: Update forward compatibility horizon to 2021-09-27\n\nPiperOrigin-RevId: 399136069\nChange-Id: Id07d962b4b0ee0dd5ba2b81aa126d614f4dd54ce"",""distinct"":true,""url"":""https://api.github.com/repos/UofT-EcoSystem/tensorflow/commits/5c689295afe0b2d9c0928fcb98ba0b0356ede22b""},{""sha"":""bdc6a138403e8257841e8dff6d6b9322bb65053a"",""author"":{""name"":""Tres Popp"",""email"":""bb390cedfd91dd9be00fd9562bdc5562c5867450@google.com""},""message"":""Peel once on all tiled_loop dimensions\n\nThis CL assumes that the best single rule for loop peeling is to ensure that there is a single loop without any padding needed. All dimensions are peeled once to ensure that this loop exists. Other peeled loops could be peeled again to remove more padding, but the assumption is that in the common case, this will not be worth the IR size/compile time increase.\n\nThis is a temporary rule of thumb until more advanced heuristics can be created with multiple different code generation strategies depending on the input.\n\nPiperOrigin-RevId: 399143335\nChange-Id: Ie20653fc4d900c43b03107211c9cac4a3a89781c"",""distinct"":true,""url"":""https://api.github.com/repos/UofT-EcoSystem/tensorflow/commits/bdc6a138403e8257841e8dff6d6b9322bb65053a""}]",,,,,,,,,,
18162056427,WatchEvent,true,2021-09-27 10:45:32.000000 UTC,68357487,gbelther,135786093,typescript-cheatsheets/react,,,,,,,,"""started""",,,,,,,,,
18165400804,DeleteEvent,true,2021-09-27 14:09:32.000000 UTC,49699333,dependabot[bot],370223521,jpeach/kuma,"""dependabot/go_modules/api/google.golang.org/grpc-1.40.0""","""branch""","""user""",,,,,,,,,,,,,,
18165400485,PullRequestEvent,true,2021-09-27 14:09:31.000000 UTC,49699333,dependabot[bot],370223521,jpeach/kuma,,,,,,,,"""closed""",7,,,,,,,,
18165399305,PullRequestEvent,true,2021-09-27 14:09:27.000000 UTC,49699333,dependabot[bot],370223521,jpeach/kuma,,,,,,,,"""opened""",18,,,,,,,,
18165399206,CreateEvent,true,2021-09-27 14:09:27.000000 UTC,49699333,dependabot[bot],370223521,jpeach/kuma,"""dependabot/go_modules/api/google.golang.org/grpc-1.41.0""","""branch""","""user""",,,,,,,,,,,,,,
18165400044,IssueCommentEvent,true,2021-09-27 14:09:30.000000 UTC,49699333,dependabot[bot],370223521,jpeach/kuma,,,,,,,,"""created""",,,,,,,,,
18165423948,PushEvent,true,2021-09-27 14:10:43.000000 UTC,46959724,legos31,407134111,legos31/yii2,"""refs/heads/master""",,,8023094357,1,1,"[{""sha"":""92d73b1434f432dc74c0863bcc72badd2d655622"",""author"":{""name"":""legos31"",""email"":""f98c87f1250d211559efb5bac3fc3fb5de584fe4@gmail.com""},""message"":""reg"",""distinct"":true,""url"":""https://api.github.com/repos/legos31/yii2/commits/92d73b1434f432dc74c0863bcc72badd2d655622""}]",,,,,,,,,,
18165835882,PushEvent,true,2021-09-27 14:31:53.000000 UTC,76275816,plohya,383194575,plohya/react,"""refs/heads/master""",,,8023288093,1,1,"[{""sha"":""4a4677c86ecf1441bcb11b54f49a384dbaaae056"",""author"":{""name"":""Sergej"",""email"":""62725131b7786f8b721ee647983b8f0aa284814c@gmail.com""},""message"":""changes"",""distinct"":true,""url"":""https://api.github.com/repos/plohya/react/commits/4a4677c86ecf1441bcb11b54f49a384dbaaae056""}]",,,,,,,,,,
18165757697,PushEvent,true,2021-09-27 14:27:40.000000 UTC,29597,bvaughn,74410855,bvaughn/react,"""refs/heads/devtools-multi-byte-characters""",,,8023251460,1,1,"[{""sha"":""f16251a13c600239a808c05e3b9c44501b0a462c"",""author"":{""name"":""Brian Vaughn"",""email"":""59942a8ec08225673b377c556396ca24baabd1b2@fb.com""},""message"":""Switched UTF string encoding approach to handle multibyte characters\n\nAlso removed LRU cache since the caching approach seems to slow things down overall, based on benchmarking."",""distinct"":true,""url"":""https://api.github.com/repos/bvaughn/react/commits/f16251a13c600239a808c05e3b9c44501b0a462c""}]",,,,,,,,,,
18165269983,CreateEvent,true,2021-09-27 14:03:06.000000 UTC,91449991,natteo96,410908419,natteo96/react,"""main""","""branch""","""user""",,,,,,,,,,,,,,
18165591214,PushEvent,true,2021-09-27 14:19:15.000000 UTC,91449991,natteo96,410908419,natteo96/react,"""refs/heads/new_branch""",,,8023173079,1,1,"[{""sha"":""dafc4767f8ef457822e151239ba4526d603cd8a4"",""author"":{""name"":""Nat"",""email"":""8884f2ced2eb8ae14c359654cc4d35d84d2297bb@yahoo.co.uk""},""message"":""created react app"",""distinct"":true,""url"":""https://api.github.com/repos/natteo96/react/commits/dafc4767f8ef457822e151239ba4526d603cd8a4""}]",,,,,,,,,,
18165615655,PushEvent,true,2021-09-27 14:20:29.000000 UTC,91449991,natteo96,410908419,natteo96/react,"""refs/heads/main""",,,8023185346,1,0,"[{""sha"":""dafc4767f8ef457822e151239ba4526d603cd8a4"",""author"":{""name"":""Nat"",""email"":""8884f2ced2eb8ae14c359654cc4d35d84d2297bb@yahoo.co.uk""},""message"":""created react app"",""distinct"":false,""url"":""https://api.github.com/repos/natteo96/react/commits/dafc4767f8ef457822e151239ba4526d603cd8a4""}]",,,,,,,,,,
18166244745,PushEvent,true,2021-09-27 14:53:15.000000 UTC,91449991,natteo96,410908419,natteo96/react,"""refs/heads/new_branch""",,,8023478464,1,1,"[{""sha"":""ddf52584dd206b09759ee09c9b33cad88ae25e82"",""author"":{""name"":""Nat"",""email"":""8884f2ced2eb8ae14c359654cc4d35d84d2297bb@yahoo.co.uk""},""message"":""Navbar function created, and imported into App.js"",""distinct"":true,""url"":""https://api.github.com/repos/natteo96/react/commits/ddf52584dd206b09759ee09c9b33cad88ae25e82""}]",,,,,,,,,,
18166137730,PushEvent,true,2021-09-27 14:47:39.000000 UTC,83577603,JakobB1,400180414,JakobB1/netbeans,"""refs/heads/main""",,,8023428768,1,1,"[{""sha"":""3e05ede998123be73504e1c0c21c70d5f13ad71b"",""author"":{""name"":""Jakob Brkić"",""email"":""6deff9977e74ebd8fcc4245ececf4687391de5ee@users.noreply.github.com""},""message"":""center/undec./slika"",""distinct"":true,""url"":""https://api.github.com/repos/JakobB1/netbeans/commits/3e05ede998123be73504e1c0c21c70d5f13ad71b""}]",,,,,,,,,,
18166227013,PushEvent,true,2021-09-27 14:52:19.000000 UTC,83577603,JakobB1,400180414,JakobB1/netbeans,"""refs/heads/main""",,,8023470173,1,1,"[{""sha"":""68470ff7cf596f2b7e1e9f679b4dddbb6e79cf1c"",""author"":{""name"":""Jakob Brkić"",""email"":""6deff9977e74ebd8fcc4245ececf4687391de5ee@users.noreply.github.com""},""message"":""Autorizacija"",""distinct"":true,""url"":""https://api.github.com/repos/JakobB1/netbeans/commits/68470ff7cf596f2b7e1e9f679b4dddbb6e79cf1c""}]",,,,,,,,,,
18165697577,PushEvent,true,2021-09-27 14:24:32.000000 UTC,83577603,JakobB1,400180414,JakobB1/netbeans,"""refs/heads/main""",,,8023223131,1,1,"[{""sha"":""7007816bdb61244aea1175d92b5ec4cf31e952df"",""author"":{""name"":""Jakob Brkić"",""email"":""6deff9977e74ebd8fcc4245ececf4687391de5ee@users.noreply.github.com""},""message"":""noveObradeIOstalo"",""distinct"":true,""url"":""https://api.github.com/repos/JakobB1/netbeans/commits/7007816bdb61244aea1175d92b5ec4cf31e952df""}]",,,,,,,,,,
18165409439,PushEvent,true,2021-09-27 14:09:58.000000 UTC,83577603,JakobB1,400180414,JakobB1/netbeans,"""refs/heads/main""",,,8023087587,1,1,"[{""sha"":""32215a6ddb17358fc505007fbf67b28dd80a1777"",""author"":{""name"":""Jakob Brkić"",""email"":""6deff9977e74ebd8fcc4245ececf4687391de5ee@users.noreply.github.com""},""message"":""obradaOsobaIextendovi"",""distinct"":true,""url"":""https://api.github.com/repos/JakobB1/netbeans/commits/32215a6ddb17358fc505007fbf67b28dd80a1777""}]",,,,,,,,,,
18166130399,PushEvent,true,2021-09-27 14:47:15.000000 UTC,83577603,JakobB1,400180414,JakobB1/netbeans,"""refs/heads/main""",,,8023425279,1,1,"[{""sha"":""58f4fc224a1c799782dec99fc8973d4373aef5a9"",""author"":{""name"":""Jakob Brkić"",""email"":""6deff9977e74ebd8fcc4245ececf4687391de5ee@users.noreply.github.com""},""message"":""kontrolaCijena"",""distinct"":true,""url"":""https://api.github.com/repos/JakobB1/netbeans/commits/58f4fc224a1c799782dec99fc8973d4373aef5a9""}]",,,,,,,,,,
18165804581,PushEvent,true,2021-09-27 14:30:11.000000 UTC,83577603,JakobB1,400180414,JakobB1/netbeans,"""refs/heads/main""",,,8023273411,1,1,"[{""sha"":""4fab725d8a520fe217484887c131dfcc9152f9c1"",""author"":{""name"":""Jakob Brkić"",""email"":""6deff9977e74ebd8fcc4245ececf4687391de5ee@users.noreply.github.com""},""message"":""dodatniPodaci"",""distinct"":true,""url"":""https://api.github.com/repos/JakobB1/netbeans/commits/4fab725d8a520fe217484887c131dfcc9152f9c1""}]",,,,,,,,,,
18166044786,PushEvent,true,2021-09-27 14:42:51.000000 UTC,14796566,ianballou,160387968,ianballou/katello,"""refs/heads/33571-add-pr-template""",,,8023385433,1,1,"[{""sha"":""3689d11f9a49b5cce4c9add31f385954bb4546ed"",""author"":{""name"":""Ian Ballou"",""email"":""b865fd8cb13db426a526c02ff2dcb819143d1c07@gmail.com""},""message"":""Fixes #33571 - Add a PR template"",""distinct"":true,""url"":""https://api.github.com/repos/ianballou/katello/commits/3689d11f9a49b5cce4c9add31f385954bb4546ed""}]",,,,,,,,,,
18165994913,CreateEvent,true,2021-09-27 14:40:14.000000 UTC,14796566,ianballou,160387968,ianballou/katello,"""33571-add-pr-template""","""branch""","""user""",,,,,,,,,,,,,,
18166348599,CreateEvent,true,2021-09-27 14:58:44.000000 UTC,89242161,raagh888,410929294,raagh888/terraform,"""main""","""branch""","""user""",,,,,,,,,,,,,,
18166348324,CreateEvent,true,2021-09-27 14:58:43.000000 UTC,89242161,raagh888,410929294,raagh888/terraform,,"""repository""","""user""",,,,,,,,,,,,,,
18165355685,PushEvent,true,2021-09-27 14:07:17.000000 UTC,3142281,zhuangjinjin,195167574,zhuangjinjin/dubbo,"""refs/heads/dev_issue_8707""",,,8023063275,24,24,"[{""sha"":""32f89ffedc5337df819bcff2b9b7137d44b11649"",""author"":{""name"":""passer"",""email"":""686cad1337990e250f41efb73818db7be9cd03c8@gmail.com""},""message"":""[3.0] TimeoutCheckTask should be cancelled when DefaultFuture has been cancelled (#8897) (#8898)"",""distinct"":true,""url"":""https://api.github.com/repos/zhuangjinjin/dubbo/commits/32f89ffedc5337df819bcff2b9b7137d44b11649""},{""sha"":""33e99de36e529a951b8fffa70a5d54a4b72f44cd"",""author"":{""name"":""Wang Chengming"",""email"":""797b11b27820feac74f983f7807e06052f220378@qq.com""},""message"":""remove meaningless code (#8887)"",""distinct"":true,""url"":""https://api.github.com/repos/zhuangjinjin/dubbo/commits/33e99de36e529a951b8fffa70a5d54a4b72f44cd""},{""sha"":""62733201e9241c7429e61f4e9210e21109fd2ca7"",""author"":{""name"":""Albumen Kevin"",""email"":""bbabf03ee0d7702e3da35298bd27899c57dc84be@gmail.com""},""message"":""Try Load Class from interface parameter (#8905)"",""distinct"":true,""url"":""https://api.github.com/repos/zhuangjinjin/dubbo/commits/62733201e9241c7429e61f4e9210e21109fd2ca7""},{""sha"":""5e5b62618d8c4ad72f9f2949ec72f9189032a7f8"",""author"":{""name"":""Albumen Kevin"",""email"":""bbabf03ee0d7702e3da35298bd27899c57dc84be@gmail.com""},""message"":""Add ModuleModel Qualifier for SpringBean Initializer (#8904)"",""distinct"":true,""url"":""https://api.github.com/repos/zhuangjinjin/dubbo/commits/5e5b62618d8c4ad72f9f2949ec72f9189032a7f8""},{""sha"":""5567a626a52d057c6d31d192c921f9bc89341921"",""author"":{""name"":""Albumen Kevin"",""email"":""bbabf03ee0d7702e3da35298bd27899c57dc84be@gmail.com""},""message"":""Convert TimeoutException when invoke timeout (#8906)"",""distinct"":true,""url"":""https://api.github.com/repos/zhuangjinjin/dubbo/commits/5567a626a52d057c6d31d192c921f9bc89341921""},{""sha"":""8891dd0982ab7603fcec6f443f88100ff543c64a"",""author"":{""name"":""吴治国"",""email"":""c2afb11e880b85295785b3e97dad4d8b30891e7d@startdt.com""},""message"":""[3.0] Refactor MetricsConfig (#8785)\n\n* refactor metrics config and add empty prometheus implementation\r\n* Fix attribute name"",""distinct"":true,""url"":""https://api.github.com/repos/zhuangjinjin/dubbo/commits/8891dd0982ab7603fcec6f443f88100ff543c64a""},{""sha"":""e68d89e00d64c2e1448ed4684e2b2f94078ee376"",""author"":{""name"":""Gong Dewei"",""email"":""81673e8206ed2e185b06d10bb889a21018ea963c@qq.com""},""message"":""[3.0] socks proxy filtering local address (#8876)"",""distinct"":true,""url"":""https://api.github.com/repos/zhuangjinjin/dubbo/commits/e68d89e00d64c2e1448ed4684e2b2f94078ee376""},{""sha"":""0643a7ce7e8af1e469ff76a0d5624a28c5a17da4"",""author"":{""name"":""earthchen"",""email"":""3e0bd8c7f32133a058973e69e24ef8c7f65fc316@duobei.com""},""message"":""TimeoutCheckTask should be cancelled when DefaultFuture2 has been cancelled (#8901)"",""distinct"":true,""url"":""https://api.github.com/repos/zhuangjinjin/dubbo/commits/0643a7ce7e8af1e469ff76a0d5624a28c5a17da4""},{""sha"":""849dd7865322e98ff1cd7332003eb44d48a2bfa3"",""author"":{""name"":""Albumen Kevin"",""email"":""bbabf03ee0d7702e3da35298bd27899c57dc84be@gmail.com""},""message"":""Support Multi Subscribe for Service Discovery (#8908)\n\n* Support Multi Subscribe for Service Discovery\r\n\r\n* fix import"",""distinct"":true,""url"":""https://api.github.com/repos/zhuangjinjin/dubbo/commits/849dd7865322e98ff1cd7332003eb44d48a2bfa3""},{""sha"":""9e346bc341320172bd37587a944d9880f3ba203d"",""author"":{""name"":""Albumen Kevin"",""email"":""bbabf03ee0d7702e3da35298bd27899c57dc84be@gmail.com""},""message"":""Fix delay export not work for ServiceConfig (#8912)"",""distinct"":true,""url"":""https://api.github.com/repos/zhuangjinjin/dubbo/commits/9e346bc341320172bd37587a944d9880f3ba203d""},{""sha"":""9ecb955b9490b8c14df0773143e4f130f84e9418"",""author"":{""name"":""Wang Chengming"",""email"":""797b11b27820feac74f983f7807e06052f220378@qq.com""},""message"":""fix MergeableClusterInvoker NPE (#8891)"",""distinct"":true,""url"":""https://api.github.com/repos/zhuangjinjin/dubbo/commits/9ecb955b9490b8c14df0773143e4f130f84e9418""},{""sha"":""5fb4a50add69c4bcf40a41f22d32f6ff72aa45f7"",""author"":{""name"":""灼华"",""email"":""a8b877bbbd92cbfe203c6864a2a681c8dace2279@users.noreply.github.com""},""message"":""Add test case for ServiceInstanceMetadataUtilsTest (#8914)\n\n* Add test case for ServiceInstanceMetadataUtilsTest\r\n\r\n* ApplicationModel reset"",""distinct"":true,""url"":""https://api.github.com/repos/zhuangjinjin/dubbo/commits/5fb4a50add69c4bcf40a41f22d32f6ff72aa45f7""},{""sha"":""bba0a7613672791df341b41b3ab3e9eb135326cb"",""author"":{""name"":""zrlw"",""email"":""c3ee052b6ab7be3c31be82ee641dda519078ac4b@sina.com""},""message"":""add destroy() calling to close tomcat server port (#8920)"",""distinct"":true,""url"":""https://api.github.com/repos/zhuangjinjin/dubbo/commits/bba0a7613672791df341b41b3ab3e9eb135326cb""},{""sha"":""35c2d7ec7e8b56624c23954abfa1a209034d291e"",""author"":{""name"":""灼华"",""email"":""a8b877bbbd92cbfe203c6864a2a681c8dace2279@users.noreply.github.com""},""message"":""Add unit test for CuratorFrameworkUtils and AbstractServiceDiscoveryFactory (#8886)"",""distinct"":true,""url"":""https://api.github.com/repos/zhuangjinjin/dubbo/commits/35c2d7ec7e8b56624c23954abfa1a209034d291e""},{""sha"":""d5ca09f5be734c97d509ec01e5429b2166f63adb"",""author"":{""name"":""zrlw"",""email"":""c3ee052b6ab7be3c31be82ee641dda519078ac4b@sina.com""},""message"":""reset the client value of LazyConnectExchangeClient after close (#8881)"",""distinct"":true,""url"":""https://api.github.com/repos/zhuangjinjin/dubbo/commits/d5ca09f5be734c97d509ec01e5429b2166f63adb""},{""sha"":""f870c7d048cc475a695cea71273effb41b1b61c3"",""author"":{""name"":""zrlw"",""email"":""c3ee052b6ab7be3c31be82ee641dda519078ac4b@sina.com""},""message"":""[3.0] fix testInvoke_retryTimes_withBizException (#8910)\n\n* fix testInvoke_retryTimes_withBizException\r\n\r\n* fix parameter name and order of assertEquals"",""distinct"":true,""url"":""https://api.github.com/repos/zhuangjinjin/dubbo/commits/f870c7d048cc475a695cea71273effb41b1b61c3""},{""sha"":""84346e7ac5652a43d30c2dc97380de059b0b9ffd"",""author"":{""name"":""earthchen"",""email"":""3e0bd8c7f32133a058973e69e24ef8c7f65fc316@duobei.com""},""message"":""[3.0-Triple] Add handler for reset frame (#8871)\n\n* handler rst frame\r\n\r\n* fix license\r\n\r\n* fix style\r\n\r\n* Move CancelContext into ServiceContext\r\n\r\n* optimize rst frame handler\r\n\r\n* change CancellationContext sync method\r\n\r\n* remove unreachable code\r\n\r\n* fix checkstyle"",""distinct"":true,""url"":""https://api.github.com/repos/zhuangjinjin/dubbo/commits/84346e7ac5652a43d30c2dc97380de059b0b9ffd""},{""sha"":""6a79caffe59396acea7ebacecbc4388917065512"",""author"":{""name"":""earthchen"",""email"":""3e0bd8c7f32133a058973e69e24ef8c7f65fc316@duobei.com""},""message"":""optimize triple server send frame error handler (#8922)"",""distinct"":true,""url"":""https://api.github.com/repos/zhuangjinjin/dubbo/commits/6a79caffe59396acea7ebacecbc4388917065512""},{""sha"":""8e4d9f694ccf990b386b5feb7490e89fb2334268"",""author"":{""name"":""Lei Zhiyuan"",""email"":""ae64b05349075ebed9aa2e04ab1c255c769ba1ee@gmail.com""},""message"":""fix: registry cast to AbstractRegistry error in telnet (#8619)\n\n* chore:add @Override for some methods\r\n\r\n* chore:delete unused import\r\n\r\n* chore:checkstyle"",""distinct"":true,""url"":""https://api.github.com/repos/zhuangjinjin/dubbo/commits/8e4d9f694ccf990b386b5feb7490e89fb2334268""},{""sha"":""bfd17bcbef766268dc6622c71942e7d3b15174bc"",""author"":{""name"":""ukuz90"",""email"":""3c9b88f332f5b1e321b93d120fe4280901630fd5@gmail.com""},""message"":""#8707 support client rst stream"",""distinct"":true,""url"":""https://api.github.com/repos/zhuangjinjin/dubbo/commits/bfd17bcbef766268dc6622c71942e7d3b15174bc""}]",,,,,,,,,,
18165773877,PushEvent,true,2021-09-27 14:28:33.000000 UTC,19327038,elfinston,350289585,elfinston/terraform,"""refs/heads/main""",,,8023258997,1,1,"[{""sha"":""753f167acfe8132cc79be1022d8e559bf67e0958"",""author"":{""name"":""elfinston"",""email"":""60e66b8fb9ac5bb171f2b5f4873deec27e96c501@gmail.com""},""message"":""Delete rules.json"",""distinct"":true,""url"":""https://api.github.com/repos/elfinston/terraform/commits/753f167acfe8132cc79be1022d8e559bf67e0958""}]",,,,,,,,,,
18165530045,DeleteEvent,true,2021-09-27 14:16:09.000000 UTC,17539174,wangchengming666,395554123,wangchengming666/dubbo,"""fix-#8506""","""branch""","""user""",,,,,,,,,,,,,,
18165334704,CreateEvent,true,2021-09-27 14:06:14.000000 UTC,19281800,hongshaoyang,311594661,hongshaoyang/scikit-learn,"""20538""","""branch""","""user""",,,,,,,,,,,,,,
18165530198,WatchEvent,true,2021-09-27 14:16:09.000000 UTC,5356826,ilkerhalil,4710920,apache/dubbo,,,,,,,,"""started""",,,,,,,,,
18165531932,ForkEvent,true,2021-09-27 14:16:14.000000 UTC,5356826,ilkerhalil,4710920,apache/dubbo,,,,,,,,,,"""ilkerhalil/dubbo""",,,,,,,
18165376437,PullRequestEvent,true,2021-09-27 14:08:19.000000 UTC,3142281,zhuangjinjin,4710920,apache/dubbo,,,,,,,,"""closed""",8860,,,,,,,,
18166062905,ForkEvent,true,2021-09-27 14:43:47.000000 UTC,91481680,afockler,10270250,facebook/react,,,,,,,,,,"""afockler/react""",,,,,,,
18166360480,WatchEvent,true,2021-09-27 14:59:21.000000 UTC,65935350,ganeshpodishetti,10270250,facebook/react,,,,,,,,"""started""",,,,,,,,,
18165784145,PullRequestReviewEvent,true,2021-09-27 14:29:06.000000 UTC,29597,bvaughn,10270250,facebook/react,,,,,,,,"""created""",22424,,,"""commented""","""CONTRIBUTOR""",,,,
18165888221,IssueCommentEvent,true,2021-09-27 14:34:40.000000 UTC,42650045,lobpcg,843222,scikit-learn/scikit-learn,,,,,,,,"""created""",,,,,,,,,
18166273155,PullRequestReviewEvent,true,2021-09-27 14:54:46.000000 UTC,13029839,jjerphan,843222,scikit-learn/scikit-learn,,,,,,,,"""created""",21020,,,"""commented""","""MEMBER""",,,,
18165389873,PullRequestReviewCommentEvent,true,2021-09-27 14:08:58.000000 UTC,89061,ogrisel,843222,scikit-learn/scikit-learn,,,,,,,,"""created""",21079,,,,,,,,
18166315305,IssueCommentEvent,true,2021-09-27 14:56:59.000000 UTC,89061,ogrisel,843222,scikit-learn/scikit-learn,,,,,,,,"""created""",,,,,,,,,
18166328270,PushEvent,true,2021-09-27 14:57:40.000000 UTC,1557314,m-bucher,35152848,ATIX-AG/katello,"""refs/heads/feature/debs_api_latest""",,,8023516761,1,1,"[{""sha"":""62a5c67f39ba6820057cb5ed2622f96e6cfdc8e7"",""author"":{""name"":""Markus Bucher"",""email"":""d183e0e7d4e8a7f313154b477fb86ef15648eaf1@atix.de""},""message"":""Fixes #33525 - Add debs packages_restrict_latest"",""distinct"":true,""url"":""https://api.github.com/repos/ATIX-AG/katello/commits/62a5c67f39ba6820057cb5ed2622f96e6cfdc8e7""}]",,,,,,,,,,
18165595652,CreateEvent,true,2021-09-27 14:19:28.000000 UTC,1557314,m-bucher,35152848,ATIX-AG/katello,"""feature/debs_api_latest""","""branch""","""user""",,,,,,,,,,,,,,
18165570290,IssueCommentEvent,true,2021-09-27 14:18:11.000000 UTC,1557314,m-bucher,4007018,Katello/katello,,,,,,,,"""created""",,,,,,,,,
18166145093,IssueCommentEvent,true,2021-09-27 14:48:02.000000 UTC,14796566,ianballou,4007018,Katello/katello,,,,,,,,"""created""",,,,,,,,,
18166119599,PullRequestEvent,true,2021-09-27 14:46:43.000000 UTC,14796566,ianballou,4007018,Katello/katello,,,,,,,,"""opened""",9672,,,,,,,,
18165857215,PullRequestEvent,true,2021-09-27 14:33:02.000000 UTC,1557314,m-bucher,4007018,Katello/katello,,,,,,,,"""opened""",9671,,,,,,,,
18165348392,WatchEvent,true,2021-09-27 14:06:55.000000 UTC,25220615,wujunmiao,45717250,tensorflow/tensorflow,,,,,,,,"""started""",,,,,,,,,
18165691076,IssueCommentEvent,true,2021-09-27 14:24:12.000000 UTC,56610014,google-ml-butler[bot],45717250,tensorflow/tensorflow,,,,,,,,"""created""",,,,,,,,,
18166036956,IssueCommentEvent,true,2021-09-27 14:42:27.000000 UTC,10442001,elfringham,45717250,tensorflow/tensorflow,,,,,,,,"""created""",,,,,,,,,
18166287200,PullRequestReviewCommentEvent,true,2021-09-27 14:55:29.000000 UTC,30323187,christopherbate,45717250,tensorflow/tensorflow,,,,,,,,"""created""",51475,,,,,,,,
18166195556,IssueCommentEvent,true,2021-09-27 14:50:42.000000 UTC,10442001,elfringham,45717250,tensorflow/tensorflow,,,,,,,,"""created""",,,,,,,,,
18165356996,WatchEvent,true,2021-09-27 14:07:21.000000 UTC,59974063,Ognen42,45717250,tensorflow/tensorflow,,,,,,,,"""started""",,,,,,,,,
18165338000,PullRequestReviewCommentEvent,true,2021-09-27 14:06:23.000000 UTC,1804568,thaJeztah,7691631,moby/moby,,,,,,,,"""created""",42835,,,,,,,,
18165242020,CreateEvent,true,2021-09-27 14:01:44.000000 UTC,45942572,SiarheiSakharevich,337402726,saby/react,"""21.5100/mergerator/270921_170132""","""branch""","""user""",,,,,,,,,,,,,,
18165241877,DeleteEvent,true,2021-09-27 14:01:43.000000 UTC,45942572,SiarheiSakharevich,337402726,saby/react,"""21.5100/mergerator/270921_170132""","""branch""","""user""",,,,,,,,,,,,,,
18166126099,ForkEvent,true,2021-09-27 14:47:02.000000 UTC,1810763,dev-aboali,135786093,typescript-cheatsheets/react,,,,,,,,,,"""dev-aboali/react""",,,,,,,
18166369966,PushEvent,true,2021-09-27 14:59:52.000000 UTC,1177098,digitalsadhu,343817358,fabric-ds/react,"""refs/heads/update_to_fabric_ds""",,,8023535759,1,1,"[{""sha"":""c0978d461eb1dfaee1580705c32e38f0251556f5"",""author"":{""name"":""Richard"",""email"":""59f56c278c529ea42d29566dca51e82fd703f83c@gmail.com""},""message"":""chore: update remaining references"",""distinct"":true,""url"":""https://api.github.com/repos/fabric-ds/react/commits/c0978d461eb1dfaee1580705c32e38f0251556f5""}]",,,,,,,,,,
18164259866,PushEvent,true,2021-09-27 13:08:48.000000 UTC,40652892,zrlw,382837484,zrlw/dubbo,"""refs/heads/master""",,,8022551037,4,4,"[{""sha"":""4af59252c1dfb4027b45322c7094e9247e3c835e"",""author"":{""name"":""Wang Chengming"",""email"":""797b11b27820feac74f983f7807e06052f220378@qq.com""},""message"":""MultipleRegistry remove duplicate URL (#8899)"",""distinct"":true,""url"":""https://api.github.com/repos/zrlw/dubbo/commits/4af59252c1dfb4027b45322c7094e9247e3c835e""},{""sha"":""b3120b5dfbffd68cc3cc9904aa05a13aac57b85e"",""author"":{""name"":""zrlw"",""email"":""c3ee052b6ab7be3c31be82ee641dda519078ac4b@sina.com""},""message"":""reset the client value of LazyConnectExchangeClient after close (#8882)"",""distinct"":true,""url"":""https://api.github.com/repos/zrlw/dubbo/commits/b3120b5dfbffd68cc3cc9904aa05a13aac57b85e""},{""sha"":""881fd1f2d46379ea16ad59094028e0ea431c42bc"",""author"":{""name"":""Wang Chengming"",""email"":""797b11b27820feac74f983f7807e06052f220378@qq.com""},""message"":""fix #8339, remove duplicate validation (#8903)"",""distinct"":true,""url"":""https://api.github.com/repos/zrlw/dubbo/commits/881fd1f2d46379ea16ad59094028e0ea431c42bc""},{""sha"":""a38e4fb9eda8760ee7069c19c9c921142e746696"",""author"":{""name"":""zrlw"",""email"":""c3ee052b6ab7be3c31be82ee641dda519078ac4b@sina.com""},""message"":""catch handler.caught() throwable of MultiMessageHandler (#8931)"",""distinct"":true,""url"":""https://api.github.com/repos/zrlw/dubbo/commits/a38e4fb9eda8760ee7069c19c9c921142e746696""}]",,,,,,,,,,
18164949822,PushEvent,true,2021-09-27 13:46:15.000000 UTC,17592531,PhilYue,89759843,PhilYue/dubbo,"""refs/heads/pi/learn3.0""",,,8022876159,1,1,"[{""sha"":""d1df28fd8ded80fa88d0c428209df02d08197030"",""author"":{""name"":""phil"",""email"":""cb95fad37ab1d28da58b0cd0ef2d102fb2bc06be@foxmail.com""},""message"":""iniit"",""distinct"":true,""url"":""https://api.github.com/repos/PhilYue/dubbo/commits/d1df28fd8ded80fa88d0c428209df02d08197030""}]",,,,,,,,,,
18164879261,PullRequestEvent,true,2021-09-27 13:42:27.000000 UTC,39814207,pull[bot],333849660,dgkh1975/moby,,,,,,,,"""closed""",168,,,,,,,,
18164878910,PushEvent,true,2021-09-27 13:42:26.000000 UTC,39814207,pull[bot],333849660,dgkh1975/moby,"""refs/heads/master""",,,8022843456,5,5,"[{""sha"":""ec9c8545f8408e747f283a33d4552187f6cec13f"",""author"":{""name"":""Sebastiaan van Stijn"",""email"":""64b2b6d12bfe4baae7dad3d018f8cbf6b0e7a044@gone.nl""},""message"":""Makefile: remove passing proxy env-vars\n\nDocker 17.07 and up allow the CLI to be configured to set default proxy\nenv-vars to be used (both as build-arg and as env for docker run), see\ndocker/cli#93, so setting these here should be redundant. If someone\nneeds these env-vars set, they should be configured in the cli's\n`~/.docker/config.json` instead.\n\nSigned-off-by: Sebastiaan van Stijn <github@gone.nl>"",""distinct"":true,""url"":""https://api.github.com/repos/dgkh1975/moby/commits/ec9c8545f8408e747f283a33d4552187f6cec13f""},{""sha"":""b954e4793bd204c847b271545af4f19f145d4e54"",""author"":{""name"":""Sebastiaan van Stijn"",""email"":""64b2b6d12bfe4baae7dad3d018f8cbf6b0e7a044@gone.nl""},""message"":""Dockerfile: move installers into Dockerfile\n\nThis moves installers that are only used during CI into the Dockerfile. Some\ninstallers are still used in the release-pipeline, so keeping thos for now.\n\nSigned-off-by: Sebastiaan van Stijn <github@gone.nl>"",""distinct"":true,""url"":""https://api.github.com/repos/dgkh1975/moby/commits/b954e4793bd204c847b271545af4f19f145d4e54""},{""sha"":""ce715505bd4bf52a6c0f934672e872d70e892f5b"",""author"":{""name"":""Sebastiaan van Stijn"",""email"":""64b2b6d12bfe4baae7dad3d018f8cbf6b0e7a044@gone.nl""},""message"":""Dockerfile: update test-registries to released versions\n\n- using v2.1.0 for the \""v1\"" registry (last release with only v1)\n- using v2.3.0 as \""current\"" version (was v2.3.0-rc.0)\n\nSigned-off-by: Sebastiaan van Stijn <github@gone.nl>"",""distinct"":true,""url"":""https://api.github.com/repos/dgkh1975/moby/commits/ce715505bd4bf52a6c0f934672e872d70e892f5b""},{""sha"":""4145c81d8271eceab65e4600ebdce7d1421b337e"",""author"":{""name"":""Sebastiaan van Stijn"",""email"":""2b34a3e3e055981c6c83bcd4f9afd06751b4ac0e@users.noreply.github.com""},""message"":""Merge pull request #42880 from thaJeztah/makefile_proxy_vars\n\nMakefile: remove passing proxy env-vars"",""distinct"":true,""url"":""https://api.github.com/repos/dgkh1975/moby/commits/4145c81d8271eceab65e4600ebdce7d1421b337e""},{""sha"":""306fa44b7ca59282dc8695e6d169c5b25698d0cb"",""author"":{""name"":""Akihiro Suda"",""email"":""10ddef0dea2a66ab193b07198faa879adcb213d8@hco.ntt.co.jp""},""message"":""Merge pull request #42881 from thaJeztah/dockerfile_rewrite\n\nDockerfile: move installers into Dockerfile, and update registry versions"",""distinct"":true,""url"":""https://api.github.com/repos/dgkh1975/moby/commits/306fa44b7ca59282dc8695e6d169c5b25698d0cb""}]",,,,,,,,,,
18164489494,PushEvent,true,2021-09-27 13:21:08.000000 UTC,4981219,alalek,408451037,mologie/opencv,"""refs/heads/fix-dnn-tf-on-arm""",,,8022658836,1,1,"[{""sha"":""1c33292ea339ae7af181996a316eabb1ddc5d1be"",""author"":{""name"":""Alexander Alekhin"",""email"":""68add3c7f0912f500ebe6e9539930fd1bb229c72@gmail.com""},""message"":""dnn: reduce amount of .clone() calls"",""distinct"":true,""url"":""https://api.github.com/repos/mologie/opencv/commits/1c33292ea339ae7af181996a316eabb1ddc5d1be""}]",,,,,,,,,,
18164365302,PushEvent,true,2021-09-27 13:14:25.000000 UTC,7628263,rgouicem,387498683,rgouicem/phoenix,"""refs/heads/master""",,,8022600306,1,1,"[{""sha"":""5063f30c1cdacd917ccb6f4b3b2d96fb659ea561"",""author"":{""name"":""Redha Gouicem"",""email"":""9ab2b04518ed245b69e35dddb5be5057122fc112@gmail.com""},""message"":"".gitignore"",""distinct"":true,""url"":""https://api.github.com/repos/rgouicem/phoenix/commits/5063f30c1cdacd917ccb6f4b3b2d96fb659ea561""}]",,,,,,,,,,
18164507999,PushEvent,true,2021-09-27 13:22:07.000000 UTC,7628263,rgouicem,387498683,rgouicem/phoenix,"""refs/heads/master""",,,8022667502,1,1,"[{""sha"":""a961610fd17f72aa3236c4773f36c138c22aedc7"",""author"":{""name"":""Redha Gouicem"",""email"":""9ab2b04518ed245b69e35dddb5be5057122fc112@gmail.com""},""message"":""fix arch detection (uname -p does not work on x86 and aarch64)"",""distinct"":true,""url"":""https://api.github.com/repos/rgouicem/phoenix/commits/a961610fd17f72aa3236c4773f36c138c22aedc7""}]",,,,,,,,,,
18164244537,PushEvent,true,2021-09-27 13:07:58.000000 UTC,175587,brainstorm,367857172,brainstorm/opencv,"""refs/heads/apple_silicon""",,,8022544044,1,1,"[{""sha"":""036fca2d9c4d99a14389a1ed40268b754acdc180"",""author"":{""name"":""Roman Valls Guimera"",""email"":""4e95058a32f7f441e0c9ae52530d203ad26c7079@users.noreply.github.com""},""message"":""maxdepth, not depth?"",""distinct"":true,""url"":""https://api.github.com/repos/brainstorm/opencv/commits/036fca2d9c4d99a14389a1ed40268b754acdc180""}]",,,,,,,,,,
18165005764,PushEvent,true,2021-09-27 13:49:16.000000 UTC,14796566,ianballou,160387968,ianballou/katello,"""refs/heads/33468-remove-background-policy-for-real-this-time""",,,8022902120,33,4,"[{""sha"":""0b8ccb2303881ee37976adbb069498e105108dc9"",""author"":{""name"":""maccelf"",""email"":""4c93e4478e79451a092881adb7bc0f71ca45627b@gmail.com""},""message"":""Fixes #33395 - remove if/else statment\n\nRemove if/else statement from _host_synced_content_select.html.erb"",""distinct"":false,""url"":""https://api.github.com/repos/ianballou/katello/commits/0b8ccb2303881ee37976adbb069498e105108dc9""},{""sha"":""06b3f66ce9609ac3e93d124f6cf14734c9ca9e0a"",""author"":{""name"":""Jeremy Lenz"",""email"":""e07f2ee312dd70344f8c2cefce9e860c3a4ba857@redhat.com""},""message"":""Fixes #33078 - Add Traces bulk select & restart (#9594)\n\n* Fixes #33078 - Add Traces bulk select\n\n* Use Set to store selected table rows\n\n* Add selections across pages\n\n* Add restart app action\n\n* Add Select All split checkbox\n\n* Add dropdown options\n\n* fix tests!\n\n* hide select all option for now\n\n* use _.isEqual instead of dequal"",""distinct"":false,""url"":""https://api.github.com/repos/ianballou/katello/commits/06b3f66ce9609ac3e93d124f6cf14734c9ca9e0a""},{""sha"":""5310d78c58cc1e1c06294ab269d03e6b10ebc18b"",""author"":{""name"":""Justin Sherrill"",""email"":""3b7956c5658ff30fd7323f2b607d0bc0577d4862@redhat.com""},""message"":""Fixes #32556 - disable scopes on cv promote errata calc"",""distinct"":false,""url"":""https://api.github.com/repos/ianballou/katello/commits/5310d78c58cc1e1c06294ab269d03e6b10ebc18b""},{""sha"":""76eef8331694c66c073e9b03357d88b91c6ced8d"",""author"":{""name"":""Justin Sherrill"",""email"":""3b7956c5658ff30fd7323f2b607d0bc0577d4862@redhat.com""},""message"":""Fixes #33430 - do not error on pulpcore with 1 worker"",""distinct"":false,""url"":""https://api.github.com/repos/ianballou/katello/commits/76eef8331694c66c073e9b03357d88b91c6ced8d""},{""sha"":""0495eb348a6274f6d36f12263fffde019dd654ff"",""author"":{""name"":""Samir Jha"",""email"":""a28a3baeadff1a2fb09e654babf4c05e28237412@ncsu.edu""},""message"":""Fixes #33467 - Add component view count to Versions API (#9632)"",""distinct"":false,""url"":""https://api.github.com/repos/ianballou/katello/commits/0495eb348a6274f6d36f12263fffde019dd654ff""},{""sha"":""0863618b348582096cb6b39e5069b1c44f946751"",""author"":{""name"":""Partha Aji"",""email"":""f1580ee59435d07680e08f585e6382b2c892386d@redhat.com""},""message"":""Fixes #33385,#33054,#33144 - Fixes host group inheritance (#9599)\n\nBefore the PR -\r\n\r\nOn create hostgroups page the inheritance hierachy behavior was different\r\nbetween katello attribute like content_view/lce/content source etc vs\r\nthings like os and arch\r\nFor example if you create a child hostgroup and ppointed to a parent\r\nwith contnet view, you would see the cv automatically selected as the\r\ndefault, instead of 'Inherit Content View' as os/arch fields behave.\r\n\r\nMore over if you had cv, lce, cs, arch filled in the parent hostgroup\r\nand enabled operating system in the child the media section would not\r\nget automatically populated (because the notion of parent_id was\r\n missing)\r\n\r\nAfter:\r\n\r\nBoth the above cases behave appropriately."",""distinct"":false,""url"":""https://api.github.com/repos/ianballou/katello/commits/0863618b348582096cb6b39e5069b1c44f946751""},{""sha"":""5bf47ba639feb7299a77093260146ee875528c0e"",""author"":{""name"":""Leos Stejskal"",""email"":""7d266f0eac1de17e07aca30da85d9a54b1bc1508@redhat.com""},""message"":""Fixes #33442 - Old Registration URL doesn't redirect to the new URL"",""distinct"":false,""url"":""https://api.github.com/repos/ianballou/katello/commits/5bf47ba639feb7299a77093260146ee875528c0e""},{""sha"":""9ff6d950aec6f6ad84cfb70bb9b6340a806e62d6"",""author"":{""name"":""James Jeffers"",""email"":""7e66d8e7404d9fb110ca3890d2026fc5a28e215f@redhat.com""},""message"":""Fixes #33443 - adds last_indexed to repos to assist detection of needed index operations"",""distinct"":false,""url"":""https://api.github.com/repos/ianballou/katello/commits/9ff6d950aec6f6ad84cfb70bb9b6340a806e62d6""},{""sha"":""5a755505f17a5dee46a89b88f34312f101cc532c"",""author"":{""name"":""Jeremy Lenz"",""email"":""e07f2ee312dd70344f8c2cefce9e860c3a4ba857@redhat.com""},""message"":""Refs #33078 - Move forceRender inside hook (#9635)"",""distinct"":false,""url"":""https://api.github.com/repos/ianballou/katello/commits/5a755505f17a5dee46a89b88f34312f101cc532c""},{""sha"":""36aaff0b08577c1c227d8346b228a4b69a671433"",""author"":{""name"":""Justin Sherrill"",""email"":""3b7956c5658ff30fd7323f2b607d0bc0577d4862@redhat.com""},""message"":""Fixes #33466 - show proper repo count of capsule content"",""distinct"":false,""url"":""https://api.github.com/repos/ianballou/katello/commits/36aaff0b08577c1c227d8346b228a4b69a671433""},{""sha"":""4c624e2283145c4655368296bbcca4326667176d"",""author"":{""name"":""Partha Aji"",""email"":""f1580ee59435d07680e08f585e6382b2c892386d@redhat.com""},""message"":""Fixes #33361 - Initial stab at the host errata page (#9585)\n\nUpdate webpack/components/extensions/HostDetails/Tabs/ContentTab.js\r\n\r\nCo-authored-by: Jeremy Lenz <jlenz@redhat.com>\r\n\r\nCo-authored-by: Jeremy Lenz <jlenz@redhat.com>"",""distinct"":false,""url"":""https://api.github.com/repos/ianballou/katello/commits/4c624e2283145c4655368296bbcca4326667176d""},{""sha"":""d5bc2928c678c1068c2e899823adae54cb8b40ad"",""author"":{""name"":""Ian Ballou"",""email"":""b865fd8cb13db426a526c02ff2dcb819143d1c07@gmail.com""},""message"":""Fixes #33375 - deb packages fail filtered cv publishing"",""distinct"":false,""url"":""https://api.github.com/repos/ianballou/katello/commits/d5bc2928c678c1068c2e899823adae54cb8b40ad""},{""sha"":""3ac597399a06893457d6ceaa4ce339ad8aa44a4f"",""author"":{""name"":""Ian Ballou"",""email"":""b865fd8cb13db426a526c02ff2dcb819143d1c07@gmail.com""},""message"":""Fixes #32460 - improve speed of cv publish with filters"",""distinct"":false,""url"":""https://api.github.com/repos/ianballou/katello/commits/3ac597399a06893457d6ceaa4ce339ad8aa44a4f""},{""sha"":""4e80f885481415961494563cf2b097855817f617"",""author"":{""name"":""Evgeni Golov"",""email"":""19053590b75b2e27abe838a7e75cee7f61ba3686@golov.de""},""message"":""Fixes #33496 - support qpid_proton 0.35"",""distinct"":false,""url"":""https://api.github.com/repos/ianballou/katello/commits/4e80f885481415961494563cf2b097855817f617""},{""sha"":""28a8287b0659f0117b53f1fb611ea950c2b1d644"",""author"":{""name"":""Evgeni Golov"",""email"":""19053590b75b2e27abe838a7e75cee7f61ba3686@golov.de""},""message"":""Refs #33496 - set the peers host name to be able to verify it\n\ninstead of not checking the name in the cert, correctly set it, so that\nit actually can be verified\n\nI have no idea why qpid_proton doesn't automatically parse this from the\nURL.\n\nalso explicitly ask for VERIFY_PEER_NAME so that it validates on 0.34 too"",""distinct"":false,""url"":""https://api.github.com/repos/ianballou/katello/commits/28a8287b0659f0117b53f1fb611ea950c2b1d644""},{""sha"":""13a098718447816fd3b54b054a4caa206051f9ce"",""author"":{""name"":""Ian Ballou"",""email"":""b865fd8cb13db426a526c02ff2dcb819143d1c07@gmail.com""},""message"":""Fixes #33493 - Remove OSTree filter from Red Hat Repositories drop down list (#9640)"",""distinct"":false,""url"":""https://api.github.com/repos/ianballou/katello/commits/13a098718447816fd3b54b054a4caa206051f9ce""},{""sha"":""22db6d6e779febfb2e01fee49c2e7de035a159eb"",""author"":{""name"":""Ondřej Ezr"",""email"":""c49aace5bffbcc4d91e211b1009a944af21cfc44@redhat.com""},""message"":""Fixes #33477 - drop jQuery tabs"",""distinct"":false,""url"":""https://api.github.com/repos/ianballou/katello/commits/22db6d6e779febfb2e01fee49c2e7de035a159eb""},{""sha"":""d30d3bbca803c837ff516c3a79a31a1c35dcebff"",""author"":{""name"":""Justin Sherrill"",""email"":""3b7956c5658ff30fd7323f2b607d0bc0577d4862@redhat.com""},""message"":""Fixes #33472 - Show unstarted sync task as waiting"",""distinct"":false,""url"":""https://api.github.com/repos/ianballou/katello/commits/d30d3bbca803c837ff516c3a79a31a1c35dcebff""},{""sha"":""cafb8469216dfce0b67b99b0404956d9b29dc585"",""author"":{""name"":""Jonathon Turel"",""email"":""1e076a26df3e0fa4d7de2faddd06408b82a85a1e@gmail.com""},""message"":""Fixes #33508 - remove unused methods in Candlepin Consumer resource"",""distinct"":false,""url"":""https://api.github.com/repos/ianballou/katello/commits/cafb8469216dfce0b67b99b0404956d9b29dc585""},{""sha"":""f73b9d4b74551e1e730c7b0b1aa8274adaa8dfbb"",""author"":{""name"":""Chris Roberts"",""email"":""2392ffa2588231dbc6f394981f72973460a21817@redhat.com""},""message"":""Fixes #33252 - Add Content View Module Stream Filter Page"",""distinct"":false,""url"":""https://api.github.com/repos/ianballou/katello/commits/f73b9d4b74551e1e730c7b0b1aa8274adaa8dfbb""}]",,,,,,,,,,
18164566230,PushEvent,true,2021-09-27 13:25:15.000000 UTC,7000844,pmbrady,353707548,pmbrady/terraform,"""refs/heads/main""",,,8022695186,1,1,"[{""sha"":""084800edb933075d1a1b6aa0489b8535f3589c96"",""author"":{""name"":""Phil Brady"",""email"":""c121f4c85ac1dd3358bea9fede2878effd2a009a@SPS-1086.lan""},""message"":""add ansibe dynamic inventory, loops, variables and outputs"",""distinct"":true,""url"":""https://api.github.com/repos/pmbrady/terraform/commits/084800edb933075d1a1b6aa0489b8535f3589c96""}]",,,,,,,,,,
18165197228,PushEvent,true,2021-09-27 13:59:29.000000 UTC,13571155,terfendail,39949327,terfendail/opencv,"""refs/heads/ref_branch""",,,8022990470,1000,0,"[{""sha"":""d41b20b2685032b451167d963cf097416a9e5d25"",""author"":{""name"":""Alexander Alekhin"",""email"":""68add3c7f0912f500ebe6e9539930fd1bb229c72@gmail.com""},""message"":""Merge pull request #17830 from alalek:fix_17815"",""distinct"":false,""url"":""https://api.github.com/repos/terfendail/opencv/commits/d41b20b2685032b451167d963cf097416a9e5d25""},{""sha"":""cc584760d3b631fb1c8a6a3d4240fc0d9f59a856"",""author"":{""name"":""Dmitry Kurtaev"",""email"":""11053667959bbc4e0602db5fa9afac7bd601e2c0@gmail.com""},""message"":""Fix TensorFlow->ONNX imports"",""distinct"":false,""url"":""https://api.github.com/repos/terfendail/opencv/commits/cc584760d3b631fb1c8a6a3d4240fc0d9f59a856""},{""sha"":""bf8136eaa68d8f17edba929622ddba05f95c89d8"",""author"":{""name"":""Alexander Alekhin"",""email"":""68add3c7f0912f500ebe6e9539930fd1bb229c72@gmail.com""},""message"":""Merge pull request #17849 from dkurt:fix_17848"",""distinct"":false,""url"":""https://api.github.com/repos/terfendail/opencv/commits/bf8136eaa68d8f17edba929622ddba05f95c89d8""},{""sha"":""435b6df9897461cd8ec4a9f913fdb910c1e5a42d"",""author"":{""name"":""Alexander Alekhin"",""email"":""68add3c7f0912f500ebe6e9539930fd1bb229c72@gmail.com""},""message"":""dnn: use OpenVINO 2020.4 defines\n\noriginal commit: 2813aa7eb9c81e7bc8c765d10e508ad134f6b376"",""distinct"":false,""url"":""https://api.github.com/repos/terfendail/opencv/commits/435b6df9897461cd8ec4a9f913fdb910c1e5a42d""},{""sha"":""f8d6c5b330e7bdb5a74e3f7e634c74a2c400ec1a"",""author"":{""name"":""Alexander Alekhin"",""email"":""68add3c7f0912f500ebe6e9539930fd1bb229c72@gmail.com""},""message"":""winpack_dldt: switch defaults to OpenVINO 2020.4"",""distinct"":false,""url"":""https://api.github.com/repos/terfendail/opencv/commits/f8d6c5b330e7bdb5a74e3f7e634c74a2c400ec1a""},{""sha"":""55e85498394b990ed224b109c7b2b88bf7c2553d"",""author"":{""name"":""Alexander Alekhin"",""email"":""68add3c7f0912f500ebe6e9539930fd1bb229c72@gmail.com""},""message"":""dnn: eliminate IE deprecation warning"",""distinct"":false,""url"":""https://api.github.com/repos/terfendail/opencv/commits/55e85498394b990ed224b109c7b2b88bf7c2553d""},{""sha"":""1c371d07b571beb3ba69daf9b7ee7f289f2e0169"",""author"":{""name"":""Alexander Alekhin"",""email"":""68add3c7f0912f500ebe6e9539930fd1bb229c72@gmail.com""},""message"":""dnn(test): adjust tests for OpenVINO 2020.4"",""distinct"":false,""url"":""https://api.github.com/repos/terfendail/opencv/commits/1c371d07b571beb3ba69daf9b7ee7f289f2e0169""},{""sha"":""81e027eef714cce869ac03cda884a895503bb417"",""author"":{""name"":""Alexander Alekhin"",""email"":""68add3c7f0912f500ebe6e9539930fd1bb229c72@gmail.com""},""message"":""dnn: fix OpenCL implementation of Slice layer"",""distinct"":false,""url"":""https://api.github.com/repos/terfendail/opencv/commits/81e027eef714cce869ac03cda884a895503bb417""},{""sha"":""09f24a851edd71144b4d48c43a822e719c3fd587"",""author"":{""name"":""Alexander Alekhin"",""email"":""68add3c7f0912f500ebe6e9539930fd1bb229c72@gmail.com""},""message"":""Merge pull request #17764 from alalek:issue_17762"",""distinct"":false,""url"":""https://api.github.com/repos/terfendail/opencv/commits/09f24a851edd71144b4d48c43a822e719c3fd587""},{""sha"":""83e681334598087e60e34e4278e375010d2a3eb5"",""author"":{""name"":""Alexander Alekhin"",""email"":""68add3c7f0912f500ebe6e9539930fd1bb229c72@gmail.com""},""message"":""imgproc: add missing check into cvtColorTwoPlane()"",""distinct"":false,""url"":""https://api.github.com/repos/terfendail/opencv/commits/83e681334598087e60e34e4278e375010d2a3eb5""},{""sha"":""b2ebd37ee29f625470a6006a19fea92e9428dbe6"",""author"":{""name"":""Alexander Alekhin"",""email"":""68add3c7f0912f500ebe6e9539930fd1bb229c72@gmail.com""},""message"":""Merge pull request #17856 from alalek:dnn_openvino_2020.4.0"",""distinct"":false,""url"":""https://api.github.com/repos/terfendail/opencv/commits/b2ebd37ee29f625470a6006a19fea92e9428dbe6""},{""sha"":""8086afc60a016fd7b621933ee8533b909953b706"",""author"":{""name"":""Alexander Alekhin"",""email"":""68add3c7f0912f500ebe6e9539930fd1bb229c72@gmail.com""},""message"":""Merge pull request #17865 from alalek:add_missing_check_17036"",""distinct"":false,""url"":""https://api.github.com/repos/terfendail/opencv/commits/8086afc60a016fd7b621933ee8533b909953b706""},{""sha"":""e8d4259f9ab787b512b9aa1203fc816fb9f19231"",""author"":{""name"":""Alexander Alekhin"",""email"":""68add3c7f0912f500ebe6e9539930fd1bb229c72@gmail.com""},""message"":""release: OpenCV 3.4.11"",""distinct"":false,""url"":""https://api.github.com/repos/terfendail/opencv/commits/e8d4259f9ab787b512b9aa1203fc816fb9f19231""},{""sha"":""284d26da056273e8c579be62b316a975f78cc4e0"",""author"":{""name"":""Alexander Alekhin"",""email"":""68add3c7f0912f500ebe6e9539930fd1bb229c72@gmail.com""},""message"":""Merge tag '3.4.11'"",""distinct"":false,""url"":""https://api.github.com/repos/terfendail/opencv/commits/284d26da056273e8c579be62b316a975f78cc4e0""},{""sha"":""a35d4f90297107c96785c8bb5853512ab58b163f"",""author"":{""name"":""Liubov Batanina"",""email"":""e31e9421dee8ae251952f0c15777e23a2fd06308@yandex.ru""},""message"":""Support Gather for variable inputs"",""distinct"":false,""url"":""https://api.github.com/repos/terfendail/opencv/commits/a35d4f90297107c96785c8bb5853512ab58b163f""},{""sha"":""9411cd6c07687539cc4a7d68f54a8fa573215fc0"",""author"":{""name"":""Namgoo Lee"",""email"":""878ea8699c5c15bf039c5d3979e26b20ddd42363@cognex.com""},""message"":""Use in-place npp function for inplace arguments"",""distinct"":false,""url"":""https://api.github.com/repos/terfendail/opencv/commits/9411cd6c07687539cc4a7d68f54a8fa573215fc0""},{""sha"":""5444a6b11c61ac9b06275359024f01d72d18b929"",""author"":{""name"":""Maksim Shabunin"",""email"":""df7bbd2e1b30f9cbe316b888d25da4f669e20ac7@gmail.com""},""message"":""Merge pull request #17890 from l-bat:onnx_gather"",""distinct"":false,""url"":""https://api.github.com/repos/terfendail/opencv/commits/5444a6b11c61ac9b06275359024f01d72d18b929""},{""sha"":""abceef74e0a5e7bbd98cf09d87912fec26cc8726"",""author"":{""name"":""Alexander Smorkalov"",""email"":""0193df0b107c3df01aafe08a52773e50ae43368b@gmail.com""},""message"":""Added reference to Original Wu's articte about SAUF connected components search method."",""distinct"":false,""url"":""https://api.github.com/repos/terfendail/opencv/commits/abceef74e0a5e7bbd98cf09d87912fec26cc8726""},{""sha"":""0fa06b1db01beba4ce7985e3aee6b79796194aae"",""author"":{""name"":""Maksim Shabunin"",""email"":""df7bbd2e1b30f9cbe316b888d25da4f669e20ac7@gmail.com""},""message"":""Merge pull request #17863 from nglee:dev_cudaDetachOutput"",""distinct"":false,""url"":""https://api.github.com/repos/terfendail/opencv/commits/0fa06b1db01beba4ce7985e3aee6b79796194aae""},{""sha"":""ef1690ef45151c538500315bb8e280425ed32c63"",""author"":{""name"":""Maksim Shabunin"",""email"":""df7bbd2e1b30f9cbe316b888d25da4f669e20ac7@gmail.com""},""message"":""Merge pull request #17913 from asmorkalov:as/connected_components_ref"",""distinct"":false,""url"":""https://api.github.com/repos/terfendail/opencv/commits/ef1690ef45151c538500315bb8e280425ed32c63""}]",,,,,,,,,,
18165166542,PushEvent,true,2021-09-27 13:57:52.000000 UTC,13571155,terfendail,39949327,terfendail/opencv,"""refs/heads/3.4""",,,8022976332,286,104,"[{""sha"":""d0e3e638c35d875c86fac3410d93f02f885e27ba"",""author"":{""name"":""Alexander Alekhin"",""email"":""68add3c7f0912f500ebe6e9539930fd1bb229c72@gmail.com""},""message"":""release: OpenCV 3.4.14"",""distinct"":false,""url"":""https://api.github.com/repos/terfendail/opencv/commits/d0e3e638c35d875c86fac3410d93f02f885e27ba""},{""sha"":""6e6c0f31f741037dcaef960187e290e1f222f59b"",""author"":{""name"":""103yiran"",""email"":""e3fa32695607d1dabdce2b33e50e16ef8e63c086@qq.com""},""message"":""delete unused variable"",""distinct"":false,""url"":""https://api.github.com/repos/terfendail/opencv/commits/6e6c0f31f741037dcaef960187e290e1f222f59b""},{""sha"":""6465e393b697cfdba1d38c155e245598ab302f33"",""author"":{""name"":""Maksim Shabunin"",""email"":""df7bbd2e1b30f9cbe316b888d25da4f669e20ac7@gmail.com""},""message"":""IPP: use linker workaround for Intel compiler on Linux"",""distinct"":false,""url"":""https://api.github.com/repos/terfendail/opencv/commits/6465e393b697cfdba1d38c155e245598ab302f33""},{""sha"":""2cf1a137559c47e0d4e0a24309d25510042da861"",""author"":{""name"":""Alexander Alekhin"",""email"":""68add3c7f0912f500ebe6e9539930fd1bb229c72@gmail.com""},""message"":""Merge tag '3.4.14'"",""distinct"":false,""url"":""https://api.github.com/repos/terfendail/opencv/commits/2cf1a137559c47e0d4e0a24309d25510042da861""},{""sha"":""ac9182f20d212bd3d826030157c800f6b9cd5b7b"",""author"":{""name"":""Tiago De Gaspari"",""email"":""c909076c3f49297ec6b3ac4b723871225b9b414b@gmail.com""},""message"":""Add maxIters parameter to LMeDS method in findFundamentalMat\n\nThis commit passes the parameter maxIters that represent\nthe maximum number of iterations, that can be passed to findFundamentalMat\nto the method LMeDS.\n\nThis parameter were added to the function findFundamentalMat and\nwere passed just for the RANSAC method, but should be passed to\nboth methods to be consistent."",""distinct"":false,""url"":""https://api.github.com/repos/terfendail/opencv/commits/ac9182f20d212bd3d826030157c800f6b9cd5b7b""},{""sha"":""ace37df94150555c1d19bc2f5783979f71b47ef5"",""author"":{""name"":""Alexander Alekhin"",""email"":""68add3c7f0912f500ebe6e9539930fd1bb229c72@gmail.com""},""message"":""Merge pull request #19854 from gasparitiago:fundamentalMat-fix"",""distinct"":false,""url"":""https://api.github.com/repos/terfendail/opencv/commits/ace37df94150555c1d19bc2f5783979f71b47ef5""},{""sha"":""f3f46096d6cdc226fe4a16279275b3dc13cebe90"",""author"":{""name"":""Aaron Greig"",""email"":""5ba1c1d9a0898600b7121691670f4e8e38e7f830@codeplay.com""},""message"":""Relax accuracy requirements in the OpenCL sqrt perf arithmetic test.\n\nAlso bring perf_imgproc CornerMinEigenVal accuracy requirements in line with\nthe test_imgproc accuracy requirements on that test and fix indentation on\nthe latter.\n\nPartially addresses issue #9821"",""distinct"":false,""url"":""https://api.github.com/repos/terfendail/opencv/commits/f3f46096d6cdc226fe4a16279275b3dc13cebe90""},{""sha"":""3a8154051ffb5f2ee041b880e1befcf137a3d2e2"",""author"":{""name"":""Alexander Alekhin"",""email"":""68add3c7f0912f500ebe6e9539930fd1bb229c72@gmail.com""},""message"":""Merge pull request #19810 from aarongreig:aaron/core/relaxClArithmTest"",""distinct"":false,""url"":""https://api.github.com/repos/terfendail/opencv/commits/3a8154051ffb5f2ee041b880e1befcf137a3d2e2""},{""sha"":""9f295b2c9125b7c6c894f49ccbf0be5ffbef70c9"",""author"":{""name"":""Tiago De Gaspari"",""email"":""c909076c3f49297ec6b3ac4b723871225b9b414b@gmail.com""},""message"":""Expose maxIters in findEssentialMat\n\nLets the user choose the maximum number of iterations the robust\nestimator runs for, similary to findFundamentalMat\nand findHomography functions."",""distinct"":false,""url"":""https://api.github.com/repos/terfendail/opencv/commits/9f295b2c9125b7c6c894f49ccbf0be5ffbef70c9""},{""sha"":""9a1d7736f80569b47ece941e904e7bf50b1a40e3"",""author"":{""name"":""Alexander Alekhin"",""email"":""68add3c7f0912f500ebe6e9539930fd1bb229c72@gmail.com""},""message"":""Merge pull request #19838 from mshabunin:fix-intel-ipp-link"",""distinct"":false,""url"":""https://api.github.com/repos/terfendail/opencv/commits/9a1d7736f80569b47ece941e904e7bf50b1a40e3""},{""sha"":""be17fce6572b8b6176d55fd8bf6ecb7b0ce9f35e"",""author"":{""name"":""Alexander Alekhin"",""email"":""68add3c7f0912f500ebe6e9539930fd1bb229c72@gmail.com""},""message"":""Merge pull request #19847 from gasparitiago:expose-max-iters"",""distinct"":false,""url"":""https://api.github.com/repos/terfendail/opencv/commits/be17fce6572b8b6176d55fd8bf6ecb7b0ce9f35e""},{""sha"":""19a936fc03c7acf48a566fe0d3085c53b5e818d5"",""author"":{""name"":""Alexander Alekhin"",""email"":""68add3c7f0912f500ebe6e9539930fd1bb229c72@gmail.com""},""message"":""Merge pull request #19836 from 103yiran:warpaffine"",""distinct"":false,""url"":""https://api.github.com/repos/terfendail/opencv/commits/19a936fc03c7acf48a566fe0d3085c53b5e818d5""},{""sha"":""76860933f0a31c0abd1b26c1f11b25972cda031e"",""author"":{""name"":""Danny"",""email"":""2476a5e2c1cb9cfd1dc09318f5ee696f48b5b6e4@users.noreply.github.com""},""message"":""Merge pull request #19859 from danielenricocahall:fix-blob-detector-single-thresh\n\nFix Single ThresholdBug in Simple Blob Detector\r\n\r\n* address bug with using min dist between blobs in blob detector\r\n\r\ncast type in comparison and remove docs\r\n\r\naddress bug with using min dist between blobs in blob detector\r\n\r\nuse scalar instead of int\r\n\r\naddress bug with using min dist between blobs in blob detector\r\n\r\n* fix namespace and formatting"",""distinct"":false,""url"":""https://api.github.com/repos/terfendail/opencv/commits/76860933f0a31c0abd1b26c1f11b25972cda031e""},{""sha"":""ec8b7c933a71f168b584c549547ecdcbf46b06c3"",""author"":{""name"":""Suleyman TURKMEN"",""email"":""6e5cd4a05a4fda30cc3c44e229cb1805dd88085d@hotmail.com""},""message"":""Update Documentation"",""distinct"":false,""url"":""https://api.github.com/repos/terfendail/opencv/commits/ec8b7c933a71f168b584c549547ecdcbf46b06c3""},{""sha"":""222af8e7e48d35d0d4dd02f4b2b0291e4e091d1c"",""author"":{""name"":""Alexander Alekhin"",""email"":""68add3c7f0912f500ebe6e9539930fd1bb229c72@gmail.com""},""message"":""core: avoid process cleanup deadlock if TlsStorage is not used"",""distinct"":false,""url"":""https://api.github.com/repos/terfendail/opencv/commits/222af8e7e48d35d0d4dd02f4b2b0291e4e091d1c""},{""sha"":""a9a6801c6dcbe2baa989453e2c95c80388888879"",""author"":{""name"":""Danny"",""email"":""2476a5e2c1cb9cfd1dc09318f5ee696f48b5b6e4@users.noreply.github.com""},""message"":""Merge pull request #19884 from danielenricocahall:fix-prediction-features-bug\n\nFix bug with predictions in RTrees/Boost\r\n\r\n* address bug where predict functions with invalid feature count in rtrees/boost models\r\n\r\n* compact matrix rep in tests\r\n\r\n* check 1..n-1 and n+1 in feature size validation test"",""distinct"":false,""url"":""https://api.github.com/repos/terfendail/opencv/commits/a9a6801c6dcbe2baa989453e2c95c80388888879""},{""sha"":""63ba9970bd49332e3595c60f4a4a017b6798769a"",""author"":{""name"":""Alexander Alekhin"",""email"":""68add3c7f0912f500ebe6e9539930fd1bb229c72@gmail.com""},""message"":""Merge pull request #19851 from sturkmen72:update_documentation"",""distinct"":false,""url"":""https://api.github.com/repos/terfendail/opencv/commits/63ba9970bd49332e3595c60f4a4a017b6798769a""},{""sha"":""b9b19185bcf603e27853260dc1d9c763203e4b2c"",""author"":{""name"":""Alexander Alekhin"",""email"":""68add3c7f0912f500ebe6e9539930fd1bb229c72@gmail.com""},""message"":""ml: fix legacy import in DTreesImpl"",""distinct"":false,""url"":""https://api.github.com/repos/terfendail/opencv/commits/b9b19185bcf603e27853260dc1d9c763203e4b2c""},{""sha"":""6f70b0524af80f0e82b5daf8fa23fcaf73071c82"",""author"":{""name"":""Alexander Alekhin"",""email"":""68add3c7f0912f500ebe6e9539930fd1bb229c72@gmail.com""},""message"":""Merge pull request #19894 from alalek:fix_ml_tree_legacy_import"",""distinct"":false,""url"":""https://api.github.com/repos/terfendail/opencv/commits/6f70b0524af80f0e82b5daf8fa23fcaf73071c82""},{""sha"":""0bdbc745c444e488021c356ff6197bc6d538e517"",""author"":{""name"":""Alexander Alekhin"",""email"":""68add3c7f0912f500ebe6e9539930fd1bb229c72@gmail.com""},""message"":""ml: update checks"",""distinct"":false,""url"":""https://api.github.com/repos/terfendail/opencv/commits/0bdbc745c444e488021c356ff6197bc6d538e517""}]",,,,,,,,,,
18164102742,PullRequestEvent,true,2021-09-27 13:00:29.000000 UTC,1924534,ArkenKiran,377796602,ArkenKiran/phoenix,,,,,,,,"""opened""",3,,,,,,,,
18164336578,CreateEvent,true,2021-09-27 13:12:53.000000 UTC,1924534,ArkenKiran,377796602,ArkenKiran/phoenix,"""PHOENIX-6520-4.16-temp""","""branch""","""user""",,,,,,,,,,,,,,
18164366331,PushEvent,true,2021-09-27 13:14:29.000000 UTC,66944330,hanhyung6376,390994363,hanhyung6376/react,"""refs/heads/react""",,,8022600856,1,1,"[{""sha"":""5a75f8091331d71cf8203212738c103cbf027cd0"",""author"":{""name"":""hanhyung6376"",""email"":""2b36d186306872404833282e155655345c2a6ad8@naver.com""},""message"":""."",""distinct"":true,""url"":""https://api.github.com/repos/hanhyung6376/react/commits/5a75f8091331d71cf8203212738c103cbf027cd0""}]",,,,,,,,,,
18164926035,PullRequestEvent,true,2021-09-27 13:44:58.000000 UTC,39814207,pull[bot],406072705,suddenlyGiovanni/react,,,,,,,,"""opened""",15,,,,,,,,
18164816108,DeleteEvent,true,2021-09-27 13:39:01.000000 UTC,17539174,wangchengming666,395554123,wangchengming666/dubbo,"""fix-#8339""","""branch""","""user""",,,,,,,,,,,,,,
18164937951,DeleteEvent,true,2021-09-27 13:45:37.000000 UTC,17539174,wangchengming666,395554123,wangchengming666/dubbo,"""enhance-AvailableClusterInvoker-unit-test""","""branch""","""user""",,,,,,,,,,,,,,
18164111374,CreateEvent,true,2021-09-27 13:00:57.000000 UTC,68712698,carbondeveloper,410885696,carbondeveloper/phoenix,"""master""","""branch""","""user""",,,,,,,,,,,,,,
18164111061,CreateEvent,true,2021-09-27 13:00:56.000000 UTC,68712698,carbondeveloper,410885696,carbondeveloper/phoenix,,"""repository""","""user""",,,,,,,,,,,,,,
18164179221,PullRequestEvent,true,2021-09-27 13:04:29.000000 UTC,39814207,pull[bot],157488097,greedisgoood/tensorflow,,,,,,,,"""opened""",1016,,,,,,,,
18164398794,PushEvent,true,2021-09-27 13:16:11.000000 UTC,41898282,github-actions[bot],159692533,smalltalkman/tensorflow,"""refs/heads/master""",,,8022616064,4,4,"[{""sha"":""a163ecfbe2cded83fcf960516754bf78b061e9c0"",""author"":{""name"":""Adrian Kuegel"",""email"":""576389c0b07786a91efdf2778233c297d15750c4@google.com""},""message"":""Enable MLIR generated Sigmoid GPU kernel by default.\n\nPiperOrigin-RevId: 399166253\nChange-Id: If71a566f63108ad5067417e77b2e394287a1f5b8"",""distinct"":true,""url"":""https://api.github.com/repos/smalltalkman/tensorflow/commits/a163ecfbe2cded83fcf960516754bf78b061e9c0""},{""sha"":""75fd1c868956e0aa41efa439dbc04331b7f55e75"",""author"":{""name"":""A. Unique TensorFlower"",""email"":""746aced590a184ef4169166e753f7c211e32e5fc@tensorflow.org""},""message"":""[XLA:TPU] Adding an experimental ApproxTopK op to XLA.\nThis op is only available for the TPU backend.\n\nPiperOrigin-RevId: 399167111\nChange-Id: I034f2d24983b47804ac07f07905e0e463886dd19"",""distinct"":true,""url"":""https://api.github.com/repos/smalltalkman/tensorflow/commits/75fd1c868956e0aa41efa439dbc04331b7f55e75""},{""sha"":""5ce3ff1f6ffa5bb46e516e697130e6e7a61fda64"",""author"":{""name"":""A. Unique TensorFlower"",""email"":""746aced590a184ef4169166e753f7c211e32e5fc@tensorflow.org""},""message"":""Go: Update generated wrapper functions for TensorFlow ops.\n\nPiperOrigin-RevId: 399168366\nChange-Id: Ib5def1f249633d34e3f9cdcfa56a0affd0843f07"",""distinct"":true,""url"":""https://api.github.com/repos/smalltalkman/tensorflow/commits/5ce3ff1f6ffa5bb46e516e697130e6e7a61fda64""},{""sha"":""7dc26e5fe5139b77de7886c965d04465a7228dc5"",""author"":{""name"":""A. Unique TensorFlower"",""email"":""746aced590a184ef4169166e753f7c211e32e5fc@tensorflow.org""},""message"":""[MLIR] Move `assuming_all` ops over assuming regions for broadcast propagation\n\nMoving `assuming_all` ops over assuming region unblocks merging assuming\nregions.\n\nPiperOrigin-RevId: 399170560\nChange-Id: I1a791a04cde1fb157ece57c3822e3e1e054ef4a9"",""distinct"":true,""url"":""https://api.github.com/repos/smalltalkman/tensorflow/commits/7dc26e5fe5139b77de7886c965d04465a7228dc5""}]",,,,,,,,,,
18164798519,PushEvent,true,2021-09-27 13:38:03.000000 UTC,37140466,mariiaStarikova,290851096,mariiaStarikova/terraform,"""refs/heads/master""",,,8022804904,1,1,"[{""sha"":""d7ea05184fbc770f222e5b9ba50c149b27f54315"",""author"":{""name"":""mariiaStarikova"",""email"":""2a33a94665f07093239b69d49ec206b86660c229@users.noreply.github.com""},""message"":""Create auto-test-tf-template-vmware.tf"",""distinct"":true,""url"":""https://api.github.com/repos/mariiaStarikova/terraform/commits/d7ea05184fbc770f222e5b9ba50c149b27f54315""}]",,,,,,,,,,
18164803459,PushEvent,true,2021-09-27 13:38:19.000000 UTC,37140466,mariiaStarikova,290851096,mariiaStarikova/terraform,"""refs/heads/master""",,,8022807241,1,1,"[{""sha"":""ff09bab477e30326948875b3eeb74ace135489f0"",""author"":{""name"":""mariiaStarikova"",""email"":""2a33a94665f07093239b69d49ec206b86660c229@users.noreply.github.com""},""message"":""Delete template-aws"",""distinct"":true,""url"":""https://api.github.com/repos/mariiaStarikova/terraform/commits/ff09bab477e30326948875b3eeb74ace135489f0""}]",,,,,,,,,,
18165086489,IssueCommentEvent,true,2021-09-27 13:53:34.000000 UTC,65553080,codecov-commenter,4710920,apache/dubbo,,,,,,,,"""created""",,,,,,,,,
18165196351,PullRequestReviewCommentEvent,true,2021-09-27 13:59:25.000000 UTC,17539174,wangchengming666,4710920,apache/dubbo,,,,,,,,"""created""",8925,,,,,,,,
18164263671,IssueCommentEvent,true,2021-09-27 13:09:00.000000 UTC,43994656,haoyann,4710920,apache/dubbo,,,,,,,,"""created""",,,,,,,,,
18165196370,PullRequestReviewEvent,true,2021-09-27 13:59:26.000000 UTC,17539174,wangchengming666,4710920,apache/dubbo,,,,,,,,"""created""",8925,,,"""commented""","""CONTRIBUTOR""",,,,
18164884369,IssuesEvent,true,2021-09-27 13:42:43.000000 UTC,41898282,github-actions[bot],15861701,apache/helix,,,,,,,,"""reopened""",,,,,,,,,
18165016345,IssueCommentEvent,true,2021-09-27 13:49:50.000000 UTC,29597,bvaughn,10270250,facebook/react,,,,,,,,"""created""",,,,,,,,,
18164389154,WatchEvent,true,2021-09-27 13:15:41.000000 UTC,8491676,it-nalon,10270250,facebook/react,,,,,,,,"""started""",,,,,,,,,
18164791239,IssueCommentEvent,true,2021-09-27 13:37:39.000000 UTC,29597,bvaughn,10270250,facebook/react,,,,,,,,"""created""",,,,,,,,,
18165195287,IssueCommentEvent,true,2021-09-27 13:59:23.000000 UTC,29597,bvaughn,10270250,facebook/react,,,,,,,,"""created""",,,,,,,,,
18165111128,WatchEvent,true,2021-09-27 13:54:54.000000 UTC,16531422,zzprice,1093228,cocos2d/cocos2d-x,,,,,,,,"""started""",,,,,,,,,
18164465566,ForkEvent,true,2021-09-27 13:19:49.000000 UTC,24863201,changgengzhang,1093228,cocos2d/cocos2d-x,,,,,,,,,,"""changgengzhang/cocos2d-x""",,,,,,,
18165112422,ForkEvent,true,2021-09-27 13:54:58.000000 UTC,16531422,zzprice,1093228,cocos2d/cocos2d-x,,,,,,,,,,"""zzprice/cocos2d-x""",,,,,,,
18164718594,IssueCommentEvent,true,2021-09-27 13:33:38.000000 UTC,3234522,DimitriPapadopoulos,843222,scikit-learn/scikit-learn,,,,,,,,"""created""",,,,,,,,,
18164984732,IssueCommentEvent,true,2021-09-27 13:48:09.000000 UTC,61125774,zeileis,843222,scikit-learn/scikit-learn,,,,,,,,"""created""",,,,,,,,,
18164171508,IssueCommentEvent,true,2021-09-27 13:04:05.000000 UTC,42650045,lobpcg,843222,scikit-learn/scikit-learn,,,,,,,,"""created""",,,,,,,,,
18164360695,IssueCommentEvent,true,2021-09-27 13:14:11.000000 UTC,35067,jbardin,17728164,hashicorp/terraform,,,,,,,,"""created""",,,,,,,,,
18164520780,IssueCommentEvent,true,2021-09-27 13:22:48.000000 UTC,28075512,shortpoet,17728164,hashicorp/terraform,,,,,,,,"""created""",,,,,,,,,
18164360790,IssuesEvent,true,2021-09-27 13:14:11.000000 UTC,35067,jbardin,17728164,hashicorp/terraform,,,,,,,,"""closed""",,,,,,,,,
18164857780,IssueCommentEvent,true,2021-09-27 13:41:16.000000 UTC,14796566,ianballou,4007018,Katello/katello,,,,,,,,"""created""",,,,,,,,,
18165120926,ForkEvent,true,2021-09-27 13:55:25.000000 UTC,9079861,LoickBriot,5108051,opencv/opencv,,,,,,,,,,"""LoickBriot/opencv""",,,,,,,
18164138241,ForkEvent,true,2021-09-27 13:02:20.000000 UTC,73385715,samuelkchris,5108051,opencv/opencv,,,,,,,,,,"""samuelkchris/opencv""",,,,,,,
18164341070,PushEvent,true,2021-09-27 13:13:08.000000 UTC,784056,elrumordelaluz,378192664,aurora-kit/react,"""refs/heads/main""",,,8022589097,1,1,"[{""sha"":""ffc336b5a6bb770668333065ca4122ce9d404de0"",""author"":{""name"":""Lionel"",""email"":""a155f6866400f0e011c5f0500d52b5262705a03e@hotmail.com""},""message"":""replace css variable"",""distinct"":true,""url"":""https://api.github.com/repos/aurora-kit/react/commits/ffc336b5a6bb770668333065ca4122ce9d404de0""}]",,,,,,,,,,
18164878477,PullRequestReviewEvent,true,2021-09-27 13:42:24.000000 UTC,1804568,thaJeztah,7691631,moby/moby,,,,,,,,"""created""",42835,,,"""commented""","""MEMBER""",,,,
18164722742,IssueCommentEvent,true,2021-09-27 13:33:52.000000 UTC,1804568,thaJeztah,7691631,moby/moby,,,,,,,,"""created""",,,,,,,,,
18164109133,PushEvent,true,2021-09-27 13:00:50.000000 UTC,19616653,ArmageddonKnight,204371788,UofT-EcoSystem/tensorflow,"""refs/heads/master""",,,8022480294,3,3,"[{""sha"":""a163ecfbe2cded83fcf960516754bf78b061e9c0"",""author"":{""name"":""Adrian Kuegel"",""email"":""576389c0b07786a91efdf2778233c297d15750c4@google.com""},""message"":""Enable MLIR generated Sigmoid GPU kernel by default.\n\nPiperOrigin-RevId: 399166253\nChange-Id: If71a566f63108ad5067417e77b2e394287a1f5b8"",""distinct"":true,""url"":""https://api.github.com/repos/UofT-EcoSystem/tensorflow/commits/a163ecfbe2cded83fcf960516754bf78b061e9c0""},{""sha"":""75fd1c868956e0aa41efa439dbc04331b7f55e75"",""author"":{""name"":""A. Unique TensorFlower"",""email"":""746aced590a184ef4169166e753f7c211e32e5fc@tensorflow.org""},""message"":""[XLA:TPU] Adding an experimental ApproxTopK op to XLA.\nThis op is only available for the TPU backend.\n\nPiperOrigin-RevId: 399167111\nChange-Id: I034f2d24983b47804ac07f07905e0e463886dd19"",""distinct"":true,""url"":""https://api.github.com/repos/UofT-EcoSystem/tensorflow/commits/75fd1c868956e0aa41efa439dbc04331b7f55e75""},{""sha"":""5ce3ff1f6ffa5bb46e516e697130e6e7a61fda64"",""author"":{""name"":""A. Unique TensorFlower"",""email"":""746aced590a184ef4169166e753f7c211e32e5fc@tensorflow.org""},""message"":""Go: Update generated wrapper functions for TensorFlow ops.\n\nPiperOrigin-RevId: 399168366\nChange-Id: Ib5def1f249633d34e3f9cdcfa56a0affd0843f07"",""distinct"":true,""url"":""https://api.github.com/repos/UofT-EcoSystem/tensorflow/commits/5ce3ff1f6ffa5bb46e516e697130e6e7a61fda64""}]",,,,,,,,,,
18164129936,DeleteEvent,true,2021-09-27 13:01:54.000000 UTC,45942572,SiarheiSakharevich,337402726,saby/react,"""21.5100/mergerator/270921_160144""","""branch""","""user""",,,,,,,,,,,,,,
18164130097,CreateEvent,true,2021-09-27 13:01:55.000000 UTC,45942572,SiarheiSakharevich,337402726,saby/react,"""21.5100/mergerator/270921_160144""","""branch""","""user""",,,,,,,,,,,,,,
18164095133,WatchEvent,true,2021-09-27 13:00:06.000000 UTC,21615313,erfankorki,135786093,typescript-cheatsheets/react,,,,,,,,"""started""",,,,,,,,,
18165074535,PushEvent,true,2021-09-27 13:52:57.000000 UTC,10389889,zhangyz-hd,345975894,70-cloud-lab/dubbo,"""refs/heads/master""",,,8022933709,13,13,"[{""sha"":""5313beec34b4fa53eb6e156ecef5cd5f4ecdd9e7"",""author"":{""name"":""zrlw"",""email"":""c3ee052b6ab7be3c31be82ee641dda519078ac4b@sina.com""},""message"":""fix StringIndexOutOfBoundsException at addParam() (#8801)"",""distinct"":true,""url"":""https://api.github.com/repos/70-cloud-lab/dubbo/commits/5313beec34b4fa53eb6e156ecef5cd5f4ecdd9e7""},{""sha"":""e39e4945c2f2b1ed3d6a457020e783a9a09ed288"",""author"":{""name"":""zrlw"",""email"":""c3ee052b6ab7be3c31be82ee641dda519078ac4b@sina.com""},""message"":""[master] do not show the warning at first replaceWithLazyClient() (#8815)\n\n* not warning at first replaceWithLazyClient()\r\n\r\n* fix UT test_counter_error\r\n\r\n* fix LazyConnectExchangeClient\r\n\r\n* fix ReferenceCountExchangeClientTest\r\n\r\n* change warning period variable name\r\n\r\n* change variable name warningPeriod"",""distinct"":true,""url"":""https://api.github.com/repos/70-cloud-lab/dubbo/commits/e39e4945c2f2b1ed3d6a457020e783a9a09ed288""},{""sha"":""039525adfc0b76ef038db0e4ba574ce837eaa2f0"",""author"":{""name"":""zrlw"",""email"":""c3ee052b6ab7be3c31be82ee641dda519078ac4b@sina.com""},""message"":""[master] add zookeeper node data created event check (#8834)\n\n* add zookeeper node data created event check\r\n\r\n* add NodeCreated process\r\n\r\n* add missed else condition"",""distinct"":true,""url"":""https://api.github.com/repos/70-cloud-lab/dubbo/commits/039525adfc0b76ef038db0e4ba574ce837eaa2f0""},{""sha"":""6dc17306957524c48df1798856d376c43b04cfeb"",""author"":{""name"":""changfu"",""email"":""f4d94bcc7a92a9d45de109fe96f47267530c7808@gmail.com""},""message"":""fix #8770: provider remove @Lazy support. (#8854)"",""distinct"":true,""url"":""https://api.github.com/repos/70-cloud-lab/dubbo/commits/6dc17306957524c48df1798856d376c43b04cfeb""},{""sha"":""47053e5a41e5d4610e2c71994031d1502b7928ce"",""author"":{""name"":""candy"",""email"":""ca59fe927eabdd212a348dce8ce8ccbae73e940f@users.noreply.github.com""},""message"":""[master] Remove useless code. (#8858)"",""distinct"":true,""url"":""https://api.github.com/repos/70-cloud-lab/dubbo/commits/47053e5a41e5d4610e2c71994031d1502b7928ce""},{""sha"":""15d16f629aaf06002ea40003b1a05f1a24c79097"",""author"":{""name"":""zrlw"",""email"":""c3ee052b6ab7be3c31be82ee641dda519078ac4b@sina.com""},""message"":""fix NPE (#8837)"",""distinct"":true,""url"":""https://api.github.com/repos/70-cloud-lab/dubbo/commits/15d16f629aaf06002ea40003b1a05f1a24c79097""},{""sha"":""f175e9843a3872ebc6567bfa1ca610a76b920b0c"",""author"":{""name"":""changfu"",""email"":""f4d94bcc7a92a9d45de109fe96f47267530c7808@gmail.com""},""message"":""fix #8855 remove @Service in java doc and comment (#8856)\n\n* fix #8855 remove @Service in java doc and comment\r\n\r\n* recovery wrong fix"",""distinct"":true,""url"":""https://api.github.com/repos/70-cloud-lab/dubbo/commits/f175e9843a3872ebc6567bfa1ca610a76b920b0c""},{""sha"":""db175899d73966f52bbd1a9043503ca749a107e8"",""author"":{""name"":""candy"",""email"":""ca59fe927eabdd212a348dce8ce8ccbae73e940f@users.noreply.github.com""},""message"":""[2.7.x] Fix CountDownLatch not being released(#8845) (#8862)"",""distinct"":true,""url"":""https://api.github.com/repos/70-cloud-lab/dubbo/commits/db175899d73966f52bbd1a9043503ca749a107e8""},{""sha"":""d1644b760d3b2f997daa532752b9cd0603eb93ef"",""author"":{""name"":""zrlw"",""email"":""c3ee052b6ab7be3c31be82ee641dda519078ac4b@sina.com""},""message"":""[master] add destroy() calling to close tomcat server port (#8921)\n\n* add destroy() calling to close tomcat server port\r\n\r\n* improve javadoc for isPortInUsed()"",""distinct"":true,""url"":""https://api.github.com/repos/70-cloud-lab/dubbo/commits/d1644b760d3b2f997daa532752b9cd0603eb93ef""},{""sha"":""4af59252c1dfb4027b45322c7094e9247e3c835e"",""author"":{""name"":""Wang Chengming"",""email"":""797b11b27820feac74f983f7807e06052f220378@qq.com""},""message"":""MultipleRegistry remove duplicate URL (#8899)"",""distinct"":true,""url"":""https://api.github.com/repos/70-cloud-lab/dubbo/commits/4af59252c1dfb4027b45322c7094e9247e3c835e""},{""sha"":""b3120b5dfbffd68cc3cc9904aa05a13aac57b85e"",""author"":{""name"":""zrlw"",""email"":""c3ee052b6ab7be3c31be82ee641dda519078ac4b@sina.com""},""message"":""reset the client value of LazyConnectExchangeClient after close (#8882)"",""distinct"":true,""url"":""https://api.github.com/repos/70-cloud-lab/dubbo/commits/b3120b5dfbffd68cc3cc9904aa05a13aac57b85e""},{""sha"":""881fd1f2d46379ea16ad59094028e0ea431c42bc"",""author"":{""name"":""Wang Chengming"",""email"":""797b11b27820feac74f983f7807e06052f220378@qq.com""},""message"":""fix #8339, remove duplicate validation (#8903)"",""distinct"":true,""url"":""https://api.github.com/repos/70-cloud-lab/dubbo/commits/881fd1f2d46379ea16ad59094028e0ea431c42bc""},{""sha"":""a38e4fb9eda8760ee7069c19c9c921142e746696"",""author"":{""name"":""zrlw"",""email"":""c3ee052b6ab7be3c31be82ee641dda519078ac4b@sina.com""},""message"":""catch handler.caught() throwable of MultiMessageHandler (#8931)"",""distinct"":true,""url"":""https://api.github.com/repos/70-cloud-lab/dubbo/commits/a38e4fb9eda8760ee7069c19c9c921142e746696""}]",,,,,,,,,,
18165019560,PullRequestEvent,true,2021-09-27 13:50:00.000000 UTC,5459824,jakubdyszkiewicz,175425051,kumahq/kuma,,,,,,,,"""opened""",2837,,,,,,,,
18164834796,PullRequestEvent,true,2021-09-27 13:40:02.000000 UTC,39814207,pull[bot],317794955,jamlee-t/moby,,,,,,,,"""closed""",135,,,,,,,,
18165085616,PullRequestEvent,true,2021-09-27 13:53:32.000000 UTC,39814207,pull[bot],301623188,Uncodedtech/react,,,,,,,,"""opened""",80,,,,,,,,
18165123255,PushEvent,true,2021-09-27 13:55:32.000000 UTC,39814207,pull[bot],301623188,Uncodedtech/react,"""refs/heads/main""",,,8022956389,1,1,"[{""sha"":""9a2bd4583ca5d725ea77adb759c224aa1328b391"",""author"":{""name"":""Sebastian Silbermann"",""email"":""84fc128bc6cda84e77606b9e3bddd28c2b9ce031@gmail.com""},""message"":""chore: Commit formatted readme when  generating (#458)"",""distinct"":true,""url"":""https://api.github.com/repos/Uncodedtech/react/commits/9a2bd4583ca5d725ea77adb759c224aa1328b391""}]",,,,,,,,,,
18165123540,PullRequestEvent,true,2021-09-27 13:55:33.000000 UTC,39814207,pull[bot],301623188,Uncodedtech/react,,,,,,,,"""closed""",80,,,,,,,,
18163134164,PushEvent,true,2021-09-27 12:00:17.000000 UTC,6508,vdemeester,32953007,vdemeester/moby,"""refs/heads/master""",,,8022009579,5,5,"[{""sha"":""ec9c8545f8408e747f283a33d4552187f6cec13f"",""author"":{""name"":""Sebastiaan van Stijn"",""email"":""64b2b6d12bfe4baae7dad3d018f8cbf6b0e7a044@gone.nl""},""message"":""Makefile: remove passing proxy env-vars\n\nDocker 17.07 and up allow the CLI to be configured to set default proxy\nenv-vars to be used (both as build-arg and as env for docker run), see\ndocker/cli#93, so setting these here should be redundant. If someone\nneeds these env-vars set, they should be configured in the cli's\n`~/.docker/config.json` instead.\n\nSigned-off-by: Sebastiaan van Stijn <github@gone.nl>"",""distinct"":true,""url"":""https://api.github.com/repos/vdemeester/moby/commits/ec9c8545f8408e747f283a33d4552187f6cec13f""},{""sha"":""b954e4793bd204c847b271545af4f19f145d4e54"",""author"":{""name"":""Sebastiaan van Stijn"",""email"":""64b2b6d12bfe4baae7dad3d018f8cbf6b0e7a044@gone.nl""},""message"":""Dockerfile: move installers into Dockerfile\n\nThis moves installers that are only used during CI into the Dockerfile. Some\ninstallers are still used in the release-pipeline, so keeping thos for now.\n\nSigned-off-by: Sebastiaan van Stijn <github@gone.nl>"",""distinct"":true,""url"":""https://api.github.com/repos/vdemeester/moby/commits/b954e4793bd204c847b271545af4f19f145d4e54""},{""sha"":""ce715505bd4bf52a6c0f934672e872d70e892f5b"",""author"":{""name"":""Sebastiaan van Stijn"",""email"":""64b2b6d12bfe4baae7dad3d018f8cbf6b0e7a044@gone.nl""},""message"":""Dockerfile: update test-registries to released versions\n\n- using v2.1.0 for the \""v1\"" registry (last release with only v1)\n- using v2.3.0 as \""current\"" version (was v2.3.0-rc.0)\n\nSigned-off-by: Sebastiaan van Stijn <github@gone.nl>"",""distinct"":true,""url"":""https://api.github.com/repos/vdemeester/moby/commits/ce715505bd4bf52a6c0f934672e872d70e892f5b""},{""sha"":""4145c81d8271eceab65e4600ebdce7d1421b337e"",""author"":{""name"":""Sebastiaan van Stijn"",""email"":""2b34a3e3e055981c6c83bcd4f9afd06751b4ac0e@users.noreply.github.com""},""message"":""Merge pull request #42880 from thaJeztah/makefile_proxy_vars\n\nMakefile: remove passing proxy env-vars"",""distinct"":true,""url"":""https://api.github.com/repos/vdemeester/moby/commits/4145c81d8271eceab65e4600ebdce7d1421b337e""},{""sha"":""306fa44b7ca59282dc8695e6d169c5b25698d0cb"",""author"":{""name"":""Akihiro Suda"",""email"":""10ddef0dea2a66ab193b07198faa879adcb213d8@hco.ntt.co.jp""},""message"":""Merge pull request #42881 from thaJeztah/dockerfile_rewrite\n\nDockerfile: move installers into Dockerfile, and update registry versions"",""distinct"":true,""url"":""https://api.github.com/repos/vdemeester/moby/commits/306fa44b7ca59282dc8695e6d169c5b25698d0cb""}]",,,,,,,,,,
18163434820,PushEvent,true,2021-09-27 12:18:43.000000 UTC,47391,joshrose,139760380,joshrose/tensorflow,"""refs/heads/master""",,,8022151267,25,25,"[{""sha"":""6a41d5b2c95469e9c9b722948216fa3395287d5d"",""author"":{""name"":""A. Unique TensorFlower"",""email"":""746aced590a184ef4169166e753f7c211e32e5fc@tensorflow.org""},""message"":""[XLA:SPMD] Only pass through operand sharding for concat when aggressiveness == 0 only if it follows the pattern of repeated layer's params.\n\nPiperOrigin-RevId: 398937191\nChange-Id: I4cf913d3aaffa3705baf7ebb6e6cc0483ea0c851"",""distinct"":true,""url"":""https://api.github.com/repos/joshrose/tensorflow/commits/6a41d5b2c95469e9c9b722948216fa3395287d5d""},{""sha"":""af23f534d152a17f08f459988d211ec01ef2f461"",""author"":{""name"":""A. Unique TensorFlower"",""email"":""746aced590a184ef4169166e753f7c211e32e5fc@tensorflow.org""},""message"":""Go: Update generated wrapper functions for TensorFlow ops.\n\nPiperOrigin-RevId: 398952407\nChange-Id: I823d877af7cd05ba91a71387875ce156d0179f2e"",""distinct"":true,""url"":""https://api.github.com/repos/joshrose/tensorflow/commits/af23f534d152a17f08f459988d211ec01ef2f461""},{""sha"":""fbe0f4cc644284d03058629f6d821b28792ba8f1"",""author"":{""name"":""A. Unique TensorFlower"",""email"":""746aced590a184ef4169166e753f7c211e32e5fc@tensorflow.org""},""message"":""Go: Update generated wrapper functions for TensorFlow ops.\n\nPiperOrigin-RevId: 398961234\nChange-Id: Iab85cf2e863511acbc90f3a199891ad770f10cbc"",""distinct"":true,""url"":""https://api.github.com/repos/joshrose/tensorflow/commits/fbe0f4cc644284d03058629f6d821b28792ba8f1""},{""sha"":""9f20526122e4fc84f74b224db0a4c7101d9421dd"",""author"":{""name"":""A. Unique TensorFlower"",""email"":""746aced590a184ef4169166e753f7c211e32e5fc@tensorflow.org""},""message"":""Go: Update generated wrapper functions for TensorFlow ops.\n\nPiperOrigin-RevId: 398970202\nChange-Id: I1482ad70dc9deeebdd29ad8577be15ec0ecbf399"",""distinct"":true,""url"":""https://api.github.com/repos/joshrose/tensorflow/commits/9f20526122e4fc84f74b224db0a4c7101d9421dd""},{""sha"":""9f46ec76df5754fb9f6103bbf82bc8a5038f71dc"",""author"":{""name"":""A. Unique TensorFlower"",""email"":""746aced590a184ef4169166e753f7c211e32e5fc@tensorflow.org""},""message"":""Go: Update generated wrapper functions for TensorFlow ops.\n\nPiperOrigin-RevId: 398988524\nChange-Id: Ie0bc89d0593129eac4ebac6de6633100650c9ca1"",""distinct"":true,""url"":""https://api.github.com/repos/joshrose/tensorflow/commits/9f46ec76df5754fb9f6103bbf82bc8a5038f71dc""},{""sha"":""4516c9dd4b2a47d14c0d2aa1516ca0fbd79aecec"",""author"":{""name"":""A. Unique TensorFlower"",""email"":""746aced590a184ef4169166e753f7c211e32e5fc@tensorflow.org""},""message"":""compat: Update forward compatibility horizon to 2021-09-26\n\nPiperOrigin-RevId: 399008805\nChange-Id: Ieee4bfa9d3afd046df47eb5972136592ae3e7a20"",""distinct"":true,""url"":""https://api.github.com/repos/joshrose/tensorflow/commits/4516c9dd4b2a47d14c0d2aa1516ca0fbd79aecec""},{""sha"":""67535121544bf0f702df3b2fd97ee130cff9fe5f"",""author"":{""name"":""A. Unique TensorFlower"",""email"":""746aced590a184ef4169166e753f7c211e32e5fc@tensorflow.org""},""message"":""Update GraphDef version to 901.\n\nPiperOrigin-RevId: 399008806\nChange-Id: I1d91cb1a207f040a1841037dc6c1ff6eba9d6c6b"",""distinct"":true,""url"":""https://api.github.com/repos/joshrose/tensorflow/commits/67535121544bf0f702df3b2fd97ee130cff9fe5f""},{""sha"":""2d165079cf95b9945619d6b294681d605ad3e2fe"",""author"":{""name"":""A. Unique TensorFlower"",""email"":""746aced590a184ef4169166e753f7c211e32e5fc@tensorflow.org""},""message"":""Go: Update generated wrapper functions for TensorFlow ops.\n\nPiperOrigin-RevId: 399017587\nChange-Id: I0e3c064d79a0554ef5ade59a1f83b9f41e16ac5a"",""distinct"":true,""url"":""https://api.github.com/repos/joshrose/tensorflow/commits/2d165079cf95b9945619d6b294681d605ad3e2fe""},{""sha"":""37cacc485defb9855c4983326cbed48da684b8e5"",""author"":{""name"":""Blake Hechtman"",""email"":""b7e6ede6c0dce642aea514111977e2ba2248ed91@google.com""},""message"":""[XLA] Correctly handle the types of zeros in dot and convolution since they natively support mixed precision.\n\nPiperOrigin-RevId: 399032916\nChange-Id: Id55552d05f4fe6f14f9be7628d1c9d86e03fa646"",""distinct"":true,""url"":""https://api.github.com/repos/joshrose/tensorflow/commits/37cacc485defb9855c4983326cbed48da684b8e5""},{""sha"":""be2e72640722086b8382054a5ad438ee997fbc5d"",""author"":{""name"":""A. Unique TensorFlower"",""email"":""746aced590a184ef4169166e753f7c211e32e5fc@tensorflow.org""},""message"":""Go: Update generated wrapper functions for TensorFlow ops.\n\nPiperOrigin-RevId: 399054855\nChange-Id: Ic2149ac84967db0c9ae2f044c0ccb8888366f2d2"",""distinct"":true,""url"":""https://api.github.com/repos/joshrose/tensorflow/commits/be2e72640722086b8382054a5ad438ee997fbc5d""},{""sha"":""305d30ce6130d0d621746a59dc3116c5824ab523"",""author"":{""name"":""Mehdi Amini"",""email"":""808100943be7b7010123d78912f654820a5ee1c1@google.com""},""message"":""Fix MSAN failure in TF-XLA lowering\n\nThis is an issue with an ArrayRef with content going out of scope at the end of the expression.\n\nPiperOrigin-RevId: 399055398\nChange-Id: Ieb7c4c1ce3cf77b5000553fb13b254961f187bd3"",""distinct"":true,""url"":""https://api.github.com/repos/joshrose/tensorflow/commits/305d30ce6130d0d621746a59dc3116c5824ab523""},{""sha"":""e05e0f6068c55056c7be00e7c4e8281cafde59cf"",""author"":{""name"":""A. Unique TensorFlower"",""email"":""746aced590a184ef4169166e753f7c211e32e5fc@tensorflow.org""},""message"":""Go: Update generated wrapper functions for TensorFlow ops.\n\nPiperOrigin-RevId: 399083662\nChange-Id: I7025a7710ac2582f05cdcd4116b654fddc658a53"",""distinct"":true,""url"":""https://api.github.com/repos/joshrose/tensorflow/commits/e05e0f6068c55056c7be00e7c4e8281cafde59cf""},{""sha"":""9aecb36fa51c64e07b38e00639bec87a992c3170"",""author"":{""name"":""Jing Dong"",""email"":""d30e2b8d11e514c224487cb7c6b7b0ab8b9fd9fd@google.com""},""message"":""Move tpu_runner out of experimental directory as it is now being deployed in prodution.\n\nWe will move the test files and tpu_fused_kernel directory out of the experimental directory in follow up CLs.\n\nPiperOrigin-RevId: 399087254\nChange-Id: Ifddeb5f7eba9ae87eaf8edcc4a914aa17ebb3e63"",""distinct"":true,""url"":""https://api.github.com/repos/joshrose/tensorflow/commits/9aecb36fa51c64e07b38e00639bec87a992c3170""},{""sha"":""d9d2b4498923dde31cce0e7d2f0e0f828a591a98"",""author"":{""name"":""Thai Nguyen"",""email"":""77c7cb715bbfb6a72d1c8dd380160fd6eb2ba9c0@google.com""},""message"":""Refactoring: Move all metric-related code to a common directory\n\nThis makes the file structure cleaner as it collects all metric-related file under \""lite/python/\"" and it makes more sense for \""converter_error_data.proto\"" to stay under a directory named \""metrics\"" than \""metrics_wrapper\"".\n\nBesides, at the moment, if we want to add a new metric-related file, we have to choose between adding it to \""metrics_wrapper\"" (which might not match the purpose of the new file) and \""lite/python/\"" (which is too general and already crowded). Having a \""metrics\"" directory will fill that gap.\n\nPiperOrigin-RevId: 399091254\nChange-Id: I789eca7d8699b2c786b6c4b6e8f2c6daf8f9a369"",""distinct"":true,""url"":""https://api.github.com/repos/joshrose/tensorflow/commits/d9d2b4498923dde31cce0e7d2f0e0f828a591a98""},{""sha"":""866bade85dec9a231350201fb147f9381eee55c7"",""author"":{""name"":""Stella Laurenzo"",""email"":""6e272f397544edbefaff5c117839061e3c31e01f@google.com""},""message"":""Remove deprecation on int64 type.\n\nI have half a million lines of log-spew in my CI from this and clearly there has been ~no effort in the codebase to actually stop using it. Please do not deprecate such a critical type until at least its own codebase has substantially migrated off of it.\n\nPiperOrigin-RevId: 399093429\nChange-Id: I807d9e6c79c4c33f4a50f88ba28fe5fda194ddd4"",""distinct"":true,""url"":""https://api.github.com/repos/joshrose/tensorflow/commits/866bade85dec9a231350201fb147f9381eee55c7""},{""sha"":""e37a3a8341b1d4a600d82abe5daa8d79ad5f59cd"",""author"":{""name"":""A. Unique TensorFlower"",""email"":""746aced590a184ef4169166e753f7c211e32e5fc@tensorflow.org""},""message"":""Go: Update generated wrapper functions for TensorFlow ops.\n\nPiperOrigin-RevId: 399104960\nChange-Id: I49bb85868f907fcefe5da405f0978242e9337999"",""distinct"":true,""url"":""https://api.github.com/repos/joshrose/tensorflow/commits/e37a3a8341b1d4a600d82abe5daa8d79ad5f59cd""},{""sha"":""9ffa4a9d9e3e4d3c0f00ca90e3845cbe0f1dba72"",""author"":{""name"":""A. Unique TensorFlower"",""email"":""746aced590a184ef4169166e753f7c211e32e5fc@tensorflow.org""},""message"":""Go: Update generated wrapper functions for TensorFlow ops.\n\nPiperOrigin-RevId: 399116682\nChange-Id: I536914a8ae8cdc6423ef416ff38a3460dd63fa90"",""distinct"":true,""url"":""https://api.github.com/repos/joshrose/tensorflow/commits/9ffa4a9d9e3e4d3c0f00ca90e3845cbe0f1dba72""},{""sha"":""ab6d2f4442e92b058e2e6c7ff40d5094cd9a48cc"",""author"":{""name"":""Christian Sigg"",""email"":""bf0bb771be8a27677291ada19f594af5450440c6@google.com""},""message"":""Remove unused lit_test() macro.\n\nPiperOrigin-RevId: 399133502\nChange-Id: I7c96b95806a5b06d39a4fed1dc0249deb8e07ec7"",""distinct"":true,""url"":""https://api.github.com/repos/joshrose/tensorflow/commits/ab6d2f4442e92b058e2e6c7ff40d5094cd9a48cc""},{""sha"":""ebea4a60f0557f7b1c906c81b308a3a738c4d234"",""author"":{""name"":""A. Unique TensorFlower"",""email"":""746aced590a184ef4169166e753f7c211e32e5fc@tensorflow.org""},""message"":""Go: Update generated wrapper functions for TensorFlow ops.\n\nPiperOrigin-RevId: 399133830\nChange-Id: I33fb9d930694179b5acda6695e9c0dd6b61d8329"",""distinct"":true,""url"":""https://api.github.com/repos/joshrose/tensorflow/commits/ebea4a60f0557f7b1c906c81b308a3a738c4d234""},{""sha"":""8d174a2dc65dd86d437efd72de27ce1ed3d73470"",""author"":{""name"":""A. Unique TensorFlower"",""email"":""746aced590a184ef4169166e753f7c211e32e5fc@tensorflow.org""},""message"":""Update GraphDef version to 902.\n\nPiperOrigin-RevId: 399136060\nChange-Id: Ic4b0ae4152e9dbcd1ad9f6b240c92c900824a617"",""distinct"":true,""url"":""https://api.github.com/repos/joshrose/tensorflow/commits/8d174a2dc65dd86d437efd72de27ce1ed3d73470""}]",,,,,,,,,,
18163886754,PushEvent,true,2021-09-27 12:47:53.000000 UTC,266755,jjeffers,175842148,jjeffers/katello,"""refs/heads/33557_create_ostree_repository""",,,8022371137,2,2,"[{""sha"":""939b63013f3c47c7128ed3a9f3c00316566081de"",""author"":{""name"":""James Jeffers"",""email"":""7e66d8e7404d9fb110ca3890d2026fc5a28e215f@redhat.com""},""message"":""Fixes #33557 - skip tests for now"",""distinct"":true,""url"":""https://api.github.com/repos/jjeffers/katello/commits/939b63013f3c47c7128ed3a9f3c00316566081de""},{""sha"":""4f38f2312039e71989d76dbe8a0d82b7289d0e11"",""author"":{""name"":""James Jeffers"",""email"":""7e66d8e7404d9fb110ca3890d2026fc5a28e215f@redhat.com""},""message"":""Fixes #33557 - trimming uneeded options"",""distinct"":true,""url"":""https://api.github.com/repos/jjeffers/katello/commits/4f38f2312039e71989d76dbe8a0d82b7289d0e11""}]",,,,,,,,,,
18163232256,PushEvent,true,2021-09-27 12:06:22.000000 UTC,304757,stoty,200856537,stoty/phoenix,"""refs/heads/PHOENIX-6557""",,,8022054988,8,8,"[{""sha"":""4e63157ec3f8c45a952961381dd22a480bd704a9"",""author"":{""name"":""Istvan Toth"",""email"":""a03c1e2834d1d2738e22668d816c6ff6b73cf552@apache.org""},""message"":""PHOENIX-6537 Fix CI pipeline and upgrade Yetus\n\nupdate Yetus to 0.13\nupdate Yetus personality to patch in mvn verify in the yetus module\nupdate Yetus personality to not rebuild hbase twice\nskip shaded and assembly modules during CI\nupdate Jacoco maven plugin to 0.8.7\ndisable Jacoco for CI runs\nincrease test kill timeout for Failsafe\nupdate Surefire/Failsafe maven plugin to 3.0.0-M5\nrefactor Junit @Category annotations for new Surefire/failsafe version\nupdate OWASP maven plugin to 6.3.1\ncreate /var/run in Yetus docker images for gpg\nfix hbase table cleanup code in BaseTest"",""distinct"":true,""url"":""https://api.github.com/repos/stoty/phoenix/commits/4e63157ec3f8c45a952961381dd22a480bd704a9""},{""sha"":""7b5a67e43d92d208bfc2ca472e9aba57ac55cb36"",""author"":{""name"":""Istvan Toth"",""email"":""a03c1e2834d1d2738e22668d816c6ff6b73cf552@apache.org""},""message"":""PHOENIX-6537 Fix CI pipeline and upgrade Yetus (addendum: fix pomment in pom)"",""distinct"":true,""url"":""https://api.github.com/repos/stoty/phoenix/commits/7b5a67e43d92d208bfc2ca472e9aba57ac55cb36""},{""sha"":""a95257ee3c2472d404cf99fb90926d8f389a7321"",""author"":{""name"":""Istvan Toth"",""email"":""a03c1e2834d1d2738e22668d816c6ff6b73cf552@apache.org""},""message"":""PHOENIX-6537 Fix CI pipeline and upgrade Yetus (addendum: update java 11 in Docker image)"",""distinct"":true,""url"":""https://api.github.com/repos/stoty/phoenix/commits/a95257ee3c2472d404cf99fb90926d8f389a7321""},{""sha"":""a22907a512c769e409542e651a2e3c651c303c8f"",""author"":{""name"":""Istvan Toth"",""email"":""a03c1e2834d1d2738e22668d816c6ff6b73cf552@apache.org""},""message"":""PHOENIX-6537 Fix CI pipeline and upgrade Yetus (addendum: HBase 2.2.7 cannot be built with Java 11)"",""distinct"":true,""url"":""https://api.github.com/repos/stoty/phoenix/commits/a22907a512c769e409542e651a2e3c651c303c8f""},{""sha"":""8c68fe435d0cc7d8bc69ccb05bc6536ba5647113"",""author"":{""name"":""Istvan Toth"",""email"":""a03c1e2834d1d2738e22668d816c6ff6b73cf552@apache.org""},""message"":""PHOENIX-6537 Fix CI pipeline and upgrade Yetus (addendum: fix Java 11 path)"",""distinct"":true,""url"":""https://api.github.com/repos/stoty/phoenix/commits/8c68fe435d0cc7d8bc69ccb05bc6536ba5647113""},{""sha"":""d75e5e4299504f74cda4e31801c44bc2d1493568"",""author"":{""name"":""Istvan Toth"",""email"":""a03c1e2834d1d2738e22668d816c6ff6b73cf552@apache.org""},""message"":""PHOENIX-6556 Log INPUT_TABLE_CONDITIONS for MR jobs"",""distinct"":true,""url"":""https://api.github.com/repos/stoty/phoenix/commits/d75e5e4299504f74cda4e31801c44bc2d1493568""},{""sha"":""c8d3bc5254f58759cf95053c7a22ff21313de949"",""author"":{""name"":""Istvan Toth"",""email"":""a03c1e2834d1d2738e22668d816c6ff6b73cf552@apache.org""},""message"":""PHOENIX-6557 Fix code problems flagged by SpotBugs as High priority"",""distinct"":true,""url"":""https://api.github.com/repos/stoty/phoenix/commits/c8d3bc5254f58759cf95053c7a22ff21313de949""},{""sha"":""ce24a2a2a75a6dafad371c497834ae45c576fbde"",""author"":{""name"":""Istvan Toth"",""email"":""a03c1e2834d1d2738e22668d816c6ff6b73cf552@apache.org""},""message"":""cleanups suggested in review"",""distinct"":true,""url"":""https://api.github.com/repos/stoty/phoenix/commits/ce24a2a2a75a6dafad371c497834ae45c576fbde""}]",,,,,,,,,,
18164051411,PushEvent,true,2021-09-27 12:57:36.000000 UTC,1924534,ArkenKiran,377796602,ArkenKiran/phoenix,"""refs/heads/PHOENIX-6520-4.16""",,,8022451550,1,1,"[{""sha"":""c9e00586038873d8f43dd5230c5751de9d5bd4d3"",""author"":{""name"":""Kiran Kumar Maturi"",""email"":""dfacb3be8ba22209c245e7c84070f926257218e2@gmail.com""},""message"":""changes for logging query identifier for update and query"",""distinct"":true,""url"":""https://api.github.com/repos/ArkenKiran/phoenix/commits/c9e00586038873d8f43dd5230c5751de9d5bd4d3""}]",,,,,,,,,,
18163330618,PushEvent,true,2021-09-27 12:12:20.000000 UTC,3234522,DimitriPapadopoulos,406690667,DimitriPapadopoulos/scikit-learn,"""refs/heads/scipy_externals""",,,8022101132,1,1,"[{""sha"":""6ece83d0de6822d7fb507ea8ccde03dae7997a08"",""author"":{""name"":""Dimitri Papadopoulos"",""email"":""cadff36249149a6a16cb05b20ee2bf0e101c0f1f@users.noreply.github.com""},""message"":""from __future__ import: not needed in Python 3\n\nWhile these files originate in SciPy, they have been removed from SciPy\nand are now maintained here."",""distinct"":true,""url"":""https://api.github.com/repos/DimitriPapadopoulos/scikit-learn/commits/6ece83d0de6822d7fb507ea8ccde03dae7997a08""}]",,,,,,,,,,
18163998191,CreateEvent,true,2021-09-27 12:54:31.000000 UTC,3234522,DimitriPapadopoulos,406690667,DimitriPapadopoulos/scikit-learn,"""externals_utils""","""branch""","""user""",,,,,,,,,,,,,,
18163537330,PushEvent,true,2021-09-27 12:25:21.000000 UTC,3234522,DimitriPapadopoulos,406690667,DimitriPapadopoulos/scikit-learn,"""refs/heads/main""",,,8022200741,4,4,"[{""sha"":""20d5eaf42601b8216fe7daa2fb073d569d28a6b7"",""author"":{""name"":""赵丰 (Zhao Feng)"",""email"":""6d49ab6e7f5bcc3535fd28c1d8cd5d9ba85b4675@qq.com""},""message"":""DOC fix an import in the docsting of RationalQuadratic (#21156)"",""distinct"":true,""url"":""https://api.github.com/repos/DimitriPapadopoulos/scikit-learn/commits/20d5eaf42601b8216fe7daa2fb073d569d28a6b7""},{""sha"":""9ed1c6555885f9df1a3c3961662e0fcad4fb7b04"",""author"":{""name"":""EricEllwanger"",""email"":""a38ee1d0152bac93290666c041d692774b9a9e25@users.noreply.github.com""},""message"":""DOC Ensure StackingClassifier pass numpydoc validation (#21135)\n\nCo-authored-by: frellwan <frellwan@hotmail.com>\r\nCo-authored-by: Guillaume Lemaitre <g.lemaitre58@gmail.com>"",""distinct"":true,""url"":""https://api.github.com/repos/DimitriPapadopoulos/scikit-learn/commits/9ed1c6555885f9df1a3c3961662e0fcad4fb7b04""},{""sha"":""8d81fabec3a6b8303088aa9aa9f997bc0f0cf87c"",""author"":{""name"":""Guillaume Lemaitre"",""email"":""e5e78d384e205244ed69377c80930de68a2732ec@gmail.com""},""message"":""DOC move versionadded misplaced (#21162)"",""distinct"":true,""url"":""https://api.github.com/repos/DimitriPapadopoulos/scikit-learn/commits/8d81fabec3a6b8303088aa9aa9f997bc0f0cf87c""},{""sha"":""34e07d181673ec0f4e55eb4c116785632d3645ca"",""author"":{""name"":""Dimitri Papadopoulos Orfanos"",""email"":""cadff36249149a6a16cb05b20ee2bf0e101c0f1f@users.noreply.github.com""},""message"":""MAINT update externals/_lobpcg.py with upstream (#21163)"",""distinct"":true,""url"":""https://api.github.com/repos/DimitriPapadopoulos/scikit-learn/commits/34e07d181673ec0f4e55eb4c116785632d3645ca""}]",,,,,,,,,,
18163749280,PushEvent,true,2021-09-27 12:39:22.000000 UTC,3234522,DimitriPapadopoulos,406690667,DimitriPapadopoulos/scikit-learn,"""refs/heads/main""",,,8022304972,1,1,"[{""sha"":""2e3c32dcc1e99ad753dff4a9aa26657073883158"",""author"":{""name"":""Dimitri Papadopoulos Orfanos"",""email"":""cadff36249149a6a16cb05b20ee2bf0e101c0f1f@users.noreply.github.com""},""message"":""MNT sync externals/_pilutil.py with upstream (#21161)"",""distinct"":true,""url"":""https://api.github.com/repos/DimitriPapadopoulos/scikit-learn/commits/2e3c32dcc1e99ad753dff4a9aa26657073883158""}]",,,,,,,,,,
18163520835,CreateEvent,true,2021-09-27 12:24:16.000000 UTC,3234522,DimitriPapadopoulos,406690667,DimitriPapadopoulos/scikit-learn,"""externals_utils""","""branch""","""user""",,,,,,,,,,,,,,
18163789729,PushEvent,true,2021-09-27 12:41:59.000000 UTC,6538253,skailasa,389992938,skailasa/scikit-learn,"""refs/heads/main""",,,8022324946,1,1,"[{""sha"":""f58736003c389d5457dd93f0f0303db6275a9403"",""author"":{""name"":""Srinath Kailasa"",""email"":""cd4f6098927f5bf36ffdee025111d101ce414c46@gmail.com""},""message"":""Add random seed"",""distinct"":true,""url"":""https://api.github.com/repos/skailasa/scikit-learn/commits/f58736003c389d5457dd93f0f0303db6275a9403""}]",,,,,,,,,,
18163963884,PushEvent,true,2021-09-27 12:52:28.000000 UTC,7454015,glemaitre,49886894,glemaitre/scikit-learn,"""refs/heads/is/21134""",,,8022409018,1,1,"[{""sha"":""4fb184c492324336ff613182baaca7a4fce43d58"",""author"":{""name"":""Guillaume Lemaitre"",""email"":""e5e78d384e205244ed69377c80930de68a2732ec@gmail.com""},""message"":""iter"",""distinct"":true,""url"":""https://api.github.com/repos/glemaitre/scikit-learn/commits/4fb184c492324336ff613182baaca7a4fce43d58""}]",,,,,,,,,,
18163935138,PushEvent,true,2021-09-27 12:50:47.000000 UTC,10150602,Corefinder89,379685044,Corefinder89/phoenix,"""refs/heads/master""",,,8022394957,1,1,"[{""sha"":""88a6daa354e2939d627fd3a45b823533c61fe932"",""author"":{""name"":""Corefinder89"",""email"":""2ae758db3ad47a04c09cf8112cb9f028ac9e4c1f@outlook.com""},""message"":""Add readme mods"",""distinct"":true,""url"":""https://api.github.com/repos/Corefinder89/phoenix/commits/88a6daa354e2939d627fd3a45b823533c61fe932""}]",,,,,,,,,,
18163295175,CreateEvent,true,2021-09-27 12:10:12.000000 UTC,19588788,CrazyHZM,152715619,CrazyHZM/dubbo,"""feature/3.0.3_release""","""branch""","""user""",,,,,,,,,,,,,,
18163947676,CreateEvent,true,2021-09-27 12:51:32.000000 UTC,19588788,CrazyHZM,152715619,CrazyHZM/dubbo,"""feature/update_version""","""branch""","""user""",,,,,,,,,,,,,,
18163338917,WatchEvent,true,2021-09-27 12:12:51.000000 UTC,25034289,lutca1320,396207261,lutca1320/react,,,,,,,,"""started""",,,,,,,,,
18163823888,PushEvent,true,2021-09-27 12:44:04.000000 UTC,32765578,lukasalexanderweber,390612160,lukasalexanderweber/opencv,"""refs/heads/stitching_tutorial""",,,8022340905,1,1,"[{""sha"":""5d1096368ea7c9fe13d450816383b5da9a98a7d5"",""author"":{""name"":""Lukas Weber"",""email"":""c30d3b905128b4c567ea886b9a0d2c32d7d9302d@baw.de""},""message"":""fifth part of tutorial, added line size functionality for seam line drawing"",""distinct"":true,""url"":""https://api.github.com/repos/lukasalexanderweber/opencv/commits/5d1096368ea7c9fe13d450816383b5da9a98a7d5""}]",,,,,,,,,,
18163198466,PullRequestEvent,true,2021-09-27 12:04:20.000000 UTC,39814207,pull[bot],316426924,skyplaying/react,,,,,,,,"""opened""",28,,,,,,,,
18163782678,PushEvent,true,2021-09-27 12:41:32.000000 UTC,39814207,pull[bot],400825172,nittaya1990/scikit-learn,"""refs/heads/main""",,,8022321428,7,7,"[{""sha"":""1b51ae220ebd5249e640e0d418ea2d802a51a76d"",""author"":{""name"":""Juan Martin Loyola"",""email"":""bac18c3815d8dcc0c5d975b27af08b0c6f83bdab@outlook.com""},""message"":""DOC Ensures that MissingIndicator passes numpydoc validation (#21149)"",""distinct"":true,""url"":""https://api.github.com/repos/nittaya1990/scikit-learn/commits/1b51ae220ebd5249e640e0d418ea2d802a51a76d""},{""sha"":""6e2388f9016c07a813fa5925f9429f1b2ea4f217"",""author"":{""name"":""Juan Martin Loyola"",""email"":""bac18c3815d8dcc0c5d975b27af08b0c6f83bdab@outlook.com""},""message"":""DOC Ensures that RobustScaler passes numpydoc validation (#21155)"",""distinct"":true,""url"":""https://api.github.com/repos/nittaya1990/scikit-learn/commits/6e2388f9016c07a813fa5925f9429f1b2ea4f217""},{""sha"":""20d5eaf42601b8216fe7daa2fb073d569d28a6b7"",""author"":{""name"":""赵丰 (Zhao Feng)"",""email"":""6d49ab6e7f5bcc3535fd28c1d8cd5d9ba85b4675@qq.com""},""message"":""DOC fix an import in the docsting of RationalQuadratic (#21156)"",""distinct"":true,""url"":""https://api.github.com/repos/nittaya1990/scikit-learn/commits/20d5eaf42601b8216fe7daa2fb073d569d28a6b7""},{""sha"":""9ed1c6555885f9df1a3c3961662e0fcad4fb7b04"",""author"":{""name"":""EricEllwanger"",""email"":""a38ee1d0152bac93290666c041d692774b9a9e25@users.noreply.github.com""},""message"":""DOC Ensure StackingClassifier pass numpydoc validation (#21135)\n\nCo-authored-by: frellwan <frellwan@hotmail.com>\r\nCo-authored-by: Guillaume Lemaitre <g.lemaitre58@gmail.com>"",""distinct"":true,""url"":""https://api.github.com/repos/nittaya1990/scikit-learn/commits/9ed1c6555885f9df1a3c3961662e0fcad4fb7b04""},{""sha"":""8d81fabec3a6b8303088aa9aa9f997bc0f0cf87c"",""author"":{""name"":""Guillaume Lemaitre"",""email"":""e5e78d384e205244ed69377c80930de68a2732ec@gmail.com""},""message"":""DOC move versionadded misplaced (#21162)"",""distinct"":true,""url"":""https://api.github.com/repos/nittaya1990/scikit-learn/commits/8d81fabec3a6b8303088aa9aa9f997bc0f0cf87c""},{""sha"":""34e07d181673ec0f4e55eb4c116785632d3645ca"",""author"":{""name"":""Dimitri Papadopoulos Orfanos"",""email"":""cadff36249149a6a16cb05b20ee2bf0e101c0f1f@users.noreply.github.com""},""message"":""MAINT update externals/_lobpcg.py with upstream (#21163)"",""distinct"":true,""url"":""https://api.github.com/repos/nittaya1990/scikit-learn/commits/34e07d181673ec0f4e55eb4c116785632d3645ca""},{""sha"":""2e3c32dcc1e99ad753dff4a9aa26657073883158"",""author"":{""name"":""Dimitri Papadopoulos Orfanos"",""email"":""cadff36249149a6a16cb05b20ee2bf0e101c0f1f@users.noreply.github.com""},""message"":""MNT sync externals/_pilutil.py with upstream (#21161)"",""distinct"":true,""url"":""https://api.github.com/repos/nittaya1990/scikit-learn/commits/2e3c32dcc1e99ad753dff4a9aa26657073883158""}]",,,,,,,,,,
18163233913,PullRequestEvent,true,2021-09-27 12:06:28.000000 UTC,39814207,pull[bot],316426924,skyplaying/react,,,,,,,,"""closed""",28,,,,,,,,
18163233822,PushEvent,true,2021-09-27 12:06:28.000000 UTC,39814207,pull[bot],316426924,skyplaying/react,"""refs/heads/main""",,,8022055898,1,1,"[{""sha"":""9a2bd4583ca5d725ea77adb759c224aa1328b391"",""author"":{""name"":""Sebastian Silbermann"",""email"":""84fc128bc6cda84e77606b9e3bddd28c2b9ce031@gmail.com""},""message"":""chore: Commit formatted readme when  generating (#458)"",""distinct"":true,""url"":""https://api.github.com/repos/skyplaying/react/commits/9a2bd4583ca5d725ea77adb759c224aa1328b391""}]",,,,,,,,,,
18163334401,PushEvent,true,2021-09-27 12:12:34.000000 UTC,41898282,github-actions[bot],159692533,smalltalkman/tensorflow,"""refs/heads/master""",,,8022102927,2,2,"[{""sha"":""7a9045dca0fb1f089034d7e48639db9f3087b672"",""author"":{""name"":""A. Unique TensorFlower"",""email"":""746aced590a184ef4169166e753f7c211e32e5fc@tensorflow.org""},""message"":""Integrate LLVM at llvm/llvm-project@8cb234e07d46\n\nUpdates LLVM usage to match\n[8cb234e07d46](https://github.com/llvm/llvm-project/commit/8cb234e07d46)\n\nPiperOrigin-RevId: 399154862\nChange-Id: I59b8c6cb5e1e2c6fd9a73eb8639fa8c92cc9f0d3"",""distinct"":true,""url"":""https://api.github.com/repos/smalltalkman/tensorflow/commits/7a9045dca0fb1f089034d7e48639db9f3087b672""},{""sha"":""4d5a1c23b8b5a972172e6cf470d84e8dd85572d7"",""author"":{""name"":""A. Unique TensorFlower"",""email"":""746aced590a184ef4169166e753f7c211e32e5fc@tensorflow.org""},""message"":""Update TFRT dependency to use revision\nhttp://github.com/tensorflow/runtime/commit/b247cb1e58a3c85945847a7520e1795fde556c4e.\n\nPiperOrigin-RevId: 399156647\nChange-Id: I6bc3254abebdd0727f880926f4491a9906e0c0b2"",""distinct"":true,""url"":""https://api.github.com/repos/smalltalkman/tensorflow/commits/4d5a1c23b8b5a972172e6cf470d84e8dd85572d7""}]",,,,,,,,,,
18163290103,PushEvent,true,2021-09-27 12:09:54.000000 UTC,46152393,Pinky-Chaudhary,410839163,Pinky-Chaudhary/scikit-learn,"""refs/heads/main""",,,8022082351,1,1,"[{""sha"":""8d81fabec3a6b8303088aa9aa9f997bc0f0cf87c"",""author"":{""name"":""Guillaume Lemaitre"",""email"":""e5e78d384e205244ed69377c80930de68a2732ec@gmail.com""},""message"":""DOC move versionadded misplaced (#21162)"",""distinct"":true,""url"":""https://api.github.com/repos/Pinky-Chaudhary/scikit-learn/commits/8d81fabec3a6b8303088aa9aa9f997bc0f0cf87c""}]",,,,,,,,,,
18163718151,PushEvent,true,2021-09-27 12:37:17.000000 UTC,50947817,robinthibaut,345631235,robinthibaut/scikit-learn,"""refs/heads/PLS_Y_inverse_transform""",,,8022289931,709,5,"[{""sha"":""95c3c762fbc39799639279a1ad35716375a7a6e8"",""author"":{""name"":""Alessia Marcolini"",""email"":""09e2c1984abaa02d564f53d2a2a539e2ac323dea@gmail.com""},""message"":""DOC Fix typo in plot_multi_metric_evaluation example (#19675)"",""distinct"":false,""url"":""https://api.github.com/repos/robinthibaut/scikit-learn/commits/95c3c762fbc39799639279a1ad35716375a7a6e8""},{""sha"":""77e998db353206e45e0d15ba6f8ab0fc412a7077"",""author"":{""name"":""cliffordEmmanuel"",""email"":""f17791aec60263910034b4f91952f7f39617ebf8@users.noreply.github.com""},""message"":""ENH Deprecated the default random_state=0 in randomized_svd (#19670)\n\nCo-authored-by: Thomas J. Fan <thomasjpfan@gmail.com>\r\nCo-authored-by: cinbez <cindyb@lightstone.co.za>"",""distinct"":false,""url"":""https://api.github.com/repos/robinthibaut/scikit-learn/commits/77e998db353206e45e0d15ba6f8ab0fc412a7077""},{""sha"":""ac6dea5b7ebcd7a6b8d8b0d499d9c57d6a7d8939"",""author"":{""name"":""Vilém Zouhar"",""email"":""9bd46fb3c99bee4dca9f12bc1b173cf5d1adabd6@gmail.com""},""message"":""MNT Fix error message for Minkowski metric parameter (#19671)\n\nCo-authored-by: Thomas J. Fan <thomasjpfan@gmail.com>"",""distinct"":false,""url"":""https://api.github.com/repos/robinthibaut/scikit-learn/commits/ac6dea5b7ebcd7a6b8d8b0d499d9c57d6a7d8939""},{""sha"":""302106bcac4476ecdd76b8c03fddb454edbcad96"",""author"":{""name"":""LSturtew"",""email"":""73afd2f7ed88c84167b44e1f8de7480057b2fd7a@users.noreply.github.com""},""message"":""FIX RuntimeWarning by dividing by zero in test_iforest_with_uniform_data  (#19622)"",""distinct"":false,""url"":""https://api.github.com/repos/robinthibaut/scikit-learn/commits/302106bcac4476ecdd76b8c03fddb454edbcad96""},{""sha"":""d996eaf088eda47a57aa64ae457d37b8fdfb499e"",""author"":{""name"":""Thomas J. Fan"",""email"":""5e8796a332fafc9c261437cd1787ae2709a896a7@gmail.com""},""message"":""ENH Adds _num_features for array-likes (#19633)\n\n\r\nCo-authored-by: Olivier Grisel <olivier.grisel@ensta.org>\r\nCo-authored-by: Christian Lorentzen <lorentzen.ch@gmail.com>"",""distinct"":false,""url"":""https://api.github.com/repos/robinthibaut/scikit-learn/commits/d996eaf088eda47a57aa64ae457d37b8fdfb499e""},{""sha"":""edc4f15f0d46b4d26c107894b80548474f25931b"",""author"":{""name"":""Alihan Zihna"",""email"":""1d9bfb28eb3486e07d7f48604b9f449ddc9cc0e9@gmail.com""},""message"":""TST Change assert from sklearn to pytest style in tests/test_pipeline.py (#19678)"",""distinct"":false,""url"":""https://api.github.com/repos/robinthibaut/scikit-learn/commits/edc4f15f0d46b4d26c107894b80548474f25931b""},{""sha"":""b7b510f9dbc87500e79301873852c6247c440a3e"",""author"":{""name"":""Mathis Batoul"",""email"":""4680d214fc9db5f4474ced6ecec16b3a6eaba5c9@gmail.com""},""message"":""FIX RuntimeWarning division by zero in check_classifiers_one_label (#19690)"",""distinct"":false,""url"":""https://api.github.com/repos/robinthibaut/scikit-learn/commits/b7b510f9dbc87500e79301873852c6247c440a3e""},{""sha"":""fcf4740b4538657997b0f4b8015728d64e2d563e"",""author"":{""name"":""Olivier Grisel"",""email"":""2debdaedc015a28b6d296a878ea9501beb58cbd4@gmail.com""},""message"":""TST Add a test to check the consistency of the Ridge and ElasticNet(l1_ratio=0) solutions (#19620)"",""distinct"":false,""url"":""https://api.github.com/repos/robinthibaut/scikit-learn/commits/fcf4740b4538657997b0f4b8015728d64e2d563e""},{""sha"":""36e43582c03f5933da15d833b71dc37eaafb436e"",""author"":{""name"":""Steve Stagg"",""email"":""cdc9d72d061dfab80e9d9f216f685dfa704b2724@gmail.com""},""message"":""[MRG] Fix documentation for russelrao formula (#19695)"",""distinct"":false,""url"":""https://api.github.com/repos/robinthibaut/scikit-learn/commits/36e43582c03f5933da15d833b71dc37eaafb436e""},{""sha"":""95b7c680ab027fcd23bcbf47ebae58ee3e130ec9"",""author"":{""name"":""mlondschien"",""email"":""c326cc7b8570fda04ec421b3a5d819afa64fb7f1@users.noreply.github.com""},""message"":""ENH Add periodic extrapolation to SplineTransformer (#19483)\n\nCo-authored-by: Olivier Grisel <olivier.grisel@ensta.org>\r\nCo-authored-by: Christian Lorentzen <lorentzen.ch@gmail.com>"",""distinct"":false,""url"":""https://api.github.com/repos/robinthibaut/scikit-learn/commits/95b7c680ab027fcd23bcbf47ebae58ee3e130ec9""},{""sha"":""edc69954771a6390b0e10be8309e0a47df5c0189"",""author"":{""name"":""Juan Carlos Alfaro Jiménez"",""email"":""26ee155be2a94d28f82dfce99df9031a1a9dfe18@uclm.es""},""message"":""CI Use conda instead of pip to install anaconda-client (#19528)"",""distinct"":false,""url"":""https://api.github.com/repos/robinthibaut/scikit-learn/commits/edc69954771a6390b0e10be8309e0a47df5c0189""},{""sha"":""9a186a599d5b4f75f9798211a04b4dc88b4f926a"",""author"":{""name"":""Olivier Grisel"",""email"":""2debdaedc015a28b6d296a878ea9501beb58cbd4@gmail.com""},""message"":""MAINT Python 3.9 in badge on README.rst (#19702)"",""distinct"":false,""url"":""https://api.github.com/repos/robinthibaut/scikit-learn/commits/9a186a599d5b4f75f9798211a04b4dc88b4f926a""},{""sha"":""04f84c6d082864c208682d27256ff74b7b488734"",""author"":{""name"":""Sean Benhur J"",""email"":""c72cc2ba45e74274f965099d2f2d35768ad21434@users.noreply.github.com""},""message"":""DOC Added utils.gen_batches in documentation (#19688)"",""distinct"":false,""url"":""https://api.github.com/repos/robinthibaut/scikit-learn/commits/04f84c6d082864c208682d27256ff74b7b488734""},{""sha"":""2e7009bc69f6fec93e8f3c59dd76b082b473148d"",""author"":{""name"":""Thomas J. Fan"",""email"":""5e8796a332fafc9c261437cd1787ae2709a896a7@gmail.com""},""message"":""ENH Better error for corrupted files in fetch_kddcup99 (#19669)"",""distinct"":false,""url"":""https://api.github.com/repos/robinthibaut/scikit-learn/commits/2e7009bc69f6fec93e8f3c59dd76b082b473148d""},{""sha"":""ca9618c0e228b67293c422e99a0f133c3384f7b2"",""author"":{""name"":""Avi Gupta"",""email"":""41e87f65ac432b1df00f2669d8eae91e37c4c102@users.noreply.github.com""},""message"":""MNT move PolynomialFeatures from _data.py to _polynomial.py (#19611)\n\nCo-authored-by: Roman Yurchak <rth.yurchak@gmail.com>"",""distinct"":false,""url"":""https://api.github.com/repos/robinthibaut/scikit-learn/commits/ca9618c0e228b67293c422e99a0f133c3384f7b2""},{""sha"":""0d7d46f3bef0a2f943ee321f0f979ced165e0477"",""author"":{""name"":""Mathieu Blondel"",""email"":""965cc652f9c7f1158deba4be373a24f54042db2a@google.com""},""message"":""Fix typo in elastic net docstring. (#19711)\n\n* Fix typo in elastic net docstring.\r\n\r\n* Use norms more explicitly."",""distinct"":false,""url"":""https://api.github.com/repos/robinthibaut/scikit-learn/commits/0d7d46f3bef0a2f943ee321f0f979ced165e0477""},{""sha"":""bf4049cbef568fa211ec155cb724001fff742dbd"",""author"":{""name"":""flyingdutchman23"",""email"":""10c683bfa6a8cc2d411f18a456f8fc6b46737298@posteo.eu""},""message"":""DOC Correct scorer documentation (#19720)\n\nCo-authored-by: Joris Clement <joris.clement@cyren.com>"",""distinct"":false,""url"":""https://api.github.com/repos/robinthibaut/scikit-learn/commits/bf4049cbef568fa211ec155cb724001fff742dbd""},{""sha"":""b9d6db81ec2e75ec40404db49f97999a08f00c55"",""author"":{""name"":""Christian Lorentzen"",""email"":""9418c66efc1fe36fdae4d3b96d40e9819e993828@gmail.com""},""message"":""[MRG] ENH Consistent loss name for squared error (#19310)"",""distinct"":false,""url"":""https://api.github.com/repos/robinthibaut/scikit-learn/commits/b9d6db81ec2e75ec40404db49f97999a08f00c55""},{""sha"":""071ddc75e92917d372f84e20a7fca15c1b7c6ca0"",""author"":{""name"":""Avi Gupta"",""email"":""41e87f65ac432b1df00f2669d8eae91e37c4c102@users.noreply.github.com""},""message"":""Removed assert_warns_message from gaussian_process/tests (#19697)"",""distinct"":false,""url"":""https://api.github.com/repos/robinthibaut/scikit-learn/commits/071ddc75e92917d372f84e20a7fca15c1b7c6ca0""},{""sha"":""cc1b171af86dee040d933aeeae64439e85a0cd54"",""author"":{""name"":""Avi Gupta"",""email"":""41e87f65ac432b1df00f2669d8eae91e37c4c102@users.noreply.github.com""},""message"":""Replaced assert_raises from utils/tests/test_estimator_checks (#19709)"",""distinct"":false,""url"":""https://api.github.com/repos/robinthibaut/scikit-learn/commits/cc1b171af86dee040d933aeeae64439e85a0cd54""}]",,,,,,,,,,
18163980185,CreateEvent,true,2021-09-27 12:53:27.000000 UTC,51381674,vinicius-hrq,410883303,vinicius-hrq/terraform,,"""repository""","""user""",,,,,,,,,,,,,,
18163454088,PushEvent,true,2021-09-27 12:19:56.000000 UTC,59026535,zhiqiangj217,228885225,zhiqiangj217/dubbo,"""refs/heads/master""",,,8022160351,870,870,"[{""sha"":""b3d74c30a821768543d482eb239651c127a6887b"",""author"":{""name"":""LiosWong"",""email"":""16d4aa27d4d09419e7caee271607ee81682519c7@163.com""},""message"":""Fix some typos (#5501)"",""distinct"":true,""url"":""https://api.github.com/repos/zhiqiangj217/dubbo/commits/b3d74c30a821768543d482eb239651c127a6887b""},{""sha"":""2d2341e544927244843fda934529bd8445ea99bf"",""author"":{""name"":""Mercy Ma"",""email"":""f3f79c1349f59dc2d5dfe4bef769e8cd287a3606@gmail.com""},""message"":""[Dubbo-5495] Services can't be exported for projects driven by annotation but with EnableDubbo/EnableDubboLifecycle not enabled (#5496)\n\nFixes #5495"",""distinct"":true,""url"":""https://api.github.com/repos/zhiqiangj217/dubbo/commits/2d2341e544927244843fda934529bd8445ea99bf""},{""sha"":""7214308b8adfae50c2def5f6f6af37f73d36b9ac"",""author"":{""name"":""Mercy Ma"",""email"":""f3f79c1349f59dc2d5dfe4bef769e8cd287a3606@gmail.com""},""message"":""[Dubbo-5495] The dubbo services can't be exported (#5503)\n\nFixes #5495"",""distinct"":true,""url"":""https://api.github.com/repos/zhiqiangj217/dubbo/commits/7214308b8adfae50c2def5f6f6af37f73d36b9ac""},{""sha"":""4848762b5f821688b27dd076f66d615f5f6a2f40"",""author"":{""name"":""ken.lj"",""email"":""822a448a2ec5862faf82fc0d0933a9bdefde0f49@gmail.com""},""message"":""coordinate spring and dubbo shutdown hook. (#5504)"",""distinct"":true,""url"":""https://api.github.com/repos/zhiqiangj217/dubbo/commits/4848762b5f821688b27dd076f66d615f5f6a2f40""},{""sha"":""7e4b2f323cd264bc9f282d06b02e03adb49ed606"",""author"":{""name"":""ken.lj"",""email"":""822a448a2ec5862faf82fc0d0933a9bdefde0f49@gmail.com""},""message"":""Fix multi protocol does not work when referencing in ProviderConfig (#5498)\n\nfix #5398"",""distinct"":true,""url"":""https://api.github.com/repos/zhiqiangj217/dubbo/commits/7e4b2f323cd264bc9f282d06b02e03adb49ed606""},{""sha"":""511af3fe12f0847d3a3324b6fb9593e2b8751528"",""author"":{""name"":""Pugwoo Chia"",""email"":""5edd78d7bf1989514c110c8a73df6a5bfdec65f1@qq.com""},""message"":""support : Custom exception error code for http protocol (#5409)"",""distinct"":true,""url"":""https://api.github.com/repos/zhiqiangj217/dubbo/commits/511af3fe12f0847d3a3324b6fb9593e2b8751528""},{""sha"":""e77e4b165039b6f53b238d0b686254126f616783"",""author"":{""name"":""ken.lj"",""email"":""822a448a2ec5862faf82fc0d0933a9bdefde0f49@gmail.com""},""message"":""add Apache License Header"",""distinct"":true,""url"":""https://api.github.com/repos/zhiqiangj217/dubbo/commits/e77e4b165039b6f53b238d0b686254126f616783""},{""sha"":""ad2d30ba90eaea6074fbe4c2497789e0545e915c"",""author"":{""name"":""孙传磊"",""email"":""7940d0a5d884ad2f7abe997f423f72544e504615@qq.com""},""message"":""check whether the GenericFilter args and types length are the same (#4990)"",""distinct"":true,""url"":""https://api.github.com/repos/zhiqiangj217/dubbo/commits/ad2d30ba90eaea6074fbe4c2497789e0545e915c""},{""sha"":""4d6639e2ead5195a093a6b16f65140e20c7c4cb9"",""author"":{""name"":""GungnirLaevatain"",""email"":""5740fac5875167b60795a2b9f959117348eb3e33@qq.com""},""message"":""use ReflectUtils#isPrimitives instead of JValidator#isPrimitives (#5508)"",""distinct"":true,""url"":""https://api.github.com/repos/zhiqiangj217/dubbo/commits/4d6639e2ead5195a093a6b16f65140e20c7c4cb9""},{""sha"":""0227fda49ae92a60a66a5f02dc915e32fcc0512f"",""author"":{""name"":""LinShunKang"",""email"":""4e74dad865af03e5a146e4fc3a9a550cfa275cd0@gmail.com""},""message"":""[Dubbo-perf]: Reduce object allocation for URL.getAddress() (#5492)"",""distinct"":true,""url"":""https://api.github.com/repos/zhiqiangj217/dubbo/commits/0227fda49ae92a60a66a5f02dc915e32fcc0512f""},{""sha"":""5931fa7bd2eb3c9e6bdff3a720adfcaf36bcc976"",""author"":{""name"":""ken.lj"",""email"":""822a448a2ec5862faf82fc0d0933a9bdefde0f49@gmail.com""},""message"":""Fix netutils log endless recursive (#5514)\n\n* Fixes #4992, endless recursive call when NetUtils method fails.\r\n* Fixes #4225"",""distinct"":true,""url"":""https://api.github.com/repos/zhiqiangj217/dubbo/commits/5931fa7bd2eb3c9e6bdff3a720adfcaf36bcc976""},{""sha"":""5a69cc69baef3c2b3d07313f4831f6fe3bef4e1a"",""author"":{""name"":""ken.lj"",""email"":""822a448a2ec5862faf82fc0d0933a9bdefde0f49@gmail.com""},""message"":""Rename ServiceDescriptor to BaseServiceMetadata (#5512)"",""distinct"":true,""url"":""https://api.github.com/repos/zhiqiangj217/dubbo/commits/5a69cc69baef3c2b3d07313f4831f6fe3bef4e1a""},{""sha"":""fbaa4c641a3eebb13e2cad4798818bdfd515ea17"",""author"":{""name"":""Kleber Tarcísio"",""email"":""5c3cdfe9541de51d7efb6e4c0a480851a776ec9d@yahoo.com.br""},""message"":""[Dubbo] Refactoring to remove duplicate methods and feature envy. (#5506)"",""distinct"":true,""url"":""https://api.github.com/repos/zhiqiangj217/dubbo/commits/fbaa4c641a3eebb13e2cad4798818bdfd515ea17""},{""sha"":""93f21c1797991112084c352b55b00aa9063c6383"",""author"":{""name"":""LiosWong"",""email"":""16d4aa27d4d09419e7caee271607ee81682519c7@163.com""},""message"":""Fix typo: HEATBEAT_CHECK_TICK (#5513)"",""distinct"":true,""url"":""https://api.github.com/repos/zhiqiangj217/dubbo/commits/93f21c1797991112084c352b55b00aa9063c6383""},{""sha"":""e1beaf2f8ec65c317830f7e5ffbe5a4106a9b822"",""author"":{""name"":""ken.lj"",""email"":""822a448a2ec5862faf82fc0d0933a9bdefde0f49@gmail.com""},""message"":""fix configcenter use registry timeout value. (#5518)"",""distinct"":true,""url"":""https://api.github.com/repos/zhiqiangj217/dubbo/commits/e1beaf2f8ec65c317830f7e5ffbe5a4106a9b822""},{""sha"":""9e9517dc2fb2892a256b8e2a0eaaadb9164b8b61"",""author"":{""name"":""Kun Song"",""email"":""33e540c981dd0d4a323c263daf4fec943d91b562@gmail.com""},""message"":""Simplify collect body by using a method (#5523)"",""distinct"":true,""url"":""https://api.github.com/repos/zhiqiangj217/dubbo/commits/9e9517dc2fb2892a256b8e2a0eaaadb9164b8b61""},{""sha"":""9cae36e0f5ae469dcc86853ad440b183bba48712"",""author"":{""name"":""ken.lj"",""email"":""822a448a2ec5862faf82fc0d0933a9bdefde0f49@gmail.com""},""message"":""call Filter.onResponse for backward compatibility. (#5527)"",""distinct"":true,""url"":""https://api.github.com/repos/zhiqiangj217/dubbo/commits/9cae36e0f5ae469dcc86853ad440b183bba48712""},{""sha"":""1e6aa579bf07f0d15c057cfef2fd06783a869353"",""author"":{""name"":""ken.lj"",""email"":""822a448a2ec5862faf82fc0d0933a9bdefde0f49@gmail.com""},""message"":""Rename onReponse in ClusterInterceptor to onMessage (#5528)"",""distinct"":true,""url"":""https://api.github.com/repos/zhiqiangj217/dubbo/commits/1e6aa579bf07f0d15c057cfef2fd06783a869353""},{""sha"":""8acd17cf43a17d2a8df1ca01b11d25763de734a1"",""author"":{""name"":""Xin Wang"",""email"":""4692f8e98ba064986ff3e941f736ae5cd9c91ae6@gmail.com""},""message"":""Add dubbo awesome in readme (#5530)"",""distinct"":true,""url"":""https://api.github.com/repos/zhiqiangj217/dubbo/commits/8acd17cf43a17d2a8df1ca01b11d25763de734a1""},{""sha"":""fa157deadf65d00c9884d611430ec78e585840ff"",""author"":{""name"":""LinShunKang"",""email"":""4e74dad865af03e5a146e4fc3a9a550cfa275cd0@gmail.com""},""message"":""Refactor: remove NetUtils.getHostAddress() and relace it with NetUtils.getLocalHost() (#5526)"",""distinct"":true,""url"":""https://api.github.com/repos/zhiqiangj217/dubbo/commits/fa157deadf65d00c9884d611430ec78e585840ff""}]",,,,,,,,,,
18163435889,PushEvent,true,2021-09-27 12:18:47.000000 UTC,63542705,IlyassElarbaouti,410771754,IlyassElarbaouti/react,"""refs/heads/main""",,,8022151758,1,1,"[{""sha"":""43f28d62e1fe5fedb110b574ca3eb2b2dae417ac"",""author"":{""name"":""Ilyass El Arbaouti"",""email"":""1f51e897f7f537232cee0491efc41e0ac45b1c48@gmail.com""},""message"":""task4"",""distinct"":true,""url"":""https://api.github.com/repos/IlyassElarbaouti/react/commits/43f28d62e1fe5fedb110b574ca3eb2b2dae417ac""}]",,,,,,,,,,
18163525335,PushEvent,true,2021-09-27 12:24:34.000000 UTC,63542705,IlyassElarbaouti,410771754,IlyassElarbaouti/react,"""refs/heads/main""",,,8022194804,1,1,"[{""sha"":""372dcd733f05f5c3809e1261a302a29de5f15ad1"",""author"":{""name"":""Ilyass El Arbaouti"",""email"":""1f51e897f7f537232cee0491efc41e0ac45b1c48@gmail.com""},""message"":""fix"",""distinct"":true,""url"":""https://api.github.com/repos/IlyassElarbaouti/react/commits/372dcd733f05f5c3809e1261a302a29de5f15ad1""}]",,,,,,,,,,
18164052390,PushEvent,true,2021-09-27 12:57:39.000000 UTC,86001630,milkadevelopment,409209621,milkadevelopment/react,"""refs/heads/main""",,,8022452088,1,1,"[{""sha"":""bdf38bb8c2a3f3bfe06a33d7c49678901e1da1e5"",""author"":{""name"":""Milka Development"",""email"":""301da44f9037fd80e2fbeef37736bf387bfbb1c6@users.noreply.github.com""},""message"":""Add files via upload"",""distinct"":true,""url"":""https://api.github.com/repos/milkadevelopment/react/commits/bdf38bb8c2a3f3bfe06a33d7c49678901e1da1e5""}]",,,,,,,,,,
18163634059,WatchEvent,true,2021-09-27 12:31:44.000000 UTC,91473090,petrosnikolaidis,409107998,michaelkolesidis/opencv,,,,,,,,"""started""",,,,,,,,,
18163764824,WatchEvent,true,2021-09-27 12:40:23.000000 UTC,91473605,nikosalexiou1,402084312,michaelkolesidis/react,,,,,,,,"""started""",,,,,,,,,
18163195244,PullRequestReviewCommentEvent,true,2021-09-27 12:04:08.000000 UTC,304757,stoty,20473418,apache/phoenix,,,,,,,,"""created""",1319,,,,,,,,
18163187645,PullRequestReviewCommentEvent,true,2021-09-27 12:03:39.000000 UTC,304757,stoty,20473418,apache/phoenix,,,,,,,,"""created""",1319,,,,,,,,
18163184941,PullRequestReviewEvent,true,2021-09-27 12:03:30.000000 UTC,304757,stoty,20473418,apache/phoenix,,,,,,,,"""created""",1319,,,"""commented""","""CONTRIBUTOR""",,,,
18163195243,PullRequestReviewEvent,true,2021-09-27 12:04:09.000000 UTC,304757,stoty,20473418,apache/phoenix,,,,,,,,"""created""",1319,,,"""commented""","""CONTRIBUTOR""",,,,
18163190234,PullRequestReviewEvent,true,2021-09-27 12:03:49.000000 UTC,304757,stoty,20473418,apache/phoenix,,,,,,,,"""created""",1319,,,"""commented""","""CONTRIBUTOR""",,,,
18163197049,PullRequestReviewEvent,true,2021-09-27 12:04:15.000000 UTC,304757,stoty,20473418,apache/phoenix,,,,,,,,"""created""",1319,,,"""commented""","""CONTRIBUTOR""",,,,
18163246849,IssueCommentEvent,true,2021-09-27 12:07:15.000000 UTC,304757,stoty,20473418,apache/phoenix,,,,,,,,"""created""",,,,,,,,,
18163191896,PullRequestReviewCommentEvent,true,2021-09-27 12:03:55.000000 UTC,304757,stoty,20473418,apache/phoenix,,,,,,,,"""created""",1319,,,,,,,,
18163197056,PullRequestReviewCommentEvent,true,2021-09-27 12:04:14.000000 UTC,304757,stoty,20473418,apache/phoenix,,,,,,,,"""created""",1319,,,,,,,,
18163193888,PullRequestReviewCommentEvent,true,2021-09-27 12:04:03.000000 UTC,304757,stoty,20473418,apache/phoenix,,,,,,,,"""created""",1319,,,,,,,,
18163142917,PullRequestEvent,true,2021-09-27 12:00:51.000000 UTC,9292748,AlbumenJ,4710920,apache/dubbo,,,,,,,,"""closed""",8934,,,,,,,,
18163143614,PushEvent,true,2021-09-27 12:00:54.000000 UTC,9292748,AlbumenJ,4710920,apache/dubbo,"""refs/heads/3.0""",,,8022014087,1,1,"[{""sha"":""1cce95308884994a6cf9989dcf3139bcd0522629"",""author"":{""name"":""Wang Chengming"",""email"":""797b11b27820feac74f983f7807e06052f220378@qq.com""},""message"":""add some AvailableClusterInvoker unit test (#8934)"",""distinct"":true,""url"":""https://api.github.com/repos/apache/dubbo/commits/1cce95308884994a6cf9989dcf3139bcd0522629""}]",,,,,,,,,,
18163360666,PullRequestEvent,true,2021-09-27 12:14:12.000000 UTC,19588788,CrazyHZM,4710920,apache/dubbo,,,,,,,,"""opened""",8937,,,,,,,,
18163957586,PullRequestEvent,true,2021-09-27 12:52:06.000000 UTC,19588788,CrazyHZM,4710920,apache/dubbo,,,,,,,,"""opened""",8939,,,,,,,,
18163378579,PushEvent,true,2021-09-27 12:15:17.000000 UTC,19588788,CrazyHZM,4710920,apache/dubbo,"""refs/heads/3.0""",,,8022124011,1,1,"[{""sha"":""b7f54e34ce1d6408098f5b2b075c2c465242aced"",""author"":{""name"":""huazhongming"",""email"":""9242be017ab6886addd9d458a2d2295a0a8a79c2@gmail.com""},""message"":""Update dubbo version"",""distinct"":true,""url"":""https://api.github.com/repos/apache/dubbo/commits/b7f54e34ce1d6408098f5b2b075c2c465242aced""}]",,,,,,,,,,
18163411024,PullRequestEvent,true,2021-09-27 12:17:13.000000 UTC,19588788,CrazyHZM,4710920,apache/dubbo,,,,,,,,"""opened""",8938,,,,,,,,
18163383392,PullRequestEvent,true,2021-09-27 12:15:34.000000 UTC,19588788,CrazyHZM,4710920,apache/dubbo,,,,,,,,"""closed""",8937,,,,,,,,
18163817359,PushEvent,true,2021-09-27 12:43:40.000000 UTC,19588788,CrazyHZM,4710920,apache/dubbo,"""refs/heads/3.0""",,,8022337823,1,1,"[{""sha"":""493459602ca4517d36a4faf61628f4ca23444fed"",""author"":{""name"":""huazhongming"",""email"":""9242be017ab6886addd9d458a2d2295a0a8a79c2@gmail.com""},""message"":""3.0.3 release (#8938)\n\n* 3.0.3-RELEASE\r\n\r\n* release 3.0.3\r\n\r\nCo-authored-by: huazhongming <huazhongming@youzan.com>"",""distinct"":true,""url"":""https://api.github.com/repos/apache/dubbo/commits/493459602ca4517d36a4faf61628f4ca23444fed""}]",,,,,,,,,,
18163941689,PullRequestReviewEvent,true,2021-09-27 12:51:11.000000 UTC,60829274,richardantal,20473418,apache/phoenix,,,,,,,,"""created""",1319,,,"""approved""","""CONTRIBUTOR""",,,,
18163973224,IssueCommentEvent,true,2021-09-27 12:53:01.000000 UTC,29597,bvaughn,10270250,facebook/react,,,,,,,,"""created""",,,,,,,,,
18164040282,PullRequestEvent,true,2021-09-27 12:56:57.000000 UTC,29597,bvaughn,10270250,facebook/react,,,,,,,,"""closed""",22437,,,,,,,,
18163650379,IssueCommentEvent,true,2021-09-27 12:32:50.000000 UTC,1935877,yekver,10270250,facebook/react,,,,,,,,"""created""",,,,,,,,,
18163487251,WatchEvent,true,2021-09-27 12:22:02.000000 UTC,4798782,jkondela,10270250,facebook/react,,,,,,,,"""started""",,,,,,,,,
18163833158,IssueCommentEvent,true,2021-09-27 12:44:38.000000 UTC,89061,ogrisel,843222,scikit-learn/scikit-learn,,,,,,,,"""created""",,,,,,,,,
18163373709,IssueCommentEvent,true,2021-09-27 12:15:00.000000 UTC,89061,ogrisel,843222,scikit-learn/scikit-learn,,,,,,,,"""created""",,,,,,,,,
18163477353,PullRequestReviewEvent,true,2021-09-27 12:21:24.000000 UTC,89061,ogrisel,843222,scikit-learn/scikit-learn,,,,,,,,"""created""",21163,,,"""approved""","""MEMBER""",,,,
18163786735,IssueCommentEvent,true,2021-09-27 12:41:48.000000 UTC,89061,ogrisel,843222,scikit-learn/scikit-learn,,,,,,,,"""created""",,,,,,,,,
18163852999,PullRequestEvent,true,2021-09-27 12:45:51.000000 UTC,3234522,DimitriPapadopoulos,843222,scikit-learn/scikit-learn,,,,,,,,"""closed""",21165,,,,,,,,
18164092850,PullRequestEvent,true,2021-09-27 12:59:57.000000 UTC,3234522,DimitriPapadopoulos,843222,scikit-learn/scikit-learn,,,,,,,,"""opened""",21166,,,,,,,,
18163716751,PullRequestEvent,true,2021-09-27 12:37:12.000000 UTC,3234522,DimitriPapadopoulos,843222,scikit-learn/scikit-learn,,,,,,,,"""opened""",21165,,,,,,,,
18163791097,PullRequestReviewEvent,true,2021-09-27 12:42:05.000000 UTC,6538253,skailasa,843222,scikit-learn/scikit-learn,,,,,,,,"""created""",20617,,,"""commented""","""NONE""",,,,
18163521938,IssueCommentEvent,true,2021-09-27 12:24:20.000000 UTC,7454015,glemaitre,843222,scikit-learn/scikit-learn,,,,,,,,"""created""",,,,,,,,,
18163477983,IssueCommentEvent,true,2021-09-27 12:21:27.000000 UTC,7454015,glemaitre,843222,scikit-learn/scikit-learn,,,,,,,,"""created""",,,,,,,,,
18163315830,PullRequestReviewEvent,true,2021-09-27 12:11:26.000000 UTC,13029839,jjerphan,843222,scikit-learn/scikit-learn,,,,,,,,"""created""",20254,,,"""commented""","""MEMBER""",,,,
18163731760,IssueCommentEvent,true,2021-09-27 12:38:12.000000 UTC,50947817,robinthibaut,843222,scikit-learn/scikit-learn,,,,,,,,"""created""",,,,,,,,,
18163876756,IssueCommentEvent,true,2021-09-27 12:47:17.000000 UTC,35067,jbardin,17728164,hashicorp/terraform,,,,,,,,"""created""",,,,,,,,,
18163876843,IssuesEvent,true,2021-09-27 12:47:17.000000 UTC,35067,jbardin,17728164,hashicorp/terraform,,,,,,,,"""closed""",,,,,,,,,
18163599222,IssuesEvent,true,2021-09-27 12:29:27.000000 UTC,35067,jbardin,17728164,hashicorp/terraform,,,,,,,,"""closed""",,,,,,,,,
18163815091,IssuesEvent,true,2021-09-27 12:43:32.000000 UTC,9071408,zabeloliver,17728164,hashicorp/terraform,,,,,,,,"""closed""",,,,,,,,,
18163577694,IssueCommentEvent,true,2021-09-27 12:28:00.000000 UTC,57491775,rd-michel,17728164,hashicorp/terraform,,,,,,,,"""created""",,,,,,,,,
18163662418,PullRequestEvent,true,2021-09-27 12:33:39.000000 UTC,266755,jjeffers,4007018,Katello/katello,,,,,,,,"""closed""",9596,,,,,,,,
18163934829,PushEvent,true,2021-09-27 12:50:46.000000 UTC,1979598,jturel,4007018,Katello/katello,"""refs/heads/master""",,,8022394831,1,1,"[{""sha"":""f3ab52fb60173ade330626ba542b413cf8900427"",""author"":{""name"":""Markus Bucher"",""email"":""d183e0e7d4e8a7f313154b477fb86ef15648eaf1@atix.de""},""message"":""Fixes #27625 - add deb applicability"",""distinct"":true,""url"":""https://api.github.com/repos/Katello/katello/commits/f3ab52fb60173ade330626ba542b413cf8900427""}]",,,,,,,,,,
18163729178,PullRequestEvent,true,2021-09-27 12:38:01.000000 UTC,21146741,sjha4,4007018,Katello/katello,,,,,,,,"""closed""",9629,,,,,,,,
18164059772,IssueCommentEvent,true,2021-09-27 12:58:05.000000 UTC,25984076,mdellweg,4007018,Katello/katello,,,,,,,,"""created""",,,,,,,,,
18163785064,ForkEvent,true,2021-09-27 12:41:41.000000 UTC,38562674,Zero-Qzy,5108051,opencv/opencv,,,,,,,,,,"""Zero-Qzy/opencv""",,,,,,,
18163992915,WatchEvent,true,2021-09-27 12:54:12.000000 UTC,72191511,sunethra-r,5108051,opencv/opencv,,,,,,,,"""started""",,,,,,,,,
18163649922,WatchEvent,true,2021-09-27 12:32:48.000000 UTC,32938211,bbenno,16072585,phoenixframework/phoenix,,,,,,,,"""started""",,,,,,,,,
18163546209,ForkEvent,true,2021-09-27 12:25:55.000000 UTC,26804691,olabamipetaiwo,121814210,primer/react,,,,,,,,,,"""olabamipetaiwo/react""",,,,,,,
18163346570,IssueCommentEvent,true,2021-09-27 12:13:20.000000 UTC,3075074,jcchavezs,4576305,openzipkin/zipkin,,,,,,,,"""created""",,,,,,,,,
18164083001,PushEvent,true,2021-09-27 12:59:24.000000 UTC,784056,elrumordelaluz,378192664,aurora-kit/react,"""refs/heads/main""",,,8022467176,2,2,"[{""sha"":""50803976ae56c63d32e527decb63c0868e57662d"",""author"":{""name"":""Lionel"",""email"":""a155f6866400f0e011c5f0500d52b5262705a03e@hotmail.com""},""message"":""0.8.0"",""distinct"":true,""url"":""https://api.github.com/repos/aurora-kit/react/commits/50803976ae56c63d32e527decb63c0868e57662d""},{""sha"":""774892a0bc9fdf900a096d64357dbd8522193e49"",""author"":{""name"":""Lionel"",""email"":""a155f6866400f0e011c5f0500d52b5262705a03e@hotmail.com""},""message"":""Align Select with Input"",""distinct"":true,""url"":""https://api.github.com/repos/aurora-kit/react/commits/774892a0bc9fdf900a096d64357dbd8522193e49""}]",,,,,,,,,,
18163784224,IssueCommentEvent,true,2021-09-27 12:41:38.000000 UTC,309017,Flamefire,45717250,tensorflow/tensorflow,,,,,,,,"""created""",,,,,,,,,
18163778736,IssuesEvent,true,2021-09-27 12:41:17.000000 UTC,309017,Flamefire,45717250,tensorflow/tensorflow,,,,,,,,"""opened""",,,,,,,,,
18163519184,IssueCommentEvent,true,2021-09-27 12:24:10.000000 UTC,56610014,google-ml-butler[bot],45717250,tensorflow/tensorflow,,,,,,,,"""created""",,,,,,,,,
18163950560,PushEvent,true,2021-09-27 12:51:42.000000 UTC,56741989,copybara-service[bot],45717250,tensorflow/tensorflow,"""refs/heads/master""",,,8022400637,1,1,"[{""sha"":""5ce3ff1f6ffa5bb46e516e697130e6e7a61fda64"",""author"":{""name"":""A. Unique TensorFlower"",""email"":""746aced590a184ef4169166e753f7c211e32e5fc@tensorflow.org""},""message"":""Go: Update generated wrapper functions for TensorFlow ops.\n\nPiperOrigin-RevId: 399168366\nChange-Id: Ib5def1f249633d34e3f9cdcfa56a0affd0843f07"",""distinct"":true,""url"":""https://api.github.com/repos/tensorflow/tensorflow/commits/5ce3ff1f6ffa5bb46e516e697130e6e7a61fda64""}]",,,,,,,,,,
18163732632,IssueCommentEvent,true,2021-09-27 12:38:15.000000 UTC,89573574,J-H-Sung,45717250,tensorflow/tensorflow,,,,,,,,"""created""",,,,,,,,,
18163463453,PullRequestEvent,true,2021-09-27 12:20:32.000000 UTC,1804568,thaJeztah,7691631,moby/moby,,,,,,,,"""opened""",42889,,,,,,,,
18163394987,ForkEvent,true,2021-09-27 12:16:15.000000 UTC,11245037,Qjammer,7691631,moby/moby,,,,,,,,,,"""Qjammer/moby""",,,,,,,
18163143691,PushEvent,true,2021-09-27 12:00:54.000000 UTC,19616653,ArmageddonKnight,204371788,UofT-EcoSystem/tensorflow,"""refs/heads/master""",,,8022014153,2,2,"[{""sha"":""7a9045dca0fb1f089034d7e48639db9f3087b672"",""author"":{""name"":""A. Unique TensorFlower"",""email"":""746aced590a184ef4169166e753f7c211e32e5fc@tensorflow.org""},""message"":""Integrate LLVM at llvm/llvm-project@8cb234e07d46\n\nUpdates LLVM usage to match\n[8cb234e07d46](https://github.com/llvm/llvm-project/commit/8cb234e07d46)\n\nPiperOrigin-RevId: 399154862\nChange-Id: I59b8c6cb5e1e2c6fd9a73eb8639fa8c92cc9f0d3"",""distinct"":true,""url"":""https://api.github.com/repos/UofT-EcoSystem/tensorflow/commits/7a9045dca0fb1f089034d7e48639db9f3087b672""},{""sha"":""4d5a1c23b8b5a972172e6cf470d84e8dd85572d7"",""author"":{""name"":""A. Unique TensorFlower"",""email"":""746aced590a184ef4169166e753f7c211e32e5fc@tensorflow.org""},""message"":""Update TFRT dependency to use revision\nhttp://github.com/tensorflow/runtime/commit/b247cb1e58a3c85945847a7520e1795fde556c4e.\n\nPiperOrigin-RevId: 399156647\nChange-Id: I6bc3254abebdd0727f880926f4491a9906e0c0b2"",""distinct"":true,""url"":""https://api.github.com/repos/UofT-EcoSystem/tensorflow/commits/4d5a1c23b8b5a972172e6cf470d84e8dd85572d7""}]",,,,,,,,,,
18163164186,CreateEvent,true,2021-09-27 12:02:14.000000 UTC,45942572,SiarheiSakharevich,337402726,saby/react,"""21.5100/mergerator/270921_150129""","""branch""","""user""",,,,,,,,,,,,,,
18163879513,PushEvent,true,2021-09-27 12:47:27.000000 UTC,5459824,jakubdyszkiewicz,175425051,kumahq/kuma,"""refs/heads/chore/auth-refactor""",,,8022367649,24,2,"[{""sha"":""731d6e34b7ba636dff7452f7af9cb5f0fd4dbf7c"",""author"":{""name"":""dependabot[bot]"",""email"":""1c358da00a777d4e9898c1280ab801e2df165188@users.noreply.github.com""},""message"":""chore(deps): bump github.com/miekg/dns from 1.1.42 to 1.1.43 (#2769)\n\nBumps [github.com/miekg/dns](https://github.com/miekg/dns) from 1.1.42 to 1.1.43.\r\n- [Release notes](https://github.com/miekg/dns/releases)\r\n- [Changelog](https://github.com/miekg/dns/blob/master/Makefile.release)\r\n- [Commits](https://github.com/miekg/dns/compare/v1.1.42...v1.1.43)\r\n\r\n---\r\nupdated-dependencies:\r\n- dependency-name: github.com/miekg/dns\r\n  dependency-type: direct:production\r\n  update-type: version-update:semver-patch\r\n...\r\n\r\nSigned-off-by: dependabot[bot] <support@github.com>\r\n\r\nCo-authored-by: dependabot[bot] <49699333+dependabot[bot]@users.noreply.github.com>"",""distinct"":false,""url"":""https://api.github.com/repos/kumahq/kuma/commits/731d6e34b7ba636dff7452f7af9cb5f0fd4dbf7c""},{""sha"":""a640d3e050d948e09e4ffd076dbad5543ed4e4f9"",""author"":{""name"":""Charly Molter"",""email"":""0bf65b3a46647433ba986e4a2e1eee2b81710fbd@konghq.com""},""message"":""chore(test) disable flaky tests for KDS (#2783)\n\nKDS tests don't seem to be running reliably.\r\nDisabling them until we investigate why they are unstable\r\n\r\nRelated to #2781\r\n\r\nSigned-off-by: Charly Molter <charly.molter@konghq.com>"",""distinct"":false,""url"":""https://api.github.com/repos/kumahq/kuma/commits/a640d3e050d948e09e4ffd076dbad5543ed4e4f9""},{""sha"":""1f3b3931c07397d6f9845413256b14a3fdcd0b58"",""author"":{""name"":""Ilya Lobkov"",""email"":""85c2ea967b105e794f3d6357820cb3c03b0bc908@konghq.com""},""message"":""fix(kuma-cp) fault injection matching (#2757)\n\nSigned-off-by: Ilya Lobkov <ilya.lobkov@konghq.com>"",""distinct"":false,""url"":""https://api.github.com/repos/kumahq/kuma/commits/1f3b3931c07397d6f9845413256b14a3fdcd0b58""},{""sha"":""9378aa03b6a27f14f02c40c1d1b25f011574af01"",""author"":{""name"":""dependabot[bot]"",""email"":""1c358da00a777d4e9898c1280ab801e2df165188@users.noreply.github.com""},""message"":""chore(deps) bump go.uber.org/zap from 1.17.0 to 1.19.1 (#2768)\n\nBumps [go.uber.org/zap](https://github.com/uber-go/zap) from 1.17.0 to 1.19.1.\r\n- [Release notes](https://github.com/uber-go/zap/releases)\r\n- [Changelog](https://github.com/uber-go/zap/blob/master/CHANGELOG.md)\r\n- [Commits](https://github.com/uber-go/zap/compare/v1.17.0...v1.19.1)\r\n\r\n---\r\nupdated-dependencies:\r\n- dependency-name: go.uber.org/zap\r\n  dependency-type: direct:production\r\n  update-type: version-update:semver-minor\r\n...\r\n\r\nSigned-off-by: dependabot[bot] <support@github.com>\r\n\r\nCo-authored-by: dependabot[bot] <49699333+dependabot[bot]@users.noreply.github.com>"",""distinct"":false,""url"":""https://api.github.com/repos/kumahq/kuma/commits/9378aa03b6a27f14f02c40c1d1b25f011574af01""},{""sha"":""fb463e357654f922c13055a2fc053db4b6138800"",""author"":{""name"":""dependabot[bot]"",""email"":""1c358da00a777d4e9898c1280ab801e2df165188@users.noreply.github.com""},""message"":""chore(deps) bump google.golang.org/grpc from 1.38.0 to 1.40.0 (#2737)\n\nBumps [google.golang.org/grpc](https://github.com/grpc/grpc-go) from 1.38.0 to 1.40.0.\r\n- [Release notes](https://github.com/grpc/grpc-go/releases)\r\n- [Commits](https://github.com/grpc/grpc-go/compare/v1.38.0...v1.40.0)\r\n\r\n---\r\nupdated-dependencies:\r\n- dependency-name: google.golang.org/grpc\r\n  dependency-type: direct:production\r\n  update-type: version-update:semver-minor\r\n...\r\n\r\nSigned-off-by: dependabot[bot] <support@github.com>\r\n\r\nCo-authored-by: dependabot[bot] <49699333+dependabot[bot]@users.noreply.github.com>"",""distinct"":false,""url"":""https://api.github.com/repos/kumahq/kuma/commits/fb463e357654f922c13055a2fc053db4b6138800""},{""sha"":""a423c20c3a1be78bf32bfa0e8820a7745d07eb31"",""author"":{""name"":""James D Bloom"",""email"":""3440ccfc805c093cece969938b6c613261c724bc@users.noreply.github.com""},""message"":""Adds support for specifying specific IP for cloud provider load balancers for ingress service, see: https://kubernetes.io/docs/concepts/services-networking/service/#loadbalancer or https://docs.microsoft.com/en-us/azure/aks/static-ip#create-a-service-using-the-static-ip-address (#2779)\n\nSigned-off-by: James D Bloom <733179+jamesdbloom@users.noreply.github.com>"",""distinct"":false,""url"":""https://api.github.com/repos/kumahq/kuma/commits/a423c20c3a1be78bf32bfa0e8820a7745d07eb31""},{""sha"":""a9245c52208f8203acc9326c2b6cebf7c832995c"",""author"":{""name"":""James Peach"",""email"":""cfb385863e43a54966ce6ee8158f84aabd7009b9@konghq.com""},""message"":""fix(*) send tool output to stdout (#2787)\n\nCobra defaults to writing all output to stderr. Change each root command\r\nto set the standard output stream to stdout so that normal and error\r\noutput is separated as expected.\r\n\r\nThis fixes #2786.\r\n\r\nSigned-off-by: James Peach <james.peach@konghq.com>"",""distinct"":false,""url"":""https://api.github.com/repos/kumahq/kuma/commits/a9245c52208f8203acc9326c2b6cebf7c832995c""},{""sha"":""1b7fa8385c2353779122c908a2d14d0dd16e05e2"",""author"":{""name"":""James Peach"",""email"":""cfb385863e43a54966ce6ee8158f84aabd7009b9@konghq.com""},""message"":""Fix static checks. (#2806)\n\nUpdates #2779.\r\n\r\nSigned-off-by: James Peach <james.peach@konghq.com>"",""distinct"":false,""url"":""https://api.github.com/repos/kumahq/kuma/commits/1b7fa8385c2353779122c908a2d14d0dd16e05e2""},{""sha"":""7c22dfca28c26794216f0622fbdc93dc886654d4"",""author"":{""name"":""dependabot[bot]"",""email"":""1c358da00a777d4e9898c1280ab801e2df165188@users.noreply.github.com""},""message"":""chore(deps): bump github.com/lib/pq from 1.10.2 to 1.10.3 (#2802)\n\nBumps [github.com/lib/pq](https://github.com/lib/pq) from 1.10.2 to 1.10.3.\r\n- [Release notes](https://github.com/lib/pq/releases)\r\n- [Commits](https://github.com/lib/pq/compare/v1.10.2...v1.10.3)\r\n\r\n---\r\nupdated-dependencies:\r\n- dependency-name: github.com/lib/pq\r\n  dependency-type: direct:production\r\n  update-type: version-update:semver-patch\r\n...\r\n\r\nSigned-off-by: dependabot[bot] <support@github.com>\r\n\r\nCo-authored-by: dependabot[bot] <49699333+dependabot[bot]@users.noreply.github.com>"",""distinct"":false,""url"":""https://api.github.com/repos/kumahq/kuma/commits/7c22dfca28c26794216f0622fbdc93dc886654d4""},{""sha"":""868c71c6ce168977c507c0e96baea685ad3550ae"",""author"":{""name"":""Charly Molter"",""email"":""0bf65b3a46647433ba986e4a2e1eee2b81710fbd@konghq.com""},""message"":""chore(ci) remove from dependabot conf reference to go.mod (#2797)\n\nThese go.mod were removed, there's no good reason to keep them around\r\n\r\nSigned-off-by: Charly Molter <charly.molter@konghq.com>"",""distinct"":false,""url"":""https://api.github.com/repos/kumahq/kuma/commits/868c71c6ce168977c507c0e96baea685ad3550ae""},{""sha"":""fdc5f1a95b1dbbeaa976d3dbec5c8e1966a3afdd"",""author"":{""name"":""Charly Molter"",""email"":""0bf65b3a46647433ba986e4a2e1eee2b81710fbd@konghq.com""},""message"":""chore(k8s) Use a single scheme for all of k8s (#2796)\n\n* chore(k8s) Use a single scheme for all of k8s\r\n\r\nWe were modifying the same scheme in many places when configuring the\r\ncontrollers. This is unecessary and is likely to introduce bugs.\r\nWe now use the same scheme for everything and modify it at initialization\r\n\r\nSigned-off-by: Charly Molter <charly.molter@konghq.com>"",""distinct"":false,""url"":""https://api.github.com/repos/kumahq/kuma/commits/fdc5f1a95b1dbbeaa976d3dbec5c8e1966a3afdd""},{""sha"":""09949cff3a7c3678372d67acce7c6a370c77e8f5"",""author"":{""name"":""Charly Molter"",""email"":""0bf65b3a46647433ba986e4a2e1eee2b81710fbd@konghq.com""},""message"":""chore(*) migrate from closed channel to context for app lifetime (#2804)\n\nThis is required because newer versions of the controller-runtime\r\nwill rely on context instead of a closed channel to indicate that\r\nthe app should shutdown\r\n\r\nSigned-off-by: Charly Molter <charly.molter@konghq.com>"",""distinct"":false,""url"":""https://api.github.com/repos/kumahq/kuma/commits/09949cff3a7c3678372d67acce7c6a370c77e8f5""},{""sha"":""7756bb381050192f33f0fcd00a469868838f21d6"",""author"":{""name"":""James Peach"",""email"":""cfb385863e43a54966ce6ee8158f84aabd7009b9@konghq.com""},""message"":""chore(kuma-cp) rename mTLS configuration parameter for clarity (#2808)\n\nThe service name that is passed to the `ClientSideMTLS` configurer\r\nis the used to validate the name the upstream provides in its server\r\ncertificate. It's less confusing if we call this field `UpstreamService`.\r\n\r\nSigned-off-by: James Peach <james.peach@konghq.com>"",""distinct"":false,""url"":""https://api.github.com/repos/kumahq/kuma/commits/7756bb381050192f33f0fcd00a469868838f21d6""},{""sha"":""e48d37a05b69da1adb46accc9f2aa1f183fad2c3"",""author"":{""name"":""James Peach"",""email"":""cfb385863e43a54966ce6ee8158f84aabd7009b9@konghq.com""},""message"":""chore(ci) fix \""make tidy\"" (#2818)\n\nThis fixes #2088.\r\n\r\nSigned-off-by: James Peach <james.peach@konghq.com>"",""distinct"":false,""url"":""https://api.github.com/repos/kumahq/kuma/commits/e48d37a05b69da1adb46accc9f2aa1f183fad2c3""},{""sha"":""4cf589d8157b09778c49f29875aa9a0e0561f30c"",""author"":{""name"":""parkanzky"",""email"":""bbe20d28e5ae2815de4847ec6b04cc82e867bb8b@users.noreply.github.com""},""message"":""fix(kuma-cp) apply ratelimit to service insights (#2815)\n\nSigned-off-by: Paul Parkanzky <paul.parkanzky@konghq.com>"",""distinct"":false,""url"":""https://api.github.com/repos/kumahq/kuma/commits/4cf589d8157b09778c49f29875aa9a0e0561f30c""},{""sha"":""f3536e90bba28f1b6615db7cafb31eb0fb51f676"",""author"":{""name"":""James Peach"",""email"":""cfb385863e43a54966ce6ee8158f84aabd7009b9@konghq.com""},""message"":""chore(*) remove unnecessary go-kit dependency (#2817)\n\nWrapping the Go rate limiter in an interface from go-kit doesn't have\r\nany advantages at this point. Getter to just remove the dependency.\r\n\r\nSigned-off-by: James Peach <james.peach@konghq.com>"",""distinct"":false,""url"":""https://api.github.com/repos/kumahq/kuma/commits/f3536e90bba28f1b6615db7cafb31eb0fb51f676""},{""sha"":""1333e7c965a15bed2527cf69977931021add4c35"",""author"":{""name"":""Ilya Lobkov"",""email"":""85c2ea967b105e794f3d6357820cb3c03b0bc908@konghq.com""},""message"":""docs(kuma-cp) permissive mtls proposal (#2550)\n\nSigned-off-by: Ilya Lobkov <lobkovilya@yandex.ru>"",""distinct"":false,""url"":""https://api.github.com/repos/kumahq/kuma/commits/1333e7c965a15bed2527cf69977931021add4c35""},{""sha"":""9e82ca5edc2ec671edbe8807232a1b075c17692b"",""author"":{""name"":""Bart Smykla"",""email"":""1510bcc82b444bd3d94fed33ba1fa2e72fc0e429@smykla.com""},""message"":""chore(*) small adjustments for windows compilation (#2827)\n\nHad to move config.go to separate package as when it was in istio\r\ndirictory, when compiling for windows it was failing as it was\r\ntrying to compile all transparent proxy logic, which is unix os\r\nspecific\r\n\r\nAlso adjusted sockets code to produce valid paths of unix sockets\r\nfor envoy logs for any os\r\n\r\nSigned-off-by: Bart Smykla <bartek@smykla.com>"",""distinct"":false,""url"":""https://api.github.com/repos/kumahq/kuma/commits/9e82ca5edc2ec671edbe8807232a1b075c17692b""},{""sha"":""281197217c6e416b2a8521a4f38deaf9b3023ac9"",""author"":{""name"":""Mike"",""email"":""53b3d0470b05de37d2250f66cb4dc127ca343f1d@users.noreply.github.com""},""message"":""docs(OWNERS.md) add Mike Beaumont (#2831)\n\nSigned-off-by: Michael Beaumont <mjboamail@gmail.com>"",""distinct"":false,""url"":""https://api.github.com/repos/kumahq/kuma/commits/281197217c6e416b2a8521a4f38deaf9b3023ac9""},{""sha"":""4bf896a4c0eac0839a232a221e7d49fe6af1202b"",""author"":{""name"":""Mike"",""email"":""53b3d0470b05de37d2250f66cb4dc127ca343f1d@users.noreply.github.com""},""message"":""fix(kumactl) Only warn about version compatibility where it makes sense (#2828)\n\n* fix(kumactl) Add method to check server version compatibility\r\n\r\nAlso remove logging with the k8s logger\r\n\r\nSigned-off-by: Michael Beaumont <mjboamail@gmail.com>\r\n\r\n* fix(kumactl) Only warn about version compatibility where it makes sense\r\n\r\nWarn for: apply, delete, generate, get, inspect\r\nDon't warn for: completion, config, install, uninstall, version\r\n\r\nSigned-off-by: Michael Beaumont <mjboamail@gmail.com>"",""distinct"":false,""url"":""https://api.github.com/repos/kumahq/kuma/commits/4bf896a4c0eac0839a232a221e7d49fe6af1202b""}]",,,,,,,,,,
18163148989,CreateEvent,true,2021-09-27 12:01:15.000000 UTC,5459824,jakubdyszkiewicz,175425051,kumahq/kuma,"""chore/auth-refactor""","""branch""","""user""",,,,,,,,,,,,,,
18163886849,PushEvent,true,2021-09-27 12:47:54.000000 UTC,5459824,jakubdyszkiewicz,175425051,kumahq/kuma,"""refs/heads/chore/auth-refactor""",,,8022371197,1,1,"[{""sha"":""bf44e577a1847e878e6a75fe75fd3a89a057d720"",""author"":{""name"":""Jakub Dyszkiewicz"",""email"":""a6f04ef8d80fa8efd1814afa8bd5430baa35e6d9@gmail.com""},""message"":""chore(*) refactor authz and authn to plugins\n\nSigned-off-by: Jakub Dyszkiewicz <jakub.dyszkiewicz@gmail.com>"",""distinct"":true,""url"":""https://api.github.com/repos/kumahq/kuma/commits/bf44e577a1847e878e6a75fe75fd3a89a057d720""}]",,,,,,,,,,
18164066653,DeleteEvent,true,2021-09-27 12:58:29.000000 UTC,5199868,cesar-richard,313146981,SiMDE-Projects/terraform,"""cesar/addsNewMembers""","""branch""","""user""",,,,,,,,,,,,,,
18164066779,PushEvent,true,2021-09-27 12:58:29.000000 UTC,5199868,cesar-richard,313146981,SiMDE-Projects/terraform,"""refs/heads/main""",,,8022459129,3,3,"[{""sha"":""8d1bb1c0c4cd7007ac00266e2aa57e7f3cba3d67"",""author"":{""name"":""César Richard"",""email"":""725435832a26c487871c82cd70f3c99aa0225284@weezevent.com""},""message"":""Adds G.Theunissen & L.Chappuis as members on discord"",""distinct"":true,""url"":""https://api.github.com/repos/SiMDE-Projects/terraform/commits/8d1bb1c0c4cd7007ac00266e2aa57e7f3cba3d67""},{""sha"":""ad2cab43353cd9f29ddccf0826a00e06c6a83258"",""author"":{""name"":""César Richard"",""email"":""725435832a26c487871c82cd70f3c99aa0225284@weezevent.com""},""message"":""Fixed N.Bandit username change"",""distinct"":true,""url"":""https://api.github.com/repos/SiMDE-Projects/terraform/commits/ad2cab43353cd9f29ddccf0826a00e06c6a83258""},{""sha"":""93778fe831e32de09310831cf6177a701367637f"",""author"":{""name"":""César Richard"",""email"":""725435832a26c487871c82cd70f3c99aa0225284@weezevent.com""},""message"":""Merge pull request #47 from SiMDE-Projects/cesar/addsNewMembers\n\nAdds G.Theunissen & L.Chappuis as members on discord"",""distinct"":true,""url"":""https://api.github.com/repos/SiMDE-Projects/terraform/commits/93778fe831e32de09310831cf6177a701367637f""}]",,,,,,,,,,
18164054999,IssueCommentEvent,true,2021-09-27 12:57:48.000000 UTC,41898282,github-actions[bot],313146981,SiMDE-Projects/terraform,,,,,,,,"""created""",,,,,,,,,
18164020152,IssueCommentEvent,true,2021-09-27 12:55:47.000000 UTC,41898282,github-actions[bot],313146981,SiMDE-Projects/terraform,,,,,,,,"""created""",,,,,,,,,
18164081121,PullRequestEvent,true,2021-09-27 12:59:18.000000 UTC,1177098,digitalsadhu,343817358,fabric-ds/react,,,,,,,,"""opened""",33,,,,,,,,
18167577829,PushEvent,true,2021-09-27 16:06:40.000000 UTC,16622747,10sa,310781260,10sa/helix,"""refs/heads/player-database-loaded-hooks""",,,8024090998,1,1,"[{""sha"":""4d9d1821658be56dffa3702db8cbac71de0d95d5"",""author"":{""name"":""10sa"",""email"":""63bdc274af5ac1ad4b94c2e9ec2e65250bd89299@gmail.com""},""message"":""Add `PlayerDatabaseLoaded` hooks."",""distinct"":true,""url"":""https://api.github.com/repos/10sa/helix/commits/4d9d1821658be56dffa3702db8cbac71de0d95d5""}]",,,,,,,,,,
18168125559,PushEvent,true,2021-09-27 16:41:16.000000 UTC,11245037,Qjammer,410871717,Qjammer/moby,"""refs/heads/json-file-partial-logs""",,,8024344814,3,3,"[{""sha"":""1e4bc86a9665f0ce7b047b09bb6acb2c1d2c0faf"",""author"":{""name"":""Qjammer"",""email"":""3219f57f4250fe3a3d94c265f76883811f2c48e0@gmail.com""},""message"":""Implement test essentials\n\nSigned-off-by: Ramiro Balado <baladoramiro@gmail.com>"",""distinct"":true,""url"":""https://api.github.com/repos/Qjammer/moby/commits/1e4bc86a9665f0ce7b047b09bb6acb2c1d2c0faf""},{""sha"":""4f0cedde41f1c76000dca57411c8850aecae0375"",""author"":{""name"":""Qjammer"",""email"":""3219f57f4250fe3a3d94c265f76883811f2c48e0@gmail.com""},""message"":""Partial messages are being registered\n\nSigned-off-by: Ramiro Balado <baladoramiro@gmail.com>"",""distinct"":true,""url"":""https://api.github.com/repos/Qjammer/moby/commits/4f0cedde41f1c76000dca57411c8850aecae0375""},{""sha"":""592fe2fa1ae74dbf8de577ed3b796eef51aa8e86"",""author"":{""name"":""Qjammer"",""email"":""3219f57f4250fe3a3d94c265f76883811f2c48e0@gmail.com""},""message"":""Add other data to partial logs\n\nSigned-off-by: Ramiro Balado <baladoramiro@gmail.com>"",""distinct"":true,""url"":""https://api.github.com/repos/Qjammer/moby/commits/592fe2fa1ae74dbf8de577ed3b796eef51aa8e86""}]",,,,,,,,,,
18168054596,PushEvent,true,2021-09-27 16:36:18.000000 UTC,24976862,rogday,366653779,rogday/opencv,"""refs/heads/non_continuous_argmax""",,,8024310942,1,1,"[{""sha"":""2a0b4f1f2b0cbac3e20216cb640a5e162c1087b0"",""author"":{""name"":""Smirnov Egor"",""email"":""9951d70b99a568cda55036e5dec71024df2ce43a@yandex.ru""},""message"":""fix doc"",""distinct"":true,""url"":""https://api.github.com/repos/rogday/opencv/commits/2a0b4f1f2b0cbac3e20216cb640a5e162c1087b0""}]",,,,,,,,,,
18167649352,PushEvent,true,2021-09-27 16:10:44.000000 UTC,24976862,rogday,366653779,rogday/opencv,"""refs/heads/non_continuous_argmax""",,,8024123359,1,1,"[{""sha"":""c0e41a707f4e44c8d633e4f4fdea4b85c8c66e58"",""author"":{""name"":""Smirnov Egor"",""email"":""9951d70b99a568cda55036e5dec71024df2ce43a@yandex.ru""},""message"":""fixup non-cont mats"",""distinct"":true,""url"":""https://api.github.com/repos/rogday/opencv/commits/c0e41a707f4e44c8d633e4f4fdea4b85c8c66e58""}]",,,,,,,,,,
18167928839,PushEvent,true,2021-09-27 16:27:59.000000 UTC,15802889,MordragT,408090122,MordragT/helix,"""refs/heads/master""",,,8024250812,12,12,"[{""sha"":""4a003782a51a94259ef3b5ddfacb2a148c5056e7"",""author"":{""name"":""kraem"",""email"":""ba0e29754616ee4006623e300f9af753bc4e9c2b@protonmail.com""},""message"":""enable smart case regex search by default (#761)"",""distinct"":true,""url"":""https://api.github.com/repos/MordragT/helix/commits/4a003782a51a94259ef3b5ddfacb2a148c5056e7""},{""sha"":""589f0acec5b85222190762ec8c673a9abe421545"",""author"":{""name"":""dependabot[bot]"",""email"":""1c358da00a777d4e9898c1280ab801e2df165188@users.noreply.github.com""},""message"":""build(deps): bump arc-swap from 1.3.2 to 1.4.0 (#772)\n\nBumps [arc-swap](https://github.com/vorner/arc-swap) from 1.3.2 to 1.4.0.\r\n- [Release notes](https://github.com/vorner/arc-swap/releases)\r\n- [Changelog](https://github.com/vorner/arc-swap/blob/master/CHANGELOG.md)\r\n- [Commits](https://github.com/vorner/arc-swap/compare/v1.3.2...v1.4.0)\r\n\r\n---\r\nupdated-dependencies:\r\n- dependency-name: arc-swap\r\n  dependency-type: direct:production\r\n  update-type: version-update:semver-minor\r\n...\r\n\r\nSigned-off-by: dependabot[bot] <support@github.com>\r\n\r\nCo-authored-by: dependabot[bot] <49699333+dependabot[bot]@users.noreply.github.com>"",""distinct"":true,""url"":""https://api.github.com/repos/MordragT/helix/commits/589f0acec5b85222190762ec8c673a9abe421545""},{""sha"":""5b4ae7c7b6112902cd875c865d0764aff9834de8"",""author"":{""name"":""dependabot[bot]"",""email"":""1c358da00a777d4e9898c1280ab801e2df165188@users.noreply.github.com""},""message"":""build(deps): bump unicode-width from 0.1.8 to 0.1.9 (#771)\n\nBumps [unicode-width](https://github.com/unicode-rs/unicode-width) from 0.1.8 to 0.1.9.\r\n- [Release notes](https://github.com/unicode-rs/unicode-width/releases)\r\n- [Commits](https://github.com/unicode-rs/unicode-width/compare/v0.1.8...v0.1.9)\r\n\r\n---\r\nupdated-dependencies:\r\n- dependency-name: unicode-width\r\n  dependency-type: direct:production\r\n  update-type: version-update:semver-patch\r\n...\r\n\r\nSigned-off-by: dependabot[bot] <support@github.com>\r\n\r\nCo-authored-by: dependabot[bot] <49699333+dependabot[bot]@users.noreply.github.com>"",""distinct"":true,""url"":""https://api.github.com/repos/MordragT/helix/commits/5b4ae7c7b6112902cd875c865d0764aff9834de8""},{""sha"":""a512f48e4574f7465dceecb89c4dbbfa9e21ff6f"",""author"":{""name"":""dependabot[bot]"",""email"":""1c358da00a777d4e9898c1280ab801e2df165188@users.noreply.github.com""},""message"":""build(deps): bump serde_json from 1.0.67 to 1.0.68 (#770)\n\nBumps [serde_json](https://github.com/serde-rs/json) from 1.0.67 to 1.0.68.\r\n- [Release notes](https://github.com/serde-rs/json/releases)\r\n- [Commits](https://github.com/serde-rs/json/compare/v1.0.67...v1.0.68)\r\n\r\n---\r\nupdated-dependencies:\r\n- dependency-name: serde_json\r\n  dependency-type: direct:production\r\n  update-type: version-update:semver-patch\r\n...\r\n\r\nSigned-off-by: dependabot[bot] <support@github.com>\r\n\r\nCo-authored-by: dependabot[bot] <49699333+dependabot[bot]@users.noreply.github.com>"",""distinct"":true,""url"":""https://api.github.com/repos/MordragT/helix/commits/a512f48e4574f7465dceecb89c4dbbfa9e21ff6f""},{""sha"":""9456d5c1a258e71bbb7e391dec8c3efb819e2d7d"",""author"":{""name"":""Leoi Hung Kin"",""email"":""f7ef4a1e8a3f68e851f2c766fcaec72a7542d937@outlook.com""},""message"":""Initial implementation of global search (#651)\n\n* initial implementation of global search\r\n\r\n* use tokio::sync::mpsc::unbounded_channel instead of Arc, Mutex, Waker poll_fn\r\n\r\n* use tokio_stream::wrappers::UnboundedReceiverStream to collect all search matches\r\n\r\n* regex_prompt: unified callback; refactor\r\n\r\n* global search doc"",""distinct"":true,""url"":""https://api.github.com/repos/MordragT/helix/commits/9456d5c1a258e71bbb7e391dec8c3efb819e2d7d""},{""sha"":""432bec10eddb3f51f3a6e32aedbfd566d74cde75"",""author"":{""name"":""Leoi Hung Kin"",""email"":""f7ef4a1e8a3f68e851f2c766fcaec72a7542d937@outlook.com""},""message"":""allow smart case in global search (#781)"",""distinct"":true,""url"":""https://api.github.com/repos/MordragT/helix/commits/432bec10eddb3f51f3a6e32aedbfd566d74cde75""},{""sha"":""a958d34bfbcf45c01ce0d9c0d76e681fb863fc6a"",""author"":{""name"":""lurpahi"",""email"":""4355caada29d027afc52e0b87fa8c1b82bd4c08f@users.noreply.github.com""},""message"":""Add option for automatic insertion of closing-parens/brackets/etc (#779)\n\n* Add auto-pair editor option\r\n\r\n* Document auto-pair editor option\r\n\r\n* Make cargo fmt happy\r\n\r\n* Actually make cargo fmt happy\r\n\r\n* Rename auto-pair option to auto-pairs\r\n\r\n* Inline a few constants\r\n\r\nCo-authored-by: miaomai <cunso@tutanota.com>"",""distinct"":true,""url"":""https://api.github.com/repos/MordragT/helix/commits/a958d34bfbcf45c01ce0d9c0d76e681fb863fc6a""},{""sha"":""9ea9e779b2eef293c14ae50d5767035c0a9544a5"",""author"":{""name"":""Blaž Hrastnik"",""email"":""184911b3f7af7b8aac99583da7ddfd77cc80c16c@mxxn.io""},""message"":""experiment: Move keep_primary_selection to ,"",""distinct"":true,""url"":""https://api.github.com/repos/MordragT/helix/commits/9ea9e779b2eef293c14ae50d5767035c0a9544a5""},{""sha"":""75dba1f9560c6ea579e79ff074e60ba2fb87ca63"",""author"":{""name"":""Blaž Hrastnik"",""email"":""184911b3f7af7b8aac99583da7ddfd77cc80c16c@mxxn.io""},""message"":""experiment: space+k for LSP doc, K for keep_selections"",""distinct"":true,""url"":""https://api.github.com/repos/MordragT/helix/commits/75dba1f9560c6ea579e79ff074e60ba2fb87ca63""},{""sha"":""2e0803c8d9ec0028c0d018be251c7c2b781247b3"",""author"":{""name"":""Blaž Hrastnik"",""email"":""184911b3f7af7b8aac99583da7ddfd77cc80c16c@mxxn.io""},""message"":""Implement 'remove_primary_selection' as Alt-,\n\nThis allows removing search matches from the selection\n\nFixes #713"",""distinct"":true,""url"":""https://api.github.com/repos/MordragT/helix/commits/2e0803c8d9ec0028c0d018be251c7c2b781247b3""},{""sha"":""df55eaae69d0388de26448e82f9ded483fca2f44"",""author"":{""name"":""Matt W"",""email"":""a9f592f3fa8b02b9aabb9e5ef7de52b3aeb52961@gmail.com""},""message"":""Add tilde expansion for file opening (#782)\n\n* change to helix_core's tilde expansion,\r\n    from helix-core::path::expand_tilde"",""distinct"":true,""url"":""https://api.github.com/repos/MordragT/helix/commits/df55eaae69d0388de26448e82f9ded483fca2f44""},{""sha"":""2208a57ecbbb8ce6b79bb26679e882482386eb73"",""author"":{""name"":""Thomas Wehmöller"",""email"":""3e27790f5eaaaf96f1fcc8afaaecf21404775378@gmx.de""},""message"":""Merge branch 'helix-editor:master' into master"",""distinct"":true,""url"":""https://api.github.com/repos/MordragT/helix/commits/2208a57ecbbb8ce6b79bb26679e882482386eb73""}]",,,,,,,,,,
18167715497,CreateEvent,true,2021-09-27 16:14:38.000000 UTC,91469566,kjagan26,410956284,kjagan26/react,,"""repository""","""user""",,,,,,,,,,,,,,
18167824848,CreateEvent,true,2021-09-27 16:21:12.000000 UTC,45157899,sayanasay,403942196,sayanasay/react,"""lesson5""","""branch""","""user""",,,,,,,,,,,,,,
18168202826,PushEvent,true,2021-09-27 16:46:29.000000 UTC,56207254,verantius,410957579,verantius/react,"""refs/heads/master""",,,8024380693,1,1,"[{""sha"":""aa1c4f57846d1adca572ffce2f62d539d31e54f1"",""author"":{""name"":""Adam"",""email"":""64b594242b3b8050fe156cf12d5e962e8d0990c8@gmail.com""},""message"":""first react commit"",""distinct"":true,""url"":""https://api.github.com/repos/verantius/react/commits/aa1c4f57846d1adca572ffce2f62d539d31e54f1""}]",,,,,,,,,,
18167695465,PushEvent,true,2021-09-27 16:13:27.000000 UTC,83577603,JakobB1,400180414,JakobB1/netbeans,"""refs/heads/main""",,,8024143676,1,1,"[{""sha"":""16fded22b964cb43ea4a1854bf8b74667b60147f"",""author"":{""name"":""Jakob Brkić"",""email"":""6deff9977e74ebd8fcc4245ececf4687391de5ee@users.noreply.github.com""},""message"":""nezz"",""distinct"":true,""url"":""https://api.github.com/repos/JakobB1/netbeans/commits/16fded22b964cb43ea4a1854bf8b74667b60147f""}]",,,,,,,,,,
18167777864,PushEvent,true,2021-09-27 16:18:21.000000 UTC,83577603,JakobB1,400180414,JakobB1/netbeans,"""refs/heads/main""",,,8024180824,1,1,"[{""sha"":""a1fed23055e8b6268b1083ce46cfdaa0676f4f1f"",""author"":{""name"":""Jakob Brkić"",""email"":""6deff9977e74ebd8fcc4245ececf4687391de5ee@users.noreply.github.com""},""message"":""nezz"",""distinct"":true,""url"":""https://api.github.com/repos/JakobB1/netbeans/commits/a1fed23055e8b6268b1083ce46cfdaa0676f4f1f""}]",,,,,,,,,,
18168183902,PushEvent,true,2021-09-27 16:45:14.000000 UTC,50351133,Sasayaki7,381237919,Sasayaki7/opencv,"""refs/heads/master""",,,8024371919,1,1,"[{""sha"":""21a85bfcd59e7e1429401a0ce63b47d0efd4f26a"",""author"":{""name"":""Sasayaki7"",""email"":""ef7c4f528132578296dc539ec8a4989ce6e6ad10@hotmail.com""},""message"":""removed cors, updated js"",""distinct"":true,""url"":""https://api.github.com/repos/Sasayaki7/opencv/commits/21a85bfcd59e7e1429401a0ce63b47d0efd4f26a""}]",,,,,,,,,,
18167929100,PushEvent,true,2021-09-27 16:28:00.000000 UTC,5159834,buoyantair,105518002,buoyantair/react,"""refs/heads/main""",,,8024250933,12,12,"[{""sha"":""3a50d95573b7ebdf723e08f6f78c99faf811da0b"",""author"":{""name"":""Andrew Clark"",""email"":""46f1a0bd5592a2f9244ca321b129902a06b53e03@andrewclark.io""},""message"":""Never attach ping listeners in legacy Suspense (#22407)\n\nI noticed a weird branch where we attach a ping listener even in legacy\r\nmode. It's weird because this shouldn't be necessary. Fallbacks always\r\nsynchronously commit in legacy mode, so pings never happen. (A \""ping\"" is\r\nwhen a suspended promise resolves before the fallback has committed.)\r\n\r\nIt took me a moment to remember why this case exists, but it's related\r\nto React.lazy.\r\n\r\nThere's a special case where we suspend while reconciling the children\r\nof a Suspense boundary's inner Offscreen wrapper fiber. This happens\r\nwhen a React.lazy component is a direct child of a Suspense boundary.\r\n\r\nSuspense boundaries are implemented as multiple fibers, but they are a\r\nsingle conceptual unit. The legacy mode behavior where we pretend the\r\nsuspended fiber committed as `null` won't work, because in this case the\r\n\""suspended\"" fiber is the inner Offscreen wrapper.\r\n\r\nBecause the contents of the boundary haven't started rendering yet (i.e.\r\nnothing in the tree has partially rendered) we can switch to the\r\nregular, concurrent mode behavior: mark the boundary with ShouldCapture\r\nand enter the unwind phase.\r\n\r\nHowever, even though we're switching to the concurrent mode behavior, we\r\ndon't need to attach a ping listener. So I refactored the logic so that\r\nit doesn't escape back into the regular path.\r\n\r\nIt's not really a big deal that we attach an unncessary ping listener,\r\nsince this case is so unusual. The motivation is not performance related\r\n— it's to make the logic clearer, because I'm about to add another case\r\nwhere we trigger a Suspense boundary without attaching a ping listener."",""distinct"":true,""url"":""https://api.github.com/repos/buoyantair/react/commits/3a50d95573b7ebdf723e08f6f78c99faf811da0b""},{""sha"":""1c58cfab959ae17565bc6802a3699d564f781c35"",""author"":{""name"":""Damian Cyntler"",""email"":""81506e60eee71dc76c4134679bb4df3d66491c5e@cyntler.com""},""message"":""Update Node.js to latest v14.17.6 LTS (#22401)"",""distinct"":true,""url"":""https://api.github.com/repos/buoyantair/react/commits/1c58cfab959ae17565bc6802a3699d564f781c35""},{""sha"":""d47339ea3659133940f7699144cd30453fb6ed43"",""author"":{""name"":""Sebastian Markbåge"",""email"":""8a279ae1320350359ecfec7a379763633f1edc4c@fb.com""},""message"":""[Fizz] Remove assignID mechanism (#22410)\n\n* Remove pushEmpty\r\n\r\nThis is only used to support the assignID mechanism.\r\n\r\n* Remove assignID mechanism\r\n\r\nThis effectively isn't used anyway because we always insert a dummy tag\r\ninto the fallback.\r\n\r\n* Emit the template tag with an ID directly in pending boundaries\r\n\r\nThis ensures that assigning the ID is deterministic since it's done during\r\nwriting.\r\n\r\nThis also avoids emitting it for client rendered boundaries that start as\r\nclient rendered since we never need to refer to them.\r\n\r\n* Move lazy ID initialization to the core implementation\r\n\r\nWe never need an ID before we write a pending boundary. This also ensures\r\nthat ID generation is deterministic by moving it to the write phase.\r\n\r\n* Simplify the inserted scripts\r\n\r\nWe can assume that there are no text nodes before the template tag so this\r\nsimplifies the script that finds the comment node. It should be the direct\r\nprevious child."",""distinct"":true,""url"":""https://api.github.com/repos/buoyantair/react/commits/d47339ea3659133940f7699144cd30453fb6ed43""},{""sha"":""a01cdbf8132e02773ddb376948e4c7ff7cbc72a0"",""author"":{""name"":""Brian Vaughn"",""email"":""59942a8ec08225673b377c556396ca24baabd1b2@fb.com""},""message"":""Update Yarn build-for-devtools script to account for build/build2 changes (#22418)"",""distinct"":true,""url"":""https://api.github.com/repos/buoyantair/react/commits/a01cdbf8132e02773ddb376948e4c7ff7cbc72a0""},{""sha"":""b1a1cb11680cf4a03932e8955f64d5a7ba9c89f1"",""author"":{""name"":""Brian Vaughn"",""email"":""59942a8ec08225673b377c556396ca24baabd1b2@fb.com""},""message"":""DevTools: Lazily parse indexed map sections (#22415)\n\nIndexed maps divide nested source maps into sections, annotated with a line and column offset. Since these sections are JSON and can be quickly parsed, we can easily separate them without doing the heavier base64 and VLQ decoding process. This PR updates our sourcemap parsing code to defer parsing of an indexed map section until we actually need to retrieve mappings from it."",""distinct"":true,""url"":""https://api.github.com/repos/buoyantair/react/commits/b1a1cb11680cf4a03932e8955f64d5a7ba9c89f1""},{""sha"":""af87f5a83d49bde495eb7fe760b2052ba8a76caf"",""author"":{""name"":""Brian Vaughn"",""email"":""59942a8ec08225673b377c556396ca24baabd1b2@fb.com""},""message"":""Scheduling Profiler marks should include thrown Errors (#22417)\n\nThe scheduling profiler markComponentRenderStopped method is supposed to be called when rendering finishes or when a value is thrown (Suspense or Error). Previously we were calling this in a Suspense-only path of `throwException`.\r\n\r\nThis PR updates the code to handle errors (or non-Thenables) thrown as well.\r\n\r\nIt also moves the mark logic the work loop `handleError` method, with Suspense/Error agnostic cleanup."",""distinct"":true,""url"":""https://api.github.com/repos/buoyantair/react/commits/af87f5a83d49bde495eb7fe760b2052ba8a76caf""},{""sha"":""1c73ceed5f6248679d04c5e637290cfc6d3b5264"",""author"":{""name"":""Brian Vaughn"",""email"":""59942a8ec08225673b377c556396ca24baabd1b2@fb.com""},""message"":""Scheduling Profiler marks should include thrown Errors (#22419)"",""distinct"":true,""url"":""https://api.github.com/repos/buoyantair/react/commits/1c73ceed5f6248679d04c5e637290cfc6d3b5264""},{""sha"":""029fdcebbfec51a28af27cd390dff8668bf136cf"",""author"":{""name"":""Andrew Clark"",""email"":""46f1a0bd5592a2f9244ca321b129902a06b53e03@andrewclark.io""},""message"":""root.hydrate -> root.isDehydrated (#22420)\n\nI think this naming is a bit clearer. It means the root is currently\r\nshowing server rendered content that needs to be hydrated.\r\n\r\nA dehydrated root is conceptually the same as what we call dehydrated\r\nSuspense boundary, so this makes the naming of the root align with the\r\nnaming of subtrees."",""distinct"":true,""url"":""https://api.github.com/repos/buoyantair/react/commits/029fdcebbfec51a28af27cd390dff8668bf136cf""},{""sha"":""04ccc01d967091f441f08177a5078cc6034c2a9e"",""author"":{""name"":""Andrew Clark"",""email"":""46f1a0bd5592a2f9244ca321b129902a06b53e03@andrewclark.io""},""message"":""Hydration errors should force a client render (#22416)\n\n* Refactor throwException control flow\r\n\r\nI'm about to add more branches to the Suspense-related logic in\r\n`throwException`, so before I do, I split some of the steps into\r\nseparate functions so that later I can use them in multiple places.\r\n\r\nThis commit does not change any program behavior, only the control flow\r\nsurrounding existing code.\r\n\r\n* Hydration errors should force a client render\r\n\r\nIf something errors during hydration, we should try rendering again\r\nwithout hydrating.\r\n\r\nWe'll find the nearest Suspense boundary and force it to client render,\r\ndiscarding the server-rendered content."",""distinct"":true,""url"":""https://api.github.com/repos/buoyantair/react/commits/04ccc01d967091f441f08177a5078cc6034c2a9e""},{""sha"":""3746eaf985dd92f8aa5f5658941d07b6b855e9d9"",""author"":{""name"":""BIKI DAS"",""email"":""b1fdc85c193abf9a74e3363fbbbbc1715314f5e4@gmail.com""},""message"":""Packages/React/src/ReactLazy ---> changing -1 to unintialized (#22421)"",""distinct"":true,""url"":""https://api.github.com/repos/buoyantair/react/commits/3746eaf985dd92f8aa5f5658941d07b6b855e9d9""},{""sha"":""c9d64e5f4c2b7cc70a618eec78900dbfd6d201e8"",""author"":{""name"":""Behnam Mohammadi"",""email"":""e60bfd15efa0ef0d0b5be4cda8700dbcfca0b68a@live.com""},""message"":""add hasOwnProperty to devTools backend (#22437)"",""distinct"":true,""url"":""https://api.github.com/repos/buoyantair/react/commits/c9d64e5f4c2b7cc70a618eec78900dbfd6d201e8""},{""sha"":""05726d72ccd3940a927462d520d0d2674012ad85"",""author"":{""name"":""Andrew Clark"",""email"":""46f1a0bd5592a2f9244ca321b129902a06b53e03@andrewclark.io""},""message"":""[Fix] Errors should not \""unsuspend\"" a transition (#22423)\n\nIf an error is thrown during a transition where we would have otherwise\r\nsuspended without showing a fallback (i.e. during a refresh), we should\r\nstill suspend.\r\n\r\nThe current behavior is that the error will force the fallback to\r\nappear, even if it's completely unrelated to the component that errored,\r\nwhich breaks the contract of `startTransition`."",""distinct"":true,""url"":""https://api.github.com/repos/buoyantair/react/commits/05726d72ccd3940a927462d520d0d2674012ad85""}]",,,,,,,,,,
18168198428,CreateEvent,true,2021-09-27 16:46:12.000000 UTC,85295356,rchkumar,410966351,rchkumar/terraform,"""main""","""branch""","""user""",,,,,,,,,,,,,,
18167783559,PushEvent,true,2021-09-27 16:18:42.000000 UTC,16496863,WuJiayiSH,337248742,WuJiayiSH/cocos2d-x,"""refs/heads/v3-emscripten-embinding""",,,8024183300,1,1,"[{""sha"":""972566a9440024483ff17848f4d8ccc3e2469173"",""author"":{""name"":""WuJiayiSH"",""email"":""81590a360181401bb358f0145b09f51eb7175ad6@msn.com""},""message"":""fixed ui"",""distinct"":true,""url"":""https://api.github.com/repos/WuJiayiSH/cocos2d-x/commits/972566a9440024483ff17848f4d8ccc3e2469173""}]",,,,,,,,,,
18167843254,PushEvent,true,2021-09-27 16:22:23.000000 UTC,42650045,lobpcg,151857331,lobpcg/scikit-learn,"""refs/heads/patch-1""",,,8024210275,1,1,"[{""sha"":""e661e22a9931f63b2742b10f5e5bfea8a857d94c"",""author"":{""name"":""Andrew Knyazev"",""email"":""9136a0eb59564f0de8a0f131c6e603f4e72e08f7@ucdenver.edu""},""message"":""Update _spectral.py\n\nblack formatting"",""distinct"":true,""url"":""https://api.github.com/repos/lobpcg/scikit-learn/commits/e661e22a9931f63b2742b10f5e5bfea8a857d94c""}]",,,,,,,,,,
18168198997,PullRequestReviewCommentEvent,true,2021-09-27 16:46:14.000000 UTC,32611736,SokolAlexander,404470046,dmitrytazitanov/react,,,,,,,,"""created""",6,,,,,,,,
18168198968,PullRequestReviewEvent,true,2021-09-27 16:46:14.000000 UTC,32611736,SokolAlexander,404470046,dmitrytazitanov/react,,,,,,,,"""created""",6,,,"""commented""","""NONE""",,,,
18167494945,PushEvent,true,2021-09-27 16:01:58.000000 UTC,70365318,joshiayush,401687224,joshiayush/tensorflow,"""refs/heads/master""",,,8024053502,26,26,"[{""sha"":""37cacc485defb9855c4983326cbed48da684b8e5"",""author"":{""name"":""Blake Hechtman"",""email"":""b7e6ede6c0dce642aea514111977e2ba2248ed91@google.com""},""message"":""[XLA] Correctly handle the types of zeros in dot and convolution since they natively support mixed precision.\n\nPiperOrigin-RevId: 399032916\nChange-Id: Id55552d05f4fe6f14f9be7628d1c9d86e03fa646"",""distinct"":true,""url"":""https://api.github.com/repos/joshiayush/tensorflow/commits/37cacc485defb9855c4983326cbed48da684b8e5""},{""sha"":""be2e72640722086b8382054a5ad438ee997fbc5d"",""author"":{""name"":""A. Unique TensorFlower"",""email"":""746aced590a184ef4169166e753f7c211e32e5fc@tensorflow.org""},""message"":""Go: Update generated wrapper functions for TensorFlow ops.\n\nPiperOrigin-RevId: 399054855\nChange-Id: Ic2149ac84967db0c9ae2f044c0ccb8888366f2d2"",""distinct"":true,""url"":""https://api.github.com/repos/joshiayush/tensorflow/commits/be2e72640722086b8382054a5ad438ee997fbc5d""},{""sha"":""305d30ce6130d0d621746a59dc3116c5824ab523"",""author"":{""name"":""Mehdi Amini"",""email"":""808100943be7b7010123d78912f654820a5ee1c1@google.com""},""message"":""Fix MSAN failure in TF-XLA lowering\n\nThis is an issue with an ArrayRef with content going out of scope at the end of the expression.\n\nPiperOrigin-RevId: 399055398\nChange-Id: Ieb7c4c1ce3cf77b5000553fb13b254961f187bd3"",""distinct"":true,""url"":""https://api.github.com/repos/joshiayush/tensorflow/commits/305d30ce6130d0d621746a59dc3116c5824ab523""},{""sha"":""e05e0f6068c55056c7be00e7c4e8281cafde59cf"",""author"":{""name"":""A. Unique TensorFlower"",""email"":""746aced590a184ef4169166e753f7c211e32e5fc@tensorflow.org""},""message"":""Go: Update generated wrapper functions for TensorFlow ops.\n\nPiperOrigin-RevId: 399083662\nChange-Id: I7025a7710ac2582f05cdcd4116b654fddc658a53"",""distinct"":true,""url"":""https://api.github.com/repos/joshiayush/tensorflow/commits/e05e0f6068c55056c7be00e7c4e8281cafde59cf""},{""sha"":""9aecb36fa51c64e07b38e00639bec87a992c3170"",""author"":{""name"":""Jing Dong"",""email"":""d30e2b8d11e514c224487cb7c6b7b0ab8b9fd9fd@google.com""},""message"":""Move tpu_runner out of experimental directory as it is now being deployed in prodution.\n\nWe will move the test files and tpu_fused_kernel directory out of the experimental directory in follow up CLs.\n\nPiperOrigin-RevId: 399087254\nChange-Id: Ifddeb5f7eba9ae87eaf8edcc4a914aa17ebb3e63"",""distinct"":true,""url"":""https://api.github.com/repos/joshiayush/tensorflow/commits/9aecb36fa51c64e07b38e00639bec87a992c3170""},{""sha"":""d9d2b4498923dde31cce0e7d2f0e0f828a591a98"",""author"":{""name"":""Thai Nguyen"",""email"":""77c7cb715bbfb6a72d1c8dd380160fd6eb2ba9c0@google.com""},""message"":""Refactoring: Move all metric-related code to a common directory\n\nThis makes the file structure cleaner as it collects all metric-related file under \""lite/python/\"" and it makes more sense for \""converter_error_data.proto\"" to stay under a directory named \""metrics\"" than \""metrics_wrapper\"".\n\nBesides, at the moment, if we want to add a new metric-related file, we have to choose between adding it to \""metrics_wrapper\"" (which might not match the purpose of the new file) and \""lite/python/\"" (which is too general and already crowded). Having a \""metrics\"" directory will fill that gap.\n\nPiperOrigin-RevId: 399091254\nChange-Id: I789eca7d8699b2c786b6c4b6e8f2c6daf8f9a369"",""distinct"":true,""url"":""https://api.github.com/repos/joshiayush/tensorflow/commits/d9d2b4498923dde31cce0e7d2f0e0f828a591a98""},{""sha"":""866bade85dec9a231350201fb147f9381eee55c7"",""author"":{""name"":""Stella Laurenzo"",""email"":""6e272f397544edbefaff5c117839061e3c31e01f@google.com""},""message"":""Remove deprecation on int64 type.\n\nI have half a million lines of log-spew in my CI from this and clearly there has been ~no effort in the codebase to actually stop using it. Please do not deprecate such a critical type until at least its own codebase has substantially migrated off of it.\n\nPiperOrigin-RevId: 399093429\nChange-Id: I807d9e6c79c4c33f4a50f88ba28fe5fda194ddd4"",""distinct"":true,""url"":""https://api.github.com/repos/joshiayush/tensorflow/commits/866bade85dec9a231350201fb147f9381eee55c7""},{""sha"":""e37a3a8341b1d4a600d82abe5daa8d79ad5f59cd"",""author"":{""name"":""A. Unique TensorFlower"",""email"":""746aced590a184ef4169166e753f7c211e32e5fc@tensorflow.org""},""message"":""Go: Update generated wrapper functions for TensorFlow ops.\n\nPiperOrigin-RevId: 399104960\nChange-Id: I49bb85868f907fcefe5da405f0978242e9337999"",""distinct"":true,""url"":""https://api.github.com/repos/joshiayush/tensorflow/commits/e37a3a8341b1d4a600d82abe5daa8d79ad5f59cd""},{""sha"":""9ffa4a9d9e3e4d3c0f00ca90e3845cbe0f1dba72"",""author"":{""name"":""A. Unique TensorFlower"",""email"":""746aced590a184ef4169166e753f7c211e32e5fc@tensorflow.org""},""message"":""Go: Update generated wrapper functions for TensorFlow ops.\n\nPiperOrigin-RevId: 399116682\nChange-Id: I536914a8ae8cdc6423ef416ff38a3460dd63fa90"",""distinct"":true,""url"":""https://api.github.com/repos/joshiayush/tensorflow/commits/9ffa4a9d9e3e4d3c0f00ca90e3845cbe0f1dba72""},{""sha"":""ab6d2f4442e92b058e2e6c7ff40d5094cd9a48cc"",""author"":{""name"":""Christian Sigg"",""email"":""bf0bb771be8a27677291ada19f594af5450440c6@google.com""},""message"":""Remove unused lit_test() macro.\n\nPiperOrigin-RevId: 399133502\nChange-Id: I7c96b95806a5b06d39a4fed1dc0249deb8e07ec7"",""distinct"":true,""url"":""https://api.github.com/repos/joshiayush/tensorflow/commits/ab6d2f4442e92b058e2e6c7ff40d5094cd9a48cc""},{""sha"":""ebea4a60f0557f7b1c906c81b308a3a738c4d234"",""author"":{""name"":""A. Unique TensorFlower"",""email"":""746aced590a184ef4169166e753f7c211e32e5fc@tensorflow.org""},""message"":""Go: Update generated wrapper functions for TensorFlow ops.\n\nPiperOrigin-RevId: 399133830\nChange-Id: I33fb9d930694179b5acda6695e9c0dd6b61d8329"",""distinct"":true,""url"":""https://api.github.com/repos/joshiayush/tensorflow/commits/ebea4a60f0557f7b1c906c81b308a3a738c4d234""},{""sha"":""8d174a2dc65dd86d437efd72de27ce1ed3d73470"",""author"":{""name"":""A. Unique TensorFlower"",""email"":""746aced590a184ef4169166e753f7c211e32e5fc@tensorflow.org""},""message"":""Update GraphDef version to 902.\n\nPiperOrigin-RevId: 399136060\nChange-Id: Ic4b0ae4152e9dbcd1ad9f6b240c92c900824a617"",""distinct"":true,""url"":""https://api.github.com/repos/joshiayush/tensorflow/commits/8d174a2dc65dd86d437efd72de27ce1ed3d73470""},{""sha"":""5c689295afe0b2d9c0928fcb98ba0b0356ede22b"",""author"":{""name"":""A. Unique TensorFlower"",""email"":""746aced590a184ef4169166e753f7c211e32e5fc@tensorflow.org""},""message"":""compat: Update forward compatibility horizon to 2021-09-27\n\nPiperOrigin-RevId: 399136069\nChange-Id: Id07d962b4b0ee0dd5ba2b81aa126d614f4dd54ce"",""distinct"":true,""url"":""https://api.github.com/repos/joshiayush/tensorflow/commits/5c689295afe0b2d9c0928fcb98ba0b0356ede22b""},{""sha"":""bdc6a138403e8257841e8dff6d6b9322bb65053a"",""author"":{""name"":""Tres Popp"",""email"":""bb390cedfd91dd9be00fd9562bdc5562c5867450@google.com""},""message"":""Peel once on all tiled_loop dimensions\n\nThis CL assumes that the best single rule for loop peeling is to ensure that there is a single loop without any padding needed. All dimensions are peeled once to ensure that this loop exists. Other peeled loops could be peeled again to remove more padding, but the assumption is that in the common case, this will not be worth the IR size/compile time increase.\n\nThis is a temporary rule of thumb until more advanced heuristics can be created with multiple different code generation strategies depending on the input.\n\nPiperOrigin-RevId: 399143335\nChange-Id: Ie20653fc4d900c43b03107211c9cac4a3a89781c"",""distinct"":true,""url"":""https://api.github.com/repos/joshiayush/tensorflow/commits/bdc6a138403e8257841e8dff6d6b9322bb65053a""},{""sha"":""a7fbbe862ac50b0217b6d705b7d6016feb34107d"",""author"":{""name"":""A. Unique TensorFlower"",""email"":""746aced590a184ef4169166e753f7c211e32e5fc@tensorflow.org""},""message"":""Go: Update generated wrapper functions for TensorFlow ops.\n\nPiperOrigin-RevId: 399151697\nChange-Id: Ic33be09dc10e458c12309e345e5ff5dba4dab352"",""distinct"":true,""url"":""https://api.github.com/repos/joshiayush/tensorflow/commits/a7fbbe862ac50b0217b6d705b7d6016feb34107d""},{""sha"":""7a9045dca0fb1f089034d7e48639db9f3087b672"",""author"":{""name"":""A. Unique TensorFlower"",""email"":""746aced590a184ef4169166e753f7c211e32e5fc@tensorflow.org""},""message"":""Integrate LLVM at llvm/llvm-project@8cb234e07d46\n\nUpdates LLVM usage to match\n[8cb234e07d46](https://github.com/llvm/llvm-project/commit/8cb234e07d46)\n\nPiperOrigin-RevId: 399154862\nChange-Id: I59b8c6cb5e1e2c6fd9a73eb8639fa8c92cc9f0d3"",""distinct"":true,""url"":""https://api.github.com/repos/joshiayush/tensorflow/commits/7a9045dca0fb1f089034d7e48639db9f3087b672""},{""sha"":""4d5a1c23b8b5a972172e6cf470d84e8dd85572d7"",""author"":{""name"":""A. Unique TensorFlower"",""email"":""746aced590a184ef4169166e753f7c211e32e5fc@tensorflow.org""},""message"":""Update TFRT dependency to use revision\nhttp://github.com/tensorflow/runtime/commit/b247cb1e58a3c85945847a7520e1795fde556c4e.\n\nPiperOrigin-RevId: 399156647\nChange-Id: I6bc3254abebdd0727f880926f4491a9906e0c0b2"",""distinct"":true,""url"":""https://api.github.com/repos/joshiayush/tensorflow/commits/4d5a1c23b8b5a972172e6cf470d84e8dd85572d7""},{""sha"":""a163ecfbe2cded83fcf960516754bf78b061e9c0"",""author"":{""name"":""Adrian Kuegel"",""email"":""576389c0b07786a91efdf2778233c297d15750c4@google.com""},""message"":""Enable MLIR generated Sigmoid GPU kernel by default.\n\nPiperOrigin-RevId: 399166253\nChange-Id: If71a566f63108ad5067417e77b2e394287a1f5b8"",""distinct"":true,""url"":""https://api.github.com/repos/joshiayush/tensorflow/commits/a163ecfbe2cded83fcf960516754bf78b061e9c0""},{""sha"":""75fd1c868956e0aa41efa439dbc04331b7f55e75"",""author"":{""name"":""A. Unique TensorFlower"",""email"":""746aced590a184ef4169166e753f7c211e32e5fc@tensorflow.org""},""message"":""[XLA:TPU] Adding an experimental ApproxTopK op to XLA.\nThis op is only available for the TPU backend.\n\nPiperOrigin-RevId: 399167111\nChange-Id: I034f2d24983b47804ac07f07905e0e463886dd19"",""distinct"":true,""url"":""https://api.github.com/repos/joshiayush/tensorflow/commits/75fd1c868956e0aa41efa439dbc04331b7f55e75""},{""sha"":""5ce3ff1f6ffa5bb46e516e697130e6e7a61fda64"",""author"":{""name"":""A. Unique TensorFlower"",""email"":""746aced590a184ef4169166e753f7c211e32e5fc@tensorflow.org""},""message"":""Go: Update generated wrapper functions for TensorFlow ops.\n\nPiperOrigin-RevId: 399168366\nChange-Id: Ib5def1f249633d34e3f9cdcfa56a0affd0843f07"",""distinct"":true,""url"":""https://api.github.com/repos/joshiayush/tensorflow/commits/5ce3ff1f6ffa5bb46e516e697130e6e7a61fda64""}]",,,,,,,,,,
18167590635,PushEvent,true,2021-09-27 16:07:24.000000 UTC,7650812,brunosantanati,410933274,brunosantanati/terraform,"""refs/heads/main""",,,8024096840,1,1,"[{""sha"":""d0fc5eeffa142b7b03d8b342c1a1810d5f2317c1"",""author"":{""name"":""Bruno Rafael Sant Ana"",""email"":""98185e55ca25190d3f323410552f777fdfe5c2b4@gmail.com""},""message"":""Anotacoes Terraform."",""distinct"":true,""url"":""https://api.github.com/repos/brunosantanati/terraform/commits/d0fc5eeffa142b7b03d8b342c1a1810d5f2317c1""}]",,,,,,,,,,
18168218467,PushEvent,true,2021-09-27 16:47:33.000000 UTC,30323187,christopherbate,174745221,christopherbate/tensorflow,"""refs/heads/tf-trt-dynamic-strided-slice""",,,8024387956,1,1,"[{""sha"":""faf3f3e2dbe6a269b0fa43b83f1ff0a2efd64a28"",""author"":{""name"":""Christopher Bate"",""email"":""aae8e5fda80260bf4754242e902ff0fb2559e0c4@nvidia.com""},""message"":""[TF:TRT] Remove extraneous null checks in TRTNetworkBuilder"",""distinct"":true,""url"":""https://api.github.com/repos/christopherbate/tensorflow/commits/faf3f3e2dbe6a269b0fa43b83f1ff0a2efd64a28""}]",,,,,,,,,,
18168364128,IssueCommentEvent,true,2021-09-27 16:57:02.000000 UTC,2179736,matthiasblaesing,102083576,apache/netbeans,,,,,,,,"""created""",,,,,,,,,
18167990933,PullRequestReviewCommentEvent,true,2021-09-27 16:32:03.000000 UTC,29597,bvaughn,10270250,facebook/react,,,,,,,,"""created""",22424,,,,,,,,
18167695867,ForkEvent,true,2021-09-27 16:13:28.000000 UTC,78837196,Otabek-Kholmirzaev,843222,scikit-learn/scikit-learn,,,,,,,,,,"""Otabek-Kholmirzaev/scikit-learn""",,,,,,,
18167749492,PullRequestReviewCommentEvent,true,2021-09-27 16:16:39.000000 UTC,13029839,jjerphan,843222,scikit-learn/scikit-learn,,,,,,,,"""created""",20254,,,,,,,,
18167749479,PullRequestReviewEvent,true,2021-09-27 16:16:39.000000 UTC,13029839,jjerphan,843222,scikit-learn/scikit-learn,,,,,,,,"""created""",20254,,,"""commented""","""MEMBER""",,,,
18168175380,PullRequestReviewCommentEvent,true,2021-09-27 16:37:20.000000 UTC,20180,apparentlymart,17728164,hashicorp/terraform,,,,,,,,"""created""",29659,,,,,,,,
18168175362,PullRequestReviewEvent,true,2021-09-27 16:44:40.000000 UTC,20180,apparentlymart,17728164,hashicorp/terraform,,,,,,,,"""created""",29659,,,"""approved""","""MEMBER""",,,,
18168329685,DeleteEvent,true,2021-09-27 16:55:07.000000 UTC,35067,jbardin,17728164,hashicorp/terraform,"""jbardin/really-nested-within""","""branch""","""user""",,,,,,,,,,,,,,
18168217887,PullRequestReviewEvent,true,2021-09-27 16:47:30.000000 UTC,20180,apparentlymart,17728164,hashicorp/terraform,,,,,,,,"""created""",29652,,,"""approved""","""MEMBER""",,,,
18167526907,IssueCommentEvent,true,2021-09-27 16:03:45.000000 UTC,395077,jlsherrill,4007018,Katello/katello,,,,,,,,"""created""",,,,,,,,,
18167803907,WatchEvent,true,2021-09-27 16:19:56.000000 UTC,12194594,davidpharrington,45665561,tildeio/helix,,,,,,,,"""started""",,,,,,,,,
18167732915,CreateEvent,true,2021-09-27 16:15:40.000000 UTC,48690477,itsai220,110777314,PaloAltoNetworks/phoenix,"""release-5.0.0-merge-master""","""branch""","""user""",,,,,,,,,,,,,,
18168020743,PullRequestEvent,true,2021-09-27 16:34:00.000000 UTC,48690477,itsai220,110777314,PaloAltoNetworks/phoenix,,,,,,,,"""opened""",23,,,,,,,,
18168390652,PushEvent,true,2021-09-27 16:58:47.000000 UTC,49699333,dependabot[bot],121814210,primer/react,"""refs/heads/dependabot/npm_and_yarn/babel-plugin-styled-components-1.13.2""",,,8024471270,2,1,"[{""sha"":""ad0d5c6fee8ba31035f5ea1ebf75ba4c9baa52bd"",""author"":{""name"":""dependabot[bot]"",""email"":""1c358da00a777d4e9898c1280ab801e2df165188@users.noreply.github.com""},""message"":""chore(deps-dev): bump @types/jest-axe from 3.5.1 to 3.5.3 (#1465)\n\nBumps [@types/jest-axe](https://github.com/DefinitelyTyped/DefinitelyTyped/tree/HEAD/types/jest-axe) from 3.5.1 to 3.5.3.\r\n- [Release notes](https://github.com/DefinitelyTyped/DefinitelyTyped/releases)\r\n- [Commits](https://github.com/DefinitelyTyped/DefinitelyTyped/commits/HEAD/types/jest-axe)\r\n\r\n---\r\nupdated-dependencies:\r\n- dependency-name: \""@types/jest-axe\""\r\n  dependency-type: direct:development\r\n  update-type: version-update:semver-patch\r\n...\r\n\r\nSigned-off-by: dependabot[bot] <support@github.com>\r\n\r\nCo-authored-by: dependabot[bot] <49699333+dependabot[bot]@users.noreply.github.com>"",""distinct"":false,""url"":""https://api.github.com/repos/primer/react/commits/ad0d5c6fee8ba31035f5ea1ebf75ba4c9baa52bd""},{""sha"":""d52af3dbfa9a94d7cbc6c45bbf00c1cab21b1ec8"",""author"":{""name"":""dependabot[bot]"",""email"":""1c358da00a777d4e9898c1280ab801e2df165188@users.noreply.github.com""},""message"":""chore(deps-dev): bump babel-plugin-styled-components\n\nBumps [babel-plugin-styled-components](https://github.com/styled-components/babel-plugin-styled-components) from 1.12.0 to 1.13.2.\n- [Release notes](https://github.com/styled-components/babel-plugin-styled-components/releases)\n- [Commits](https://github.com/styled-components/babel-plugin-styled-components/compare/v1.12.0...v1.13.2)\n\n---\nupdated-dependencies:\n- dependency-name: babel-plugin-styled-components\n  dependency-type: direct:development\n  update-type: version-update:semver-minor\n...\n\nSigned-off-by: dependabot[bot] <support@github.com>"",""distinct"":true,""url"":""https://api.github.com/repos/primer/react/commits/d52af3dbfa9a94d7cbc6c45bbf00c1cab21b1ec8""}]",,,,,,,,,,
18168285234,PullRequestReviewEvent,true,2021-09-27 16:52:06.000000 UTC,21195,jfuchs,121814210,primer/react,,,,,,,,"""created""",1463,,,"""commented""","""CONTRIBUTOR""",,,,
18168390850,PushEvent,true,2021-09-27 16:58:48.000000 UTC,49699333,dependabot[bot],121814210,primer/react,"""refs/heads/dependabot/npm_and_yarn/primer/primitives-4.8.1""",,,8024471385,2,1,"[{""sha"":""ad0d5c6fee8ba31035f5ea1ebf75ba4c9baa52bd"",""author"":{""name"":""dependabot[bot]"",""email"":""1c358da00a777d4e9898c1280ab801e2df165188@users.noreply.github.com""},""message"":""chore(deps-dev): bump @types/jest-axe from 3.5.1 to 3.5.3 (#1465)\n\nBumps [@types/jest-axe](https://github.com/DefinitelyTyped/DefinitelyTyped/tree/HEAD/types/jest-axe) from 3.5.1 to 3.5.3.\r\n- [Release notes](https://github.com/DefinitelyTyped/DefinitelyTyped/releases)\r\n- [Commits](https://github.com/DefinitelyTyped/DefinitelyTyped/commits/HEAD/types/jest-axe)\r\n\r\n---\r\nupdated-dependencies:\r\n- dependency-name: \""@types/jest-axe\""\r\n  dependency-type: direct:development\r\n  update-type: version-update:semver-patch\r\n...\r\n\r\nSigned-off-by: dependabot[bot] <support@github.com>\r\n\r\nCo-authored-by: dependabot[bot] <49699333+dependabot[bot]@users.noreply.github.com>"",""distinct"":false,""url"":""https://api.github.com/repos/primer/react/commits/ad0d5c6fee8ba31035f5ea1ebf75ba4c9baa52bd""},{""sha"":""7699f93ef89a42de2cb4ee73b40e0c75b415538f"",""author"":{""name"":""dependabot[bot]"",""email"":""1c358da00a777d4e9898c1280ab801e2df165188@users.noreply.github.com""},""message"":""chore(deps): bump @primer/primitives from 4.7.1 to 4.8.1\n\nBumps [@primer/primitives](https://github.com/primer/primitives) from 4.7.1 to 4.8.1.\n- [Release notes](https://github.com/primer/primitives/releases)\n- [Changelog](https://github.com/primer/primitives/blob/main/CHANGELOG.md)\n- [Commits](https://github.com/primer/primitives/compare/v4.7.1...v4.8.1)\n\n---\nupdated-dependencies:\n- dependency-name: \""@primer/primitives\""\n  dependency-type: direct:production\n  update-type: version-update:semver-minor\n...\n\nSigned-off-by: dependabot[bot] <support@github.com>"",""distinct"":true,""url"":""https://api.github.com/repos/primer/react/commits/7699f93ef89a42de2cb4ee73b40e0c75b415538f""}]",,,,,,,,,,
18168402218,PullRequestEvent,true,2021-09-27 16:59:34.000000 UTC,49699333,dependabot[bot],121814210,primer/react,,,,,,,,"""opened""",1467,,,,,,,,
18168335041,PushEvent,true,2021-09-27 16:55:28.000000 UTC,4608155,colebemis,121814210,primer/react,"""refs/heads/main""",,,8024442191,1,1,"[{""sha"":""ad0d5c6fee8ba31035f5ea1ebf75ba4c9baa52bd"",""author"":{""name"":""dependabot[bot]"",""email"":""1c358da00a777d4e9898c1280ab801e2df165188@users.noreply.github.com""},""message"":""chore(deps-dev): bump @types/jest-axe from 3.5.1 to 3.5.3 (#1465)\n\nBumps [@types/jest-axe](https://github.com/DefinitelyTyped/DefinitelyTyped/tree/HEAD/types/jest-axe) from 3.5.1 to 3.5.3.\r\n- [Release notes](https://github.com/DefinitelyTyped/DefinitelyTyped/releases)\r\n- [Commits](https://github.com/DefinitelyTyped/DefinitelyTyped/commits/HEAD/types/jest-axe)\r\n\r\n---\r\nupdated-dependencies:\r\n- dependency-name: \""@types/jest-axe\""\r\n  dependency-type: direct:development\r\n  update-type: version-update:semver-patch\r\n...\r\n\r\nSigned-off-by: dependabot[bot] <support@github.com>\r\n\r\nCo-authored-by: dependabot[bot] <49699333+dependabot[bot]@users.noreply.github.com>"",""distinct"":true,""url"":""https://api.github.com/repos/primer/react/commits/ad0d5c6fee8ba31035f5ea1ebf75ba4c9baa52bd""}]",,,,,,,,,,
18168285270,PullRequestReviewCommentEvent,true,2021-09-27 16:52:05.000000 UTC,21195,jfuchs,121814210,primer/react,,,,,,,,"""created""",1463,,,,,,,,
18168334957,DeleteEvent,true,2021-09-27 16:55:27.000000 UTC,4608155,colebemis,121814210,primer/react,"""dependabot/npm_and_yarn/types/jest-axe-3.5.3""","""branch""","""user""",,,,,,,,,,,,,,
18168357511,PushEvent,true,2021-09-27 16:56:37.000000 UTC,30705008,primer-css,121814210,primer/react,"""refs/heads/changeset-release/main""",,,8024455429,2,1,"[{""sha"":""ad0d5c6fee8ba31035f5ea1ebf75ba4c9baa52bd"",""author"":{""name"":""dependabot[bot]"",""email"":""1c358da00a777d4e9898c1280ab801e2df165188@users.noreply.github.com""},""message"":""chore(deps-dev): bump @types/jest-axe from 3.5.1 to 3.5.3 (#1465)\n\nBumps [@types/jest-axe](https://github.com/DefinitelyTyped/DefinitelyTyped/tree/HEAD/types/jest-axe) from 3.5.1 to 3.5.3.\r\n- [Release notes](https://github.com/DefinitelyTyped/DefinitelyTyped/releases)\r\n- [Commits](https://github.com/DefinitelyTyped/DefinitelyTyped/commits/HEAD/types/jest-axe)\r\n\r\n---\r\nupdated-dependencies:\r\n- dependency-name: \""@types/jest-axe\""\r\n  dependency-type: direct:development\r\n  update-type: version-update:semver-patch\r\n...\r\n\r\nSigned-off-by: dependabot[bot] <support@github.com>\r\n\r\nCo-authored-by: dependabot[bot] <49699333+dependabot[bot]@users.noreply.github.com>"",""distinct"":false,""url"":""https://api.github.com/repos/primer/react/commits/ad0d5c6fee8ba31035f5ea1ebf75ba4c9baa52bd""},{""sha"":""6d39a78b180d1cdf6bd9a9030089834fbd1322d6"",""author"":{""name"":""github-actions[bot]"",""email"":""f619e61b249410e960c3f5695eff39f17fcd5242@users.noreply.github.com""},""message"":""Version Packages"",""distinct"":true,""url"":""https://api.github.com/repos/primer/react/commits/6d39a78b180d1cdf6bd9a9030089834fbd1322d6""}]",,,,,,,,,,
18167871365,IssueCommentEvent,true,2021-09-27 16:24:12.000000 UTC,56610014,google-ml-butler[bot],45717250,tensorflow/tensorflow,,,,,,,,"""created""",,,,,,,,,
18167872644,IssuesEvent,true,2021-09-27 16:24:18.000000 UTC,56610014,google-ml-butler[bot],45717250,tensorflow/tensorflow,,,,,,,,"""closed""",,,,,,,,,
18167871665,IssueCommentEvent,true,2021-09-27 16:24:14.000000 UTC,56610014,google-ml-butler[bot],45717250,tensorflow/tensorflow,,,,,,,,"""created""",,,,,,,,,
18168187427,PullRequestReviewEvent,true,2021-09-27 16:45:28.000000 UTC,35820639,bixia1,45717250,tensorflow/tensorflow,,,,,,,,"""created""",51475,,,"""commented""","""CONTRIBUTOR""",,,,
18167873271,IssueCommentEvent,true,2021-09-27 16:24:20.000000 UTC,56610014,google-ml-butler[bot],45717250,tensorflow/tensorflow,,,,,,,,"""created""",,,,,,,,,
18167871928,IssueCommentEvent,true,2021-09-27 16:24:15.000000 UTC,56610014,google-ml-butler[bot],45717250,tensorflow/tensorflow,,,,,,,,"""created""",,,,,,,,,
18168187430,PullRequestReviewEvent,true,2021-09-27 16:45:28.000000 UTC,35820639,bixia1,45717250,tensorflow/tensorflow,,,,,,,,"""created""",51475,,,"""commented""","""CONTRIBUTOR""",,,,
18167689678,IssueCommentEvent,true,2021-09-27 16:13:06.000000 UTC,7738570,LucaCappelletti94,45717250,tensorflow/tensorflow,,,,,,,,"""created""",,,,,,,,,
18167872404,IssuesEvent,true,2021-09-27 16:24:17.000000 UTC,56610014,google-ml-butler[bot],45717250,tensorflow/tensorflow,,,,,,,,"""closed""",,,,,,,,,
18167872519,IssueCommentEvent,true,2021-09-27 16:24:17.000000 UTC,56610014,google-ml-butler[bot],45717250,tensorflow/tensorflow,,,,,,,,"""created""",,,,,,,,,
18167616617,PullRequestEvent,true,2021-09-27 16:08:53.000000 UTC,1804568,thaJeztah,7691631,moby/moby,,,,,,,,"""closed""",39605,,,,,,,,
18167606312,IssueCommentEvent,true,2021-09-27 16:08:17.000000 UTC,1804568,thaJeztah,7691631,moby/moby,,,,,,,,"""created""",,,,,,,,,
18168297758,PullRequestEvent,true,2021-09-27 16:52:56.000000 UTC,180351,alexgrist,97969812,NebulousCloud/helix,,,,,,,,"""reopened""",242,,,,,,,,
18167494924,CreateEvent,true,2021-09-27 16:01:58.000000 UTC,45942572,SiarheiSakharevich,337402726,saby/react,"""21.5100/mergerator/270921_190144""","""branch""","""user""",,,,,,,,,,,,,,
18167494811,DeleteEvent,true,2021-09-27 16:01:58.000000 UTC,45942572,SiarheiSakharevich,337402726,saby/react,"""21.5100/mergerator/270921_190144""","""branch""","""user""",,,,,,,,,,,,,,
18168101066,WatchEvent,true,2021-09-27 16:39:36.000000 UTC,2235561,sykespro,135786093,typescript-cheatsheets/react,,,,,,,,"""started""",,,,,,,,,
18168215092,PullRequestEvent,true,2021-09-27 16:47:19.000000 UTC,15802889,MordragT,268424739,helix-editor/helix,,,,,,,,"""opened""",787,,,,,,,,
18170004948,PullRequestEvent,true,2021-09-27 18:48:45.000000 UTC,19733683,snyk-bot,223957215,thebpc/react,,,,,,,,"""opened""",33,,,,,,,,
18170005784,CreateEvent,true,2021-09-27 18:48:48.000000 UTC,35102309,thebpc,223957215,thebpc/react,"""snyk-fix-53cd2a9c2f27a614d61bb85838f63e2b""","""branch""","""user""",,,,,,,,,,,,,,
18169561730,PushEvent,true,2021-09-27 18:16:13.000000 UTC,3624098,acdlite,45281256,acdlite/react,"""refs/heads/codemod-invariant""",,,8025033246,1,1,"[{""sha"":""18e317b1f4e6711e97a4054a9a48a125fc1ba687"",""author"":{""name"":""Andrew Clark"",""email"":""46f1a0bd5592a2f9244ca321b129902a06b53e03@andrewclark.io""},""message"":""Manual touch ups\n\nA few manual changes I made after the codemod ran."",""distinct"":true,""url"":""https://api.github.com/repos/acdlite/react/commits/18e317b1f4e6711e97a4054a9a48a125fc1ba687""}]",,,,,,,,,,
18170102160,CreateEvent,true,2021-09-27 18:56:04.000000 UTC,82482709,feemstr,357733184,feemstr/react,"""snyk-fix-ec7d9b411703f34a4145cdb8d220ee29""","""branch""","""user""",,,,,,,,,,,,,,
18169590072,PushEvent,true,2021-09-27 18:18:08.000000 UTC,24976862,rogday,366653779,rogday/opencv,"""refs/heads/argmaxnd""",,,8025046103,1,1,"[{""sha"":""cda7890be7620adbd430b63b64aa211cda804b59"",""author"":{""name"":""Smirnov Egor"",""email"":""9951d70b99a568cda55036e5dec71024df2ce43a@yandex.ru""},""message"":""change NaN handling"",""distinct"":true,""url"":""https://api.github.com/repos/rogday/opencv/commits/cda7890be7620adbd430b63b64aa211cda804b59""}]",,,,,,,,,,
18169522691,PushEvent,true,2021-09-27 18:13:41.000000 UTC,24976862,rogday,366653779,rogday/opencv,"""refs/heads/argmaxnd""",,,8025013721,1,1,"[{""sha"":""fd436f6ad0318a675999842b19c486f075713e43"",""author"":{""name"":""Smirnov Egor"",""email"":""9951d70b99a568cda55036e5dec71024df2ce43a@yandex.ru""},""message"":""address review comments"",""distinct"":true,""url"":""https://api.github.com/repos/rogday/opencv/commits/fd436f6ad0318a675999842b19c486f075713e43""}]",,,,,,,,,,
18169906222,PushEvent,true,2021-09-27 18:41:18.000000 UTC,89145718,sifodash,406465810,sifodash/react,"""refs/heads/master""",,,8025197159,1,1,"[{""sha"":""ca73122e06387ce060c38830bb74172720123159"",""author"":{""name"":""dave"",""email"":""9bfa7be14ce047ae4112e3480e91439f77c664d4@steamny.com""},""message"":""starting hl compare build"",""distinct"":true,""url"":""https://api.github.com/repos/sifodash/react/commits/ca73122e06387ce060c38830bb74172720123159""}]",,,,,,,,,,
18169882497,CreateEvent,true,2021-09-27 18:39:29.000000 UTC,11664811,acidmax76,404810962,acidmax76/react,"""sprint-2/step-2""","""branch""","""user""",,,,,,,,,,,,,,
18169544806,PushEvent,true,2021-09-27 18:15:07.000000 UTC,1549069,behnammodi,276963306,behnammodi/react,"""refs/heads/use-isArray-devtools-utils""",,,8025024894,1,1,"[{""sha"":""6cc291dfb2bebcdbe6667852d18d51bb518694c8"",""author"":{""name"":""Behnam Mohammadi"",""email"":""e60bfd15efa0ef0d0b5be4cda8700dbcfca0b68a@live.com""},""message"":""remove wrapper function"",""distinct"":true,""url"":""https://api.github.com/repos/behnammodi/react/commits/6cc291dfb2bebcdbe6667852d18d51bb518694c8""}]",,,,,,,,,,
18169422003,PushEvent,true,2021-09-27 18:07:15.000000 UTC,1549069,behnammodi,276963306,behnammodi/react,"""refs/heads/use-isArray-devtools-utils""",,,8024965865,1,1,"[{""sha"":""1767f758cd87cca887b6b995d06b41dc27884c4c"",""author"":{""name"":""Behnam Mohammadi"",""email"":""e60bfd15efa0ef0d0b5be4cda8700dbcfca0b68a@live.com""},""message"":""use devtool own isArray"",""distinct"":true,""url"":""https://api.github.com/repos/behnammodi/react/commits/1767f758cd87cca887b6b995d06b41dc27884c4c""}]",,,,,,,,,,
18169982209,CreateEvent,true,2021-09-27 18:47:04.000000 UTC,40196028,saitejmnvj,387832025,saitejmnvj/react,"""snyk-fix-eb0a021643f5ae20117b225346242623""","""branch""","""user""",,,,,,,,,,,,,,
18170139991,PushEvent,true,2021-09-27 18:58:57.000000 UTC,56173335,imanashoorii,410927310,imanashoorii/opencv,"""refs/heads/main""",,,8025304662,1,1,"[{""sha"":""e959188783b9fb9e5cf19fe1509b8b6984d2d33a"",""author"":{""name"":""Iman Ashoorii"",""email"":""2e97726b8a283ef8d20fe3e07e1a9aa81b6ff2ae@gmail.com""},""message"":""first-lesson"",""distinct"":true,""url"":""https://api.github.com/repos/imanashoorii/opencv/commits/e959188783b9fb9e5cf19fe1509b8b6984d2d33a""}]",,,,,,,,,,
18170110872,PushEvent,true,2021-09-27 18:56:45.000000 UTC,32175777,Hyperion101010,405708897,Hyperion101010/react,"""refs/heads/fix-22309""",,,8025291300,6,2,"[{""sha"":""c9d64e5f4c2b7cc70a618eec78900dbfd6d201e8"",""author"":{""name"":""Behnam Mohammadi"",""email"":""e60bfd15efa0ef0d0b5be4cda8700dbcfca0b68a@live.com""},""message"":""add hasOwnProperty to devTools backend (#22437)"",""distinct"":false,""url"":""https://api.github.com/repos/Hyperion101010/react/commits/c9d64e5f4c2b7cc70a618eec78900dbfd6d201e8""},{""sha"":""05726d72ccd3940a927462d520d0d2674012ad85"",""author"":{""name"":""Andrew Clark"",""email"":""46f1a0bd5592a2f9244ca321b129902a06b53e03@andrewclark.io""},""message"":""[Fix] Errors should not \""unsuspend\"" a transition (#22423)\n\nIf an error is thrown during a transition where we would have otherwise\r\nsuspended without showing a fallback (i.e. during a refresh), we should\r\nstill suspend.\r\n\r\nThe current behavior is that the error will force the fallback to\r\nappear, even if it's completely unrelated to the component that errored,\r\nwhich breaks the contract of `startTransition`."",""distinct"":false,""url"":""https://api.github.com/repos/Hyperion101010/react/commits/05726d72ccd3940a927462d520d0d2674012ad85""},{""sha"":""c88fb49d37fd01024e0a254a37b7810d107bdd1d"",""author"":{""name"":""Justin Grant"",""email"":""8d98433eeba340cfbd8ad789949e75dfb0df2bb3@users.noreply.github.com""},""message"":""Improve DEV errors if string coercion throws (Temporal.*, Symbol, etc.) (#22064)\n\n* Revise ESLint rules for string coercion\r\n\r\nCurrently, react uses `'' + value` to coerce mixed values to strings.\r\nThis code will throw for Temporal objects or symbols.\r\n\r\nTo make string-coercion safer and to improve user-facing error messages,\r\nThis commit adds a new ESLint rule called `safe-string-coercion`.\r\n\r\nThis rule has two modes: a production mode and a non-production mode.\r\n* If the `isProductionUserAppCode` option is true, then `'' + value`\r\n  coercions are allowed (because they're faster, although they may\r\n  throw) and `String(value)` coercions are disallowed. Exception:\r\n  when building error messages or running DEV-only code in prod\r\n  files, `String()` should be used because it won't throw.\r\n* If the `isProductionUserAppCode` option is false, then `'' + value`\r\n  coercions are disallowed (because they may throw, and in non-prod\r\n  code it's not worth the risk) and `String(value)` are allowed.\r\n\r\nProduction mode is used for all files which will be bundled with\r\ndevelopers' userland apps. Non-prod mode is used for all other React\r\ncode: tests, DEV blocks, devtools extension, etc.\r\n\r\nIn production mode, in addiiton to flagging `String(value)` calls,\r\nthe rule will also flag `'' + value` or `value + ''` coercions that may\r\nthrow. The rule is smart enough to silence itself in the following\r\n\""will never throw\"" cases:\r\n* When the coercion is wrapped in a `typeof` test that restricts to safe\r\n  (non-symbol, non-object) types. Example:\r\n    if (typeof value === 'string' || typeof value === 'number') {\r\n      thisWontReport('' + value);\r\n    }\r\n* When what's being coerced is a unary function result, because unary\r\n   functions never return an object or a symbol.\r\n* When the coerced value is a commonly-used numeric identifier:\r\n  `i`, `idx`, or `lineNumber`.\r\n* When the statement immeidately before the coercion is a DEV-only\r\n  call to a function from shared/CheckStringCoercion.js. This call is a\r\n  no-op in production, but in DEV it will show a console error\r\n  explaining the problem, then will throw right after a long explanatory\r\n  code comment so that debugger users will have an idea what's going on.\r\n  The check function call must be in the following format:\r\n    if (__DEV__) {\r\n      checkXxxxxStringCoercion(value);\r\n    };\r\n\r\nManually disabling the rule is usually not necessary because almost all\r\nprod use of the `'' + value` pattern falls into one of the categories\r\nabove. But in the rare cases where the rule isn't smart enough to detect\r\nsafe usage (e.g. when a coercion is inside a nested ternary operator),\r\nmanually disabling the rule will be needed.\r\n\r\nThe rule should also be manually disabled in prod error handling code\r\nwhere `String(value)` should be used for coercions, because it'd be\r\nbad to throw while building an error message or stack trace!\r\n\r\nThe prod and non-prod modes have differentiated error messages to\r\nexplain how to do a proper coercion in that mode.\r\n\r\nIf a production check call is needed but is missing or incorrect\r\n(e.g. not in a DEV block or not immediately before the coercion), then\r\na context-sensitive error message will be reported so that developers\r\ncan figure out what's wrong and how to fix the problem.\r\n\r\nBecause string coercions are now handled by the `safe-string-coercion`\r\nrule, the `no-primitive-constructor` rule no longer flags `String()`\r\nusage. It still flags `new String(value)` because that usage is almost\r\nalways a bug.\r\n\r\n* Add DEV-only string coercion check functions\r\n\r\nThis commit adds DEV-only functions to check whether coercing\r\nvalues to strings using the `'' + value` pattern will throw. If it will\r\nthrow, these functions will:\r\n1. Display a console error with a friendly error message describing\r\n   the problem and the developer can fix it.\r\n2. Perform the coercion, which will throw. Right before the line where\r\n   the throwing happens, there's a long code comment that will help\r\n   debugger users (or others looking at the exception call stack) figure\r\n   out what happened and how to fix the problem.\r\n\r\nOne of these check functions should be called before all string coercion\r\nof user-provided values, except when the the coercion is guaranteed not\r\nto throw, e.g.\r\n* if inside a typeof check like `if (typeof value === 'string')`\r\n* if coercing the result of a unary function like `+value` or `value++`\r\n* if coercing a variable named in a whitelist of numeric identifiers:\r\n  `i`, `idx`, or `lineNumber`.\r\n\r\nThe new `safe-string-coercion` internal ESLint rule enforces that\r\nthese check functions are called when they are required.\r\n\r\nOnly use these check functions in production code that will be bundled\r\nwith user apps.  For non-prod code (and for production error-handling\r\ncode), use `String(value)` instead which may be a little slower but will\r\nnever throw.\r\n\r\n* Add failing tests for string coercion\r\n\r\nAdded failing tests to verify:\r\n* That input, select, and textarea elements with value and defaultValue\r\n  set to Temporal-like objects which will throw when coerced to string\r\n  using the `'' + value` pattern.\r\n* That text elements will throw for Temporal-like objects\r\n* That dangerouslySetInnerHTML will *not* throw for Temporal-like\r\n  objects because this value is not cast to a string before passing to\r\n  the DOM.\r\n* That keys that are Temporal-like objects will throw\r\n\r\nAll tests above validate the friendly error messages thrown.\r\n\r\n* Use `String(value)` for coercion in non-prod files\r\n\r\nThis commit switches non-production code from `'' + value` (which\r\nthrows for Temporal objects and symbols) to instead use `String(value)`\r\nwhich won't throw for these or other future plus-phobic types.\r\n\r\n\""Non-produciton code\"" includes anything not bundled into user apps:\r\n* Tests and test utilities. Note that I didn't change legacy React\r\n  test fixtures because I assumed it was good for those files to\r\n  act just like old React, including coercion behavior.\r\n* Build scripts\r\n* Dev tools package - In addition to switching to `String`, I also\r\n  removed special-case code for coercing symbols which is now\r\n  unnecessary.\r\n\r\n* Add DEV-only string coercion checks to prod files\r\n\r\nThis commit adds DEV-only function calls to to check if string coercion\r\nusing `'' + value` will throw, which it will if the value is a Temporal\r\nobject or a symbol because those types can't be added with `+`.\r\n\r\nIf it will throw, then in DEV these checks will show a console error\r\nto help the user undertsand what went wrong and how to fix the\r\nproblem. After emitting the console error, the check functions will\r\nretry the coercion which will throw with a call stack that's easy (or\r\nat least easier!) to troubleshoot because the exception happens right\r\nafter a long comment explaining the issue. So whether the user is in\r\na debugger, looking at the browser console, or viewing the in-browser\r\nDEV call stack, it should be easy to understand and fix the problem.\r\n\r\nIn most cases, the safe-string-coercion ESLint rule is smart enough to\r\ndetect when a coercion is safe. But in rare cases (e.g. when a coercion\r\nis inside a ternary) this rule will have to be manually disabled.\r\n\r\nThis commit also switches error-handling code to use `String(value)`\r\nfor coercion, because it's bad to crash when you're trying to build\r\nan error message or a call stack!  Because `String()` is usually\r\ndisallowed by the `safe-string-coercion` ESLint rule in production\r\ncode, the rule must be disabled when `String()` is used."",""distinct"":false,""url"":""https://api.github.com/repos/Hyperion101010/react/commits/c88fb49d37fd01024e0a254a37b7810d107bdd1d""},{""sha"":""2e41568313620ab564425be7e5d777581e2db5d4"",""author"":{""name"":""Brian Vaughn"",""email"":""59942a8ec08225673b377c556396ca24baabd1b2@fb.com""},""message"":""DevTools encoding supports multibyte characters (e.g. \""🟩\"") (#22424)\n\nChanges our text encoding approach to properly support multibyte characters following this algorithm. Based on benchmarking, this new approach is roughly equivalent in terms of performance (sometimes slightly faster, sometimes slightly slower).\r\n\r\nI also considered using TextEncoder/TextDecoder for this, but it was much slower (~85%)."",""distinct"":false,""url"":""https://api.github.com/repos/Hyperion101010/react/commits/2e41568313620ab564425be7e5d777581e2db5d4""},{""sha"":""7ac9aee3ac283526d5fcf1f067d0a9c04aa3873e"",""author"":{""name"":""Hyperion101010"",""email"":""0425d40d43ff1abea722980a881d1141ad75b342@gmail.com""},""message"":""Merge branch 'main' of https://github.com/facebook/react into fix-22309"",""distinct"":true,""url"":""https://api.github.com/repos/Hyperion101010/react/commits/7ac9aee3ac283526d5fcf1f067d0a9c04aa3873e""},{""sha"":""874f7f27f5630e3fda69f0b774eecf2cf9971c38"",""author"":{""name"":""Hyperion101010"",""email"":""0425d40d43ff1abea722980a881d1141ad75b342@gmail.com""},""message"":""Fix missing else in ReactDOMServerFormatConfig.js\n\n Updated error message and rebased branch."",""distinct"":true,""url"":""https://api.github.com/repos/Hyperion101010/react/commits/874f7f27f5630e3fda69f0b774eecf2cf9971c38""}]",,,,,,,,,,
18169803981,PullRequestEvent,true,2021-09-27 18:33:28.000000 UTC,39814207,pull[bot],298802916,NeatNerdPrime/katello,,,,,,,,"""closed""",334,,,,,,,,
18169803846,PushEvent,true,2021-09-27 18:33:27.000000 UTC,39814207,pull[bot],298802916,NeatNerdPrime/katello,"""refs/heads/master""",,,8025148299,3,3,"[{""sha"":""eb616046ff5b5d77a3d682ad4d8d9b2ecae68b2a"",""author"":{""name"":""James Jeffers"",""email"":""7e66d8e7404d9fb110ca3890d2026fc5a28e215f@redhat.com""},""message"":""Fixes #32660 - adds an authentication token for repository remote URLS such as SLES repos"",""distinct"":true,""url"":""https://api.github.com/repos/NeatNerdPrime/katello/commits/eb616046ff5b5d77a3d682ad4d8d9b2ecae68b2a""},{""sha"":""28be3d12f9a7fe67ca69d2218ab877f0ec315fd7"",""author"":{""name"":""Samir Jha"",""email"":""a28a3baeadff1a2fb09e654babf4c05e28237412@ncsu.edu""},""message"":""Fixes #33454 - Add repositories node to generic content unit results (#9629)"",""distinct"":true,""url"":""https://api.github.com/repos/NeatNerdPrime/katello/commits/28be3d12f9a7fe67ca69d2218ab877f0ec315fd7""},{""sha"":""f3ab52fb60173ade330626ba542b413cf8900427"",""author"":{""name"":""Markus Bucher"",""email"":""d183e0e7d4e8a7f313154b477fb86ef15648eaf1@atix.de""},""message"":""Fixes #27625 - add deb applicability"",""distinct"":true,""url"":""https://api.github.com/repos/NeatNerdPrime/katello/commits/f3ab52fb60173ade330626ba542b413cf8900427""}]",,,,,,,,,,
18169889087,PushEvent,true,2021-09-27 18:40:00.000000 UTC,8641295,anna-khakimova,213638190,anna-khakimova/opencv,"""refs/heads/ak/resize_simd""",,,8025188972,1,1,"[{""sha"":""808b1ec7273b17847cf26ece4970f0cb80810366"",""author"":{""name"":""Anna Khakimova"",""email"":""d728b63a2acffb4ae291f4bdadf0fd112c35f1ff@intel.com""},""message"":""SSE42 impl improvement"",""distinct"":true,""url"":""https://api.github.com/repos/anna-khakimova/opencv/commits/808b1ec7273b17847cf26ece4970f0cb80810366""}]",,,,,,,,,,
18169696690,PushEvent,true,2021-09-27 18:25:39.000000 UTC,9978418,evangelinaf,408596335,evangelinaf/terraform,"""refs/heads/master""",,,8025097061,1,1,"[{""sha"":""96da990bfa3481c9fa85aba86173502532b559e8"",""author"":{""name"":""efiorucci"",""email"":""21252b606489450bf5cd931bb71e22416edb126a@whitepages.com""},""message"":""Reorganizing folders"",""distinct"":true,""url"":""https://api.github.com/repos/evangelinaf/terraform/commits/96da990bfa3481c9fa85aba86173502532b559e8""}]",,,,,,,,,,
18169732792,PushEvent,true,2021-09-27 18:28:14.000000 UTC,9978418,evangelinaf,408596335,evangelinaf/terraform,"""refs/heads/master""",,,8025114252,1,1,"[{""sha"":""2fa8ebf4eda10a644d11a27f1a124b55598f91e6"",""author"":{""name"":""efiorucci"",""email"":""21252b606489450bf5cd931bb71e22416edb126a@whitepages.com""},""message"":""Creating variables file"",""distinct"":true,""url"":""https://api.github.com/repos/evangelinaf/terraform/commits/2fa8ebf4eda10a644d11a27f1a124b55598f91e6""}]",,,,,,,,,,
18169823373,PushEvent,true,2021-09-27 18:34:57.000000 UTC,15607302,heshamelmasry77,133090063,heshamelmasry77/react,"""refs/heads/snyk-fix-3c53b635e1e69dc1729e575265bdeaea""",,,8025157841,1,1,"[{""sha"":""0b2b2c22af2c33fe1f2168b659125db7bb72a494"",""author"":{""name"":""snyk-bot"",""email"":""6524ae312692b75c8ed05087d0aa3c757ac39348@snyk.io""},""message"":""fix: scripts/bench/package.json to reduce vulnerabilities\n\nThe following vulnerabilities are fixed with an upgrade:\n- https://snyk.io/vuln/SNYK-JS-ANSIREGEX-1583908"",""distinct"":true,""url"":""https://api.github.com/repos/heshamelmasry77/react/commits/0b2b2c22af2c33fe1f2168b659125db7bb72a494""}]",,,,,,,,,,
18169677037,DeleteEvent,true,2021-09-27 18:24:14.000000 UTC,2133361,jmloyola,377280516,jmloyola/scikit-learn,"""fix_numpydoc_robustscaler""","""branch""","""user""",,,,,,,,,,,,,,
18169674655,DeleteEvent,true,2021-09-27 18:24:04.000000 UTC,2133361,jmloyola,377280516,jmloyola/scikit-learn,"""fix_numpydoc_missingindicator""","""branch""","""user""",,,,,,,,,,,,,,
18169481003,PushEvent,true,2021-09-27 18:10:58.000000 UTC,41898282,github-actions[bot],159692533,smalltalkman/tensorflow,"""refs/heads/master""",,,8024993919,8,8,"[{""sha"":""dca0a5b445ed7bb33996acbbc8764d5557b7d607"",""author"":{""name"":""lipracer"",""email"":""31d2c3d834a0a0b161098baaa2b965d81182ce69@gmail.com""},""message"":""[MHLO]: refine delete redundant specialization function\n\nusing c++ SFINAE auto select map template paramater"",""distinct"":true,""url"":""https://api.github.com/repos/smalltalkman/tensorflow/commits/dca0a5b445ed7bb33996acbbc8764d5557b7d607""},{""sha"":""c7ad6d72b79462bb01c86ce8f47ce2db1abb764a"",""author"":{""name"":""lipracer"",""email"":""31d2c3d834a0a0b161098baaa2b965d81182ce69@gmail.com""},""message"":""fix clang compile erroe with -std=c++14"",""distinct"":true,""url"":""https://api.github.com/repos/smalltalkman/tensorflow/commits/c7ad6d72b79462bb01c86ce8f47ce2db1abb764a""},{""sha"":""f66cb2e7f8272ccd8d83016b7c32f2375163be4e"",""author"":{""name"":""A. Unique TensorFlower"",""email"":""746aced590a184ef4169166e753f7c211e32e5fc@tensorflow.org""},""message"":""Propagate `unconditionally_use_set_output_shapes` for deferred functions as well\n\nPiperOrigin-RevId: 399219498\nChange-Id: I79e1ce2bbe402adaa641274901d171b92fa9b362"",""distinct"":true,""url"":""https://api.github.com/repos/smalltalkman/tensorflow/commits/f66cb2e7f8272ccd8d83016b7c32f2375163be4e""},{""sha"":""cde2ced5d4b58bad653e1b5868b2cfa5a1cf3dcc"",""author"":{""name"":""A. Unique TensorFlower"",""email"":""746aced590a184ef4169166e753f7c211e32e5fc@tensorflow.org""},""message"":""Rollback of rollback: Move responsibility for default algorithms to callers.\n\nThere are three instances of this pattern in the codebase (reduced from 8\nrecently), and the original CL didn't update all of them correctly.  In\nAutotuneFusedConv, it did the intended thing: when autotuning is /disabled/ and\nthe new API is enabled, choose a fallback algorithm.  Propagating this to\nAutotuneUnfusedConv went wrong: instead, it chose a fallback algorithm whenever\nautotuning was not performed, thus overruling cached autotuning decisions, and\nmaking things very slow.  In fused_conv, the code was not updated at all.\n\nPiperOrigin-RevId: 399220361\nChange-Id: Icea09a2e57010c03f5595c2681f8caa5ba544c7b"",""distinct"":true,""url"":""https://api.github.com/repos/smalltalkman/tensorflow/commits/cde2ced5d4b58bad653e1b5868b2cfa5a1cf3dcc""},{""sha"":""9f3428bf8fc5eaaea388a93e775521e80513bbaa"",""author"":{""name"":""Karim Nosir"",""email"":""b18ad2d0fce287112ab07dfc92c989dd2697c06d@google.com""},""message"":""[lite] Update analyze-variables pass to allow resource to be passed to TFLite control flow ops (If, While, CallOnce) these pass the resources for other ops inside the functions, if any of the other ops that use the resources are not supported we shouldn't enable variables. This should be handled since we inspect all ops in the graph.\n\nPiperOrigin-RevId: 399222824\nChange-Id: I0546d8abc9f72d3d9f0247e72910b6bfaf24f339"",""distinct"":true,""url"":""https://api.github.com/repos/smalltalkman/tensorflow/commits/9f3428bf8fc5eaaea388a93e775521e80513bbaa""},{""sha"":""8c624204eb686a91779149dc500e6c8c60096074"",""author"":{""name"":""TensorFlower Gardener"",""email"":""746aced590a184ef4169166e753f7c211e32e5fc@tensorflow.org""},""message"":""Merge pull request #52093 from lipracer:feature\n\nPiperOrigin-RevId: 399222945\nChange-Id: I325af2e5a88a560f9fa593a9fea8e6f562d9cdf2"",""distinct"":true,""url"":""https://api.github.com/repos/smalltalkman/tensorflow/commits/8c624204eb686a91779149dc500e6c8c60096074""},{""sha"":""3d8ec6b4caba1af7c4ee5955a9bb035296ac13f2"",""author"":{""name"":""Kuangyuan Chen"",""email"":""aa926aa014ad01d64759a4230e567ab87731ebc4@google.com""},""message"":""Internal TFRT change\n\nPiperOrigin-RevId: 399225347\nChange-Id: I5cfcbb6d5fd4723ef548320ca82cb0844422795b"",""distinct"":true,""url"":""https://api.github.com/repos/smalltalkman/tensorflow/commits/3d8ec6b4caba1af7c4ee5955a9bb035296ac13f2""},{""sha"":""b7ae5f28b4b55098ae64ed2bcab21f6e29d5abee"",""author"":{""name"":""Loren Maggiore"",""email"":""732e634f45d84bb523433be99816fb1504e48096@google.com""},""message"":""Simplify MemcpyRewritePattern by using the MemcpyOpAdaptor.\n\nPiperOrigin-RevId: 399226638\nChange-Id: Iebccf00cdce622d33e40f8a98704d09d8139dbed"",""distinct"":true,""url"":""https://api.github.com/repos/smalltalkman/tensorflow/commits/b7ae5f28b4b55098ae64ed2bcab21f6e29d5abee""}]",,,,,,,,,,
18169712870,PushEvent,true,2021-09-27 18:26:49.000000 UTC,7650812,brunosantanati,410933274,brunosantanati/terraform,"""refs/heads/main""",,,8025104857,2,2,"[{""sha"":""e7cc28019847121d7b980980ca9158356f328b77"",""author"":{""name"":""Bruno Rafael Sant Ana"",""email"":""98185e55ca25190d3f323410552f777fdfe5c2b4@gmail.com""},""message"":""Add links nas anotacoes."",""distinct"":true,""url"":""https://api.github.com/repos/brunosantanati/terraform/commits/e7cc28019847121d7b980980ca9158356f328b77""},{""sha"":""617d115c56f319e491ff249d0ecc7f62c6263ca1"",""author"":{""name"":""Bruno Rafael Sant Ana"",""email"":""98185e55ca25190d3f323410552f777fdfe5c2b4@gmail.com""},""message"":""Add security group no main.tf."",""distinct"":true,""url"":""https://api.github.com/repos/brunosantanati/terraform/commits/617d115c56f319e491ff249d0ecc7f62c6263ca1""}]",,,,,,,,,,
18169990258,PushEvent,true,2021-09-27 18:47:40.000000 UTC,7650812,brunosantanati,410933274,brunosantanati/terraform,"""refs/heads/main""",,,8025236291,2,2,"[{""sha"":""11be8e028ea22cbc25fe3dc05bfb5397fbc49510"",""author"":{""name"":""Bruno Rafael Sant Ana"",""email"":""98185e55ca25190d3f323410552f777fdfe5c2b4@gmail.com""},""message"":""Vincular instancias EC2 ao security group."",""distinct"":true,""url"":""https://api.github.com/repos/brunosantanati/terraform/commits/11be8e028ea22cbc25fe3dc05bfb5397fbc49510""},{""sha"":""6915bd2d70604a5e9b2cc440d2b847d899e85a92"",""author"":{""name"":""Bruno Rafael Sant Ana"",""email"":""98185e55ca25190d3f323410552f777fdfe5c2b4@gmail.com""},""message"":""Comando terraform show."",""distinct"":true,""url"":""https://api.github.com/repos/brunosantanati/terraform/commits/6915bd2d70604a5e9b2cc440d2b847d899e85a92""}]",,,,,,,,,,
18170055084,PushEvent,true,2021-09-27 18:52:30.000000 UTC,7650812,brunosantanati,410933274,brunosantanati/terraform,"""refs/heads/main""",,,8025265946,1,1,"[{""sha"":""31e000ad7c724661ea9bca89af924d1a7d6aaba8"",""author"":{""name"":""Bruno Rafael Sant Ana"",""email"":""98185e55ca25190d3f323410552f777fdfe5c2b4@gmail.com""},""message"":""Comando AWS CLI para ver security groups."",""distinct"":true,""url"":""https://api.github.com/repos/brunosantanati/terraform/commits/31e000ad7c724661ea9bca89af924d1a7d6aaba8""}]",,,,,,,,,,
18169325400,PushEvent,true,2021-09-27 18:01:06.000000 UTC,4741199,stefan-niedermann,409554011,stefan-niedermann/phoenix,"""refs/heads/master""",,,8024919946,1,1,"[{""sha"":""cfeb682213f987323837bb720bfb9ca685d8c017"",""author"":{""name"":""Stefan Niedermann"",""email"":""59bd0a3ff43b32849b319e645d4798d8a5d1e889@niedermann.it""},""message"":""Translate all available languages"",""distinct"":true,""url"":""https://api.github.com/repos/stefan-niedermann/phoenix/commits/cfeb682213f987323837bb720bfb9ca685d8c017""}]",,,,,,,,,,
18169358497,CreateEvent,true,2021-09-27 18:03:14.000000 UTC,75055889,efundamentals-cuongdo,410991173,efundamentals-cuongdo/react,,"""repository""","""user""",,,,,,,,,,,,,,
18169882472,PullRequestEvent,true,2021-09-27 18:39:29.000000 UTC,6027,jhaynie,390171312,pinpt/react,,,,,,,,"""closed""",138,,,,,,,,
18169909594,CommitCommentEvent,true,2021-09-27 18:41:34.000000 UTC,35613825,vercel[bot],390171312,pinpt/react,,,,,,,,,,,,,,,,,
18169882986,DeleteEvent,true,2021-09-27 18:39:31.000000 UTC,41286756,delete-merged-branch[bot],390171312,pinpt/react,"""image-speedups""","""branch""","""user""",,,,,,,,,,,,,,
18170041141,WatchEvent,true,2021-09-27 18:51:27.000000 UTC,68141773,scshiv29-dev,5108051,opencv/opencv,,,,,,,,"""started""",,,,,,,,,
18169677648,CreateEvent,true,2021-09-27 18:24:17.000000 UTC,21195,jfuchs,121814210,primer/react,"""jfuchs/typedoc-what-if""","""branch""","""user""",,,,,,,,,,,,,,
18169670275,IssueCommentEvent,true,2021-09-27 18:23:45.000000 UTC,14796566,ianballou,4007018,Katello/katello,,,,,,,,"""created""",,,,,,,,,
18169332177,IssueCommentEvent,true,2021-09-27 18:01:30.000000 UTC,29597,bvaughn,10270250,facebook/react,,,,,,,,"""created""",,,,,,,,,
18169376156,IssueCommentEvent,true,2021-09-27 18:04:20.000000 UTC,63648,sebmarkbage,10270250,facebook/react,,,,,,,,"""created""",,,,,,,,,
18169555706,PullRequestReviewEvent,true,2021-09-27 18:15:50.000000 UTC,29597,bvaughn,10270250,facebook/react,,,,,,,,"""created""",22438,,,"""approved""","""CONTRIBUTOR""",,,,
18169949471,IssueCommentEvent,true,2021-09-27 18:44:39.000000 UTC,63648,sebmarkbage,10270250,facebook/react,,,,,,,,"""created""",,,,,,,,,
18169576710,IssueCommentEvent,true,2021-09-27 18:17:14.000000 UTC,1549069,behnammodi,10270250,facebook/react,,,,,,,,"""created""",,,,,,,,,
18169505103,PullRequestReviewEvent,true,2021-09-27 18:12:30.000000 UTC,29597,bvaughn,10270250,facebook/react,,,,,,,,"""created""",22438,,,"""commented""","""CONTRIBUTOR""",,,,
18169523788,PullRequestReviewCommentEvent,true,2021-09-27 18:13:44.000000 UTC,1549069,behnammodi,10270250,facebook/react,,,,,,,,"""created""",22438,,,,,,,,
18169331549,IssueCommentEvent,true,2021-09-27 18:01:28.000000 UTC,1549069,behnammodi,10270250,facebook/react,,,,,,,,"""created""",,,,,,,,,
18170138560,IssueCommentEvent,true,2021-09-27 18:58:50.000000 UTC,32175777,Hyperion101010,10270250,facebook/react,,,,,,,,"""created""",,,,,,,,,
18169511936,WatchEvent,true,2021-09-27 18:12:57.000000 UTC,91439210,afnj,17728164,hashicorp/terraform,,,,,,,,"""started""",,,,,,,,,
18170145136,PushEvent,true,2021-09-27 18:59:21.000000 UTC,784056,elrumordelaluz,378192664,aurora-kit/react,"""refs/heads/main""",,,8025306927,1,1,"[{""sha"":""f87b654580ebec5adaad3019bb4de4013b1d3076"",""author"":{""name"":""Lionel"",""email"":""a155f6866400f0e011c5f0500d52b5262705a03e@hotmail.com""},""message"":""Update Select placeholder color when no focused"",""distinct"":true,""url"":""https://api.github.com/repos/aurora-kit/react/commits/f87b654580ebec5adaad3019bb4de4013b1d3076""}]",,,,,,,,,,
18169958100,ForkEvent,true,2021-09-27 18:45:18.000000 UTC,17004578,delington,4576305,openzipkin/zipkin,,,,,,,,,,"""delington/zipkin""",,,,,,,
18169749456,PushEvent,true,2021-09-27 18:29:27.000000 UTC,56741989,copybara-service[bot],45717250,tensorflow/tensorflow,"""refs/heads/master""",,,8025120516,1,1,"[{""sha"":""f1d8f8d1501af92b0fe1f1d37398b4dee6a4e7e2"",""author"":{""name"":""Paul Chiang"",""email"":""8a1cd9bb84400d75f9a00a3df619edad45158415@google.com""},""message"":""Collect slot variable restorations in a queue and restore them as a batch.\n\nPiperOrigin-RevId: 399236012\nChange-Id: Ia89a1037fdaae45fc48cb17a56e99cd4125e9054"",""distinct"":true,""url"":""https://api.github.com/repos/tensorflow/tensorflow/commits/f1d8f8d1501af92b0fe1f1d37398b4dee6a4e7e2""}]",,,,,,,,,,
18170040450,WatchEvent,true,2021-09-27 18:51:24.000000 UTC,68141773,scshiv29-dev,45717250,tensorflow/tensorflow,,,,,,,,"""started""",,,,,,,,,
18170053378,WatchEvent,true,2021-09-27 18:52:22.000000 UTC,68358880,marceloluisr,45717250,tensorflow/tensorflow,,,,,,,,"""started""",,,,,,,,,
18169676269,IssueCommentEvent,true,2021-09-27 18:24:11.000000 UTC,56610014,google-ml-butler[bot],45717250,tensorflow/tensorflow,,,,,,,,"""created""",,,,,,,,,
18169736250,IssueCommentEvent,true,2021-09-27 18:28:30.000000 UTC,2480569,probonopd,45717250,tensorflow/tensorflow,,,,,,,,"""created""",,,,,,,,,
18169496653,IssuesEvent,true,2021-09-27 18:11:58.000000 UTC,503414,kkimdev,45717250,tensorflow/tensorflow,,,,,,,,"""reopened""",,,,,,,,,
18169983528,IssueCommentEvent,true,2021-09-27 18:47:10.000000 UTC,59822926,Saduf2019,45717250,tensorflow/tensorflow,,,,,,,,"""created""",,,,,,,,,
18170078727,IssueCommentEvent,true,2021-09-27 18:54:17.000000 UTC,59822926,Saduf2019,45717250,tensorflow/tensorflow,,,,,,,,"""created""",,,,,,,,,
18170074395,PushEvent,true,2021-09-27 18:53:57.000000 UTC,56741989,copybara-service[bot],45717250,tensorflow/tensorflow,"""refs/heads/master""",,,8025272911,1,1,"[{""sha"":""04b3d08eb1edbb8f0f5eb64f9a4458ba482a6281"",""author"":{""name"":""A. Unique TensorFlower"",""email"":""746aced590a184ef4169166e753f7c211e32e5fc@tensorflow.org""},""message"":""Go: Update generated wrapper functions for TensorFlow ops.\n\nPiperOrigin-RevId: 399243642\nChange-Id: I634691a0a51bb6d2f48cf1435fc5cbcede3b776f"",""distinct"":true,""url"":""https://api.github.com/repos/tensorflow/tensorflow/commits/04b3d08eb1edbb8f0f5eb64f9a4458ba482a6281""}]",,,,,,,,,,
18169841788,IssueCommentEvent,true,2021-09-27 18:36:21.000000 UTC,710255,fchollet,45717250,tensorflow/tensorflow,,,,,,,,"""created""",,,,,,,,,
18169528827,PullRequestReviewEvent,true,2021-09-27 18:14:04.000000 UTC,15324633,lorentzenchr,843222,scikit-learn/scikit-learn,,,,,,,,"""created""",21020,,,"""commented""","""MEMBER""",,,,
18169448847,IssueCommentEvent,true,2021-09-27 18:08:58.000000 UTC,15324633,lorentzenchr,843222,scikit-learn/scikit-learn,,,,,,,,"""created""",,,,,,,,,
18170070754,PullRequestReviewEvent,true,2021-09-27 18:53:41.000000 UTC,13029839,jjerphan,843222,scikit-learn/scikit-learn,,,,,,,,"""created""",20254,,,"""commented""","""MEMBER""",,,,
18169966915,PullRequestReviewEvent,true,2021-09-27 18:45:57.000000 UTC,13029839,jjerphan,843222,scikit-learn/scikit-learn,,,,,,,,"""created""",20254,,,"""commented""","""MEMBER""",,,,
18169989042,IssueCommentEvent,true,2021-09-27 18:47:34.000000 UTC,7454015,glemaitre,843222,scikit-learn/scikit-learn,,,,,,,,"""created""",,,,,,,,,
18169784678,PullRequestReviewEvent,true,2021-09-27 18:32:03.000000 UTC,5402633,thomasjpfan,843222,scikit-learn/scikit-learn,,,,,,,,"""created""",20254,,,"""commented""","""MEMBER""",,,,
18169784824,PullRequestReviewCommentEvent,true,2021-09-27 18:18:18.000000 UTC,5402633,thomasjpfan,843222,scikit-learn/scikit-learn,,,,,,,,"""created""",20254,,,,,,,,
18170070795,PullRequestReviewCommentEvent,true,2021-09-27 18:53:38.000000 UTC,13029839,jjerphan,843222,scikit-learn/scikit-learn,,,,,,,,"""created""",20254,,,,,,,,
18170096041,PullRequestReviewCommentEvent,true,2021-09-27 18:55:35.000000 UTC,13029839,jjerphan,843222,scikit-learn/scikit-learn,,,,,,,,"""created""",20254,,,,,,,,
18169528825,PullRequestReviewCommentEvent,true,2021-09-27 18:14:04.000000 UTC,15324633,lorentzenchr,843222,scikit-learn/scikit-learn,,,,,,,,"""created""",21020,,,,,,,,
18169966951,PullRequestReviewCommentEvent,true,2021-09-27 18:45:56.000000 UTC,13029839,jjerphan,843222,scikit-learn/scikit-learn,,,,,,,,"""created""",20254,,,,,,,,
18169784665,PullRequestReviewEvent,true,2021-09-27 18:32:03.000000 UTC,5402633,thomasjpfan,843222,scikit-learn/scikit-learn,,,,,,,,"""created""",20254,,,"""commented""","""MEMBER""",,,,
18169695644,IssueCommentEvent,true,2021-09-27 18:25:35.000000 UTC,72866178,acse-srm3018,843222,scikit-learn/scikit-learn,,,,,,,,"""created""",,,,,,,,,
18169605265,IssueCommentEvent,true,2021-09-27 18:19:12.000000 UTC,72866178,acse-srm3018,843222,scikit-learn/scikit-learn,,,,,,,,"""created""",,,,,,,,,
18169685999,WatchEvent,true,2021-09-27 18:24:53.000000 UTC,60418882,dev856,843222,scikit-learn/scikit-learn,,,,,,,,"""started""",,,,,,,,,
18170095972,PullRequestReviewEvent,true,2021-09-27 18:55:36.000000 UTC,13029839,jjerphan,843222,scikit-learn/scikit-learn,,,,,,,,"""created""",20254,,,"""commented""","""MEMBER""",,,,
18169926756,IssueCommentEvent,true,2021-09-27 18:42:55.000000 UTC,16622747,10sa,97969812,NebulousCloud/helix,,,,,,,,"""created""",,,,,,,,,
18169724762,IssueCommentEvent,true,2021-09-27 18:27:40.000000 UTC,26360935,FlorianLeChat,97969812,NebulousCloud/helix,,,,,,,,"""created""",,,,,,,,,
18169859565,IssueCommentEvent,true,2021-09-27 18:37:44.000000 UTC,16622747,10sa,97969812,NebulousCloud/helix,,,,,,,,"""created""",,,,,,,,,
18169397078,IssuesEvent,true,2021-09-27 18:05:40.000000 UTC,576796,chrismccord,16072585,phoenixframework/phoenix,,,,,,,,"""opened""",,,,,,,,,
18166057234,PullRequestEvent,true,2021-09-27 14:43:30.000000 UTC,49699333,dependabot[bot],370223521,jpeach/kuma,,,,,,,,"""opened""",19,,,,,,,,
18165399586,IssueCommentEvent,true,2021-09-27 14:09:28.000000 UTC,49699333,dependabot[bot],370223521,jpeach/kuma,,,,,,,,"""created""",,,,,,,,,
18166057236,CreateEvent,true,2021-09-27 14:43:30.000000 UTC,49699333,dependabot[bot],370223521,jpeach/kuma,"""dependabot/go_modules/github.com/gruntwork-io/terratest-0.37.11""","""branch""","""user""",,,,,,,,,,,,,,
18166057769,IssueCommentEvent,true,2021-09-27 14:43:31.000000 UTC,49699333,dependabot[bot],370223521,jpeach/kuma,,,,,,,,"""created""",,,,,,,,,
18165603361,PushEvent,true,2021-09-27 14:19:53.000000 UTC,75636190,AnnaMoe,410578099,AnnaMoe/react,"""refs/heads/main""",,,8023178744,1,1,"[{""sha"":""0e59c8ed5de4ddfb7edcbadb53962abd2b3fa406"",""author"":{""name"":""Anna Moelling"",""email"":""e60dbe9cad3b871f1c374ca29d216d8a9a9413b7@googlemail.com""},""message"":""child-to-parent-component communication"",""distinct"":true,""url"":""https://api.github.com/repos/AnnaMoe/react/commits/0e59c8ed5de4ddfb7edcbadb53962abd2b3fa406""}]",,,,,,,,,,
18165269014,PushEvent,true,2021-09-27 14:03:03.000000 UTC,4981219,alalek,408451037,mologie/opencv,"""refs/heads/fix-dnn-tf-on-arm""",,,8023024166,22,12,"[{""sha"":""1aacb9bb1513315267b42ecdc1bb05eb3b38a38b"",""author"":{""name"":""Alexander Alekhin"",""email"":""68add3c7f0912f500ebe6e9539930fd1bb229c72@gmail.com""},""message"":""dnn(perf): update convolution tests"",""distinct"":false,""url"":""https://api.github.com/repos/mologie/opencv/commits/1aacb9bb1513315267b42ecdc1bb05eb3b38a38b""},{""sha"":""9d1e8b1e1ddef6b591d9cce41b625a0c8fb992a5"",""author"":{""name"":""Suleyman TURKMEN"",""email"":""6e5cd4a05a4fda30cc3c44e229cb1805dd88085d@hotmail.com""},""message"":""Update convexhull.cpp"",""distinct"":false,""url"":""https://api.github.com/repos/mologie/opencv/commits/9d1e8b1e1ddef6b591d9cce41b625a0c8fb992a5""},{""sha"":""6e66a9222a071892ea9f1c9c7951fdcc85e08f7b"",""author"":{""name"":""Alexander Alekhin"",""email"":""68add3c7f0912f500ebe6e9539930fd1bb229c72@gmail.com""},""message"":""dnn(onnx): fix format specifier"",""distinct"":false,""url"":""https://api.github.com/repos/mologie/opencv/commits/6e66a9222a071892ea9f1c9c7951fdcc85e08f7b""},{""sha"":""1e3be09b3b9c5f811cf4a91d9159c49e060925bb"",""author"":{""name"":""Alexander Alekhin"",""email"":""68add3c7f0912f500ebe6e9539930fd1bb229c72@gmail.com""},""message"":""Merge pull request #20693 from alalek:backport_merge34_fix"",""distinct"":false,""url"":""https://api.github.com/repos/mologie/opencv/commits/1e3be09b3b9c5f811cf4a91d9159c49e060925bb""},{""sha"":""1618c963e4c89a816dfa6bfebb3e94764b357d61"",""author"":{""name"":""Alexander Panov"",""email"":""964bc18a37728d31bd09a19504cebed23272097e@xperience.ai""},""message"":""Merge pull request #20676 from AleksandrPanov:delete_createConvexHull_convertTo\n\n* deleted dublicated createConvexHull and convertTo\r\n\r\n* replaced checkVector(2) with points.empty()"",""distinct"":false,""url"":""https://api.github.com/repos/mologie/opencv/commits/1618c963e4c89a816dfa6bfebb3e94764b357d61""},{""sha"":""3385d386481962fb4b0619780c87fbf1c78d5c81"",""author"":{""name"":""Alexander Alekhin"",""email"":""68add3c7f0912f500ebe6e9539930fd1bb229c72@gmail.com""},""message"":""cmake: fix handling of INF_ENGINE_RELEASE\n\n- default value should be handled earlier"",""distinct"":false,""url"":""https://api.github.com/repos/mologie/opencv/commits/3385d386481962fb4b0619780c87fbf1c78d5c81""},{""sha"":""96f25332ea7b2389fdc1608bf1dce288c1ddc6d3"",""author"":{""name"":""Alexander Alekhin"",""email"":""68add3c7f0912f500ebe6e9539930fd1bb229c72@gmail.com""},""message"":""Merge pull request #20692 from sturkmen72:update_convexhull_cpp"",""distinct"":false,""url"":""https://api.github.com/repos/mologie/opencv/commits/96f25332ea7b2389fdc1608bf1dce288c1ddc6d3""},{""sha"":""6fa63dcc0c1acb17c07a6e27cdef715a25435dff"",""author"":{""name"":""Alexander Alekhin"",""email"":""68add3c7f0912f500ebe6e9539930fd1bb229c72@gmail.com""},""message"":""Merge pull request #20700 from alalek:cmake_fix_handling_ie_version"",""distinct"":false,""url"":""https://api.github.com/repos/mologie/opencv/commits/6fa63dcc0c1acb17c07a6e27cdef715a25435dff""},{""sha"":""c410d7a97d03f2749d737b9e9232cd738fe09ed2"",""author"":{""name"":""rogday"",""email"":""9951d70b99a568cda55036e5dec71024df2ce43a@yandex.ru""},""message"":""Merge pull request #20671 from rogday:yolov4x-mish\n\nAdd support for YOLOv4x-mish\r\n\r\n* backport to 3.4 for supporting yolov4x-mish\r\n\r\n* add YOLOv4x-mish test\r\n\r\n* address review comments\r\n\r\nCo-authored-by: Guo Xu <guoxu@1school.com.cn>"",""distinct"":false,""url"":""https://api.github.com/repos/mologie/opencv/commits/c410d7a97d03f2749d737b9e9232cd738fe09ed2""},{""sha"":""46fd26e366eed949c8dad7996dd7d0fec491675d"",""author"":{""name"":""Alexander Alekhin"",""email"":""68add3c7f0912f500ebe6e9539930fd1bb229c72@gmail.com""},""message"":""Merge pull request #20699 from alalek:dnn_perf_update_convolution_tests"",""distinct"":false,""url"":""https://api.github.com/repos/mologie/opencv/commits/46fd26e366eed949c8dad7996dd7d0fec491675d""},{""sha"":""9c5d7716e273284d4973eefdef079436c7caaa9d"",""author"":{""name"":""SamFC10"",""email"":""698de89357824e9e1a6b901f367c9eb7db76d8bf@gmail.com""},""message"":""fix for unsqueeze opset version 13"",""distinct"":true,""url"":""https://api.github.com/repos/mologie/opencv/commits/9c5d7716e273284d4973eefdef079436c7caaa9d""},{""sha"":""a4e2c563178ba4d5aa1e27aed9dbdd850bd596e2"",""author"":{""name"":""Alexander Alekhin"",""email"":""68add3c7f0912f500ebe6e9539930fd1bb229c72@gmail.com""},""message"":""Merge pull request #20713 from SamFC10:unsqueeze-opset13"",""distinct"":true,""url"":""https://api.github.com/repos/mologie/opencv/commits/a4e2c563178ba4d5aa1e27aed9dbdd850bd596e2""},{""sha"":""f7b4b750d8930b5bb6696cea6d609dc70a0597db"",""author"":{""name"":""mikael"",""email"":""db0bc01cafdcc5adfb51f6844b2d7ab21963ee5d@FreeBSD.org""},""message"":""Detect FP16 on FreeBSD aarch64"",""distinct"":true,""url"":""https://api.github.com/repos/mologie/opencv/commits/f7b4b750d8930b5bb6696cea6d609dc70a0597db""},{""sha"":""998406d20e93aa36b26fd56506f3ea8a82b43c24"",""author"":{""name"":""Alexander Alekhin"",""email"":""68add3c7f0912f500ebe6e9539930fd1bb229c72@gmail.com""},""message"":""Merge pull request #20729 from MikaelUrankar:3.4"",""distinct"":true,""url"":""https://api.github.com/repos/mologie/opencv/commits/998406d20e93aa36b26fd56506f3ea8a82b43c24""},{""sha"":""86a51015b1b5e1d2c555aff6abdf0f50d4ed3f5a"",""author"":{""name"":""Amir Tulegenov"",""email"":""d0963a63dbf2e522280f0e613a46bd887c9520e3@gmail.com""},""message"":""Merge pull request #19554 from amirtu:OCV-215_cvtColorTwoPlane_wrong_output_when_Y_Plane_Mat_has_step\n\ndifferent paddings in cvtColorTwoPlane() for biplane YUV420\r\n\r\n* Different paddings support in cvtColorTwoPlane() for biplane YUV420\r\n\r\n* Build fix for dispatch case.\r\n\r\n* Resoted old behaviour for y.step==uv.step to exclude perf regressions.\r\n\r\nCo-authored-by: amir.tulegenov <amir.tulegenov@xperience.ai>\r\nCo-authored-by: Alexander Smorkalov <alexander.smorkalov@xperience.ai>"",""distinct"":true,""url"":""https://api.github.com/repos/mologie/opencv/commits/86a51015b1b5e1d2c555aff6abdf0f50d4ed3f5a""},{""sha"":""f9bd83c8547054357b0ecc55dadda787e5422dad"",""author"":{""name"":""Tsukasa Sugiura"",""email"":""2765b7a52d50d03e1d89c7f6294254512ff440f8@gmail.com""},""message"":""fix cast in text detection sample"",""distinct"":true,""url"":""https://api.github.com/repos/mologie/opencv/commits/f9bd83c8547054357b0ecc55dadda787e5422dad""},{""sha"":""45aabc5d0d4f951daa140012c67146ae31b6b610"",""author"":{""name"":""Alexander Alekhin"",""email"":""68add3c7f0912f500ebe6e9539930fd1bb229c72@gmail.com""},""message"":""Merge pull request #20742 from UnaNancyOwen:fix_text_detection"",""distinct"":true,""url"":""https://api.github.com/repos/mologie/opencv/commits/45aabc5d0d4f951daa140012c67146ae31b6b610""},{""sha"":""91ff45fbde176ff749a7d4c1b265c73370e2ea7e"",""author"":{""name"":""easonycwang"",""email"":""c63b1ec2f3a572a492b39a34ac2d5a3e298c719a@tencent.com""},""message"":""Tile:\nThis submission is used to improve the performance of the inpaint algorithm for 3 channels images(RGB or BGR).\n\nReason:\nThe original algorithm implementation did not consider the cache hits.\nThe loop of channels is outside the core loop, so the perfmance is not very good.\nMoving the channel loop inside the core loop can significantly improve cache hits, thereby improving performance.\n\nPerformance:\n360P, about >= 30% improvement\niphone8P: 5.52ms -> 3.75ms\niphone6s: 14.04ms -> 9.15ms"",""distinct"":true,""url"":""https://api.github.com/repos/mologie/opencv/commits/91ff45fbde176ff749a7d4c1b265c73370e2ea7e""},{""sha"":""f96569da1e0f9ce645b9ae7556c0bdb09bf4e0ea"",""author"":{""name"":""Alexander Alekhin"",""email"":""68add3c7f0912f500ebe6e9539930fd1bb229c72@gmail.com""},""message"":""Merge pull request #20746 from easonycwang:easonycwang/inpaint_perf_opt"",""distinct"":true,""url"":""https://api.github.com/repos/mologie/opencv/commits/f96569da1e0f9ce645b9ae7556c0bdb09bf4e0ea""},{""sha"":""236c64a17d4c9e1eac3fb25044bdfeceba1d7463"",""author"":{""name"":""Nicholas Ho"",""email"":""1b5823f777753099077538ba9a222df5c7261458@users.noreply.github.com""},""message"":""Merge pull request #20712 from Nicholas-Ho-arm:3.4_RowVec_8u32f\n\n* Add RowVec_8u32f\r\n\r\n* Fix build errors in Linux x64 Debug and armeabi-v7a\r\n\r\n* Reformat code to make it more clean and conventional\r\n\r\n* Optimise with vx_load_expand_q()"",""distinct"":true,""url"":""https://api.github.com/repos/mologie/opencv/commits/236c64a17d4c9e1eac3fb25044bdfeceba1d7463""}]",,,,,,,,,,
18165268683,CreateEvent,true,2021-09-27 14:03:02.000000 UTC,91449991,natteo96,410908419,natteo96/react,,"""repository""","""user""",,,,,,,,,,,,,,
18165292681,CreateEvent,true,2021-09-27 14:04:11.000000 UTC,91449991,natteo96,410908419,natteo96/react,"""new_branch""","""branch""","""user""",,,,,,,,,,,,,,
18165984926,PushEvent,true,2021-09-27 14:39:42.000000 UTC,83577603,JakobB1,400180414,JakobB1/netbeans,"""refs/heads/main""",,,8023357350,1,1,"[{""sha"":""e24f5cf4bc62c1bb0049e6dd0bec795bc7ed23a1"",""author"":{""name"":""Jakob Brkić"",""email"":""6deff9977e74ebd8fcc4245ececf4687391de5ee@users.noreply.github.com""},""message"":""izmejeneIsplash"",""distinct"":true,""url"":""https://api.github.com/repos/JakobB1/netbeans/commits/e24f5cf4bc62c1bb0049e6dd0bec795bc7ed23a1""}]",,,,,,,,,,
18165800438,PushEvent,true,2021-09-27 14:29:58.000000 UTC,83577603,JakobB1,400180414,JakobB1/netbeans,"""refs/heads/main""",,,8023271411,1,1,"[{""sha"":""988ba6442c365a22a7569fba40cc09314e7df446"",""author"":{""name"":""Jakob Brkić"",""email"":""6deff9977e74ebd8fcc4245ececf4687391de5ee@users.noreply.github.com""},""message"":""er"",""distinct"":true,""url"":""https://api.github.com/repos/JakobB1/netbeans/commits/988ba6442c365a22a7569fba40cc09314e7df446""}]",,,,,,,,,,
18165734741,PushEvent,true,2021-09-27 14:26:28.000000 UTC,83577603,JakobB1,400180414,JakobB1/netbeans,"""refs/heads/main""",,,8023240792,1,1,"[{""sha"":""df344f17053bce84f27015af4977a54db7ace866"",""author"":{""name"":""Jakob Brkić"",""email"":""6deff9977e74ebd8fcc4245ececf4687391de5ee@users.noreply.github.com""},""message"":""dodano"",""distinct"":true,""url"":""https://api.github.com/repos/JakobB1/netbeans/commits/df344f17053bce84f27015af4977a54db7ace866""}]",,,,,,,,,,
18165295631,PushEvent,true,2021-09-27 14:04:19.000000 UTC,83577603,JakobB1,400180414,JakobB1/netbeans,"""refs/heads/main""",,,8023036370,1,1,"[{""sha"":""dbcf2b50ea01af8572503ad525e6ae7a75c82925"",""author"":{""name"":""Jakob Brkić"",""email"":""6deff9977e74ebd8fcc4245ececf4687391de5ee@users.noreply.github.com""},""message"":""obrada"",""distinct"":true,""url"":""https://api.github.com/repos/JakobB1/netbeans/commits/dbcf2b50ea01af8572503ad525e6ae7a75c82925""}]",,,,,,,,,,
18165298286,PushEvent,true,2021-09-27 14:04:27.000000 UTC,83577603,JakobB1,400180414,JakobB1/netbeans,"""refs/heads/main""",,,8023037512,1,1,"[{""sha"":""0549f82ec86e0f314ccd1c1a8b6d75427c48cdb3"",""author"":{""name"":""Jakob Brkić"",""email"":""6deff9977e74ebd8fcc4245ececf4687391de5ee@users.noreply.github.com""},""message"":""ObradaDjelatnik"",""distinct"":true,""url"":""https://api.github.com/repos/JakobB1/netbeans/commits/0549f82ec86e0f314ccd1c1a8b6d75427c48cdb3""}]",,,,,,,,,,
18166255446,PushEvent,true,2021-09-27 14:53:50.000000 UTC,74218759,eunhye8767,391995272,eunhye8767/react,"""refs/heads/master""",,,8023483389,1,1,"[{""sha"":""e13e655528b6762d251ca53b56edc89a32847a86"",""author"":{""name"":""eunhye8767"",""email"":""fc797f715e96ed64b7c83f3493a63213f8c83004@gmail.com""},""message"":""리액트 - 앱(PWA)처럼 사용하기"",""distinct"":true,""url"":""https://api.github.com/repos/eunhye8767/react/commits/e13e655528b6762d251ca53b56edc89a32847a86""}]",,,,,,,,,,
18165368149,PushEvent,true,2021-09-27 14:07:54.000000 UTC,14796566,ianballou,160387968,ianballou/katello,"""refs/heads/32435-epel-exclusion-issue""",,,8023068817,7,1,"[{""sha"":""6d755b7dff116d611bf6eb5dfc73a3ab0c11cf02"",""author"":{""name"":""Dominik Matoulek"",""email"":""76c8182a614b5ba0a9f12722d2595cb908991d9e@gmail.com""},""message"":""fixes #33439 - Update settings explanation\n\nSetting has now \""Yes\"" and \""No\"" options for boolean options. Explanations\ndoesn't reflect that. This PR fix that."",""distinct"":false,""url"":""https://api.github.com/repos/ianballou/katello/commits/6d755b7dff116d611bf6eb5dfc73a3ab0c11cf02""},{""sha"":""0ab4aaa37532488c9d7f4480ad645d3f850078e2"",""author"":{""name"":""Ian Ballou"",""email"":""b865fd8cb13db426a526c02ff2dcb819143d1c07@gmail.com""},""message"":""Fixes #33287 - Duplicate key error with two applicability gen tasks (#9653)"",""distinct"":false,""url"":""https://api.github.com/repos/ianballou/katello/commits/0ab4aaa37532488c9d7f4480ad645d3f850078e2""},{""sha"":""0637b1045d7b3079268ee5b2d4a23ee1e1ad5620"",""author"":{""name"":""Justin Sherrill"",""email"":""3b7956c5658ff30fd7323f2b607d0bc0577d4862@redhat.com""},""message"":""Fixes #33562 - update to dynflow 1.6.1\n\nThe new serialization method support serializing complex\nkeys within input, so we no longer need to parse them"",""distinct"":false,""url"":""https://api.github.com/repos/ianballou/katello/commits/0637b1045d7b3079268ee5b2d4a23ee1e1ad5620""},{""sha"":""eb616046ff5b5d77a3d682ad4d8d9b2ecae68b2a"",""author"":{""name"":""James Jeffers"",""email"":""7e66d8e7404d9fb110ca3890d2026fc5a28e215f@redhat.com""},""message"":""Fixes #32660 - adds an authentication token for repository remote URLS such as SLES repos"",""distinct"":false,""url"":""https://api.github.com/repos/ianballou/katello/commits/eb616046ff5b5d77a3d682ad4d8d9b2ecae68b2a""},{""sha"":""28be3d12f9a7fe67ca69d2218ab877f0ec315fd7"",""author"":{""name"":""Samir Jha"",""email"":""a28a3baeadff1a2fb09e654babf4c05e28237412@ncsu.edu""},""message"":""Fixes #33454 - Add repositories node to generic content unit results (#9629)"",""distinct"":false,""url"":""https://api.github.com/repos/ianballou/katello/commits/28be3d12f9a7fe67ca69d2218ab877f0ec315fd7""},{""sha"":""f3ab52fb60173ade330626ba542b413cf8900427"",""author"":{""name"":""Markus Bucher"",""email"":""d183e0e7d4e8a7f313154b477fb86ef15648eaf1@atix.de""},""message"":""Fixes #27625 - add deb applicability"",""distinct"":false,""url"":""https://api.github.com/repos/ianballou/katello/commits/f3ab52fb60173ade330626ba542b413cf8900427""},{""sha"":""cc226bb50e56fd747ce931ed8f69ce9e6c06e890"",""author"":{""name"":""Ian Ballou"",""email"":""b865fd8cb13db426a526c02ff2dcb819143d1c07@gmail.com""},""message"":""Fixes #32435 - errata srpms not considering during filtering"",""distinct"":true,""url"":""https://api.github.com/repos/ianballou/katello/commits/cc226bb50e56fd747ce931ed8f69ce9e6c06e890""}]",,,,,,,,,,
18165452120,PushEvent,true,2021-09-27 14:12:10.000000 UTC,5317912,wxinix,367511409,wxinix/tensorflow,"""refs/heads/master""",,,8023107223,20,20,"[{""sha"":""be2e72640722086b8382054a5ad438ee997fbc5d"",""author"":{""name"":""A. Unique TensorFlower"",""email"":""746aced590a184ef4169166e753f7c211e32e5fc@tensorflow.org""},""message"":""Go: Update generated wrapper functions for TensorFlow ops.\n\nPiperOrigin-RevId: 399054855\nChange-Id: Ic2149ac84967db0c9ae2f044c0ccb8888366f2d2"",""distinct"":true,""url"":""https://api.github.com/repos/wxinix/tensorflow/commits/be2e72640722086b8382054a5ad438ee997fbc5d""},{""sha"":""305d30ce6130d0d621746a59dc3116c5824ab523"",""author"":{""name"":""Mehdi Amini"",""email"":""808100943be7b7010123d78912f654820a5ee1c1@google.com""},""message"":""Fix MSAN failure in TF-XLA lowering\n\nThis is an issue with an ArrayRef with content going out of scope at the end of the expression.\n\nPiperOrigin-RevId: 399055398\nChange-Id: Ieb7c4c1ce3cf77b5000553fb13b254961f187bd3"",""distinct"":true,""url"":""https://api.github.com/repos/wxinix/tensorflow/commits/305d30ce6130d0d621746a59dc3116c5824ab523""},{""sha"":""e05e0f6068c55056c7be00e7c4e8281cafde59cf"",""author"":{""name"":""A. Unique TensorFlower"",""email"":""746aced590a184ef4169166e753f7c211e32e5fc@tensorflow.org""},""message"":""Go: Update generated wrapper functions for TensorFlow ops.\n\nPiperOrigin-RevId: 399083662\nChange-Id: I7025a7710ac2582f05cdcd4116b654fddc658a53"",""distinct"":true,""url"":""https://api.github.com/repos/wxinix/tensorflow/commits/e05e0f6068c55056c7be00e7c4e8281cafde59cf""},{""sha"":""9aecb36fa51c64e07b38e00639bec87a992c3170"",""author"":{""name"":""Jing Dong"",""email"":""d30e2b8d11e514c224487cb7c6b7b0ab8b9fd9fd@google.com""},""message"":""Move tpu_runner out of experimental directory as it is now being deployed in prodution.\n\nWe will move the test files and tpu_fused_kernel directory out of the experimental directory in follow up CLs.\n\nPiperOrigin-RevId: 399087254\nChange-Id: Ifddeb5f7eba9ae87eaf8edcc4a914aa17ebb3e63"",""distinct"":true,""url"":""https://api.github.com/repos/wxinix/tensorflow/commits/9aecb36fa51c64e07b38e00639bec87a992c3170""},{""sha"":""d9d2b4498923dde31cce0e7d2f0e0f828a591a98"",""author"":{""name"":""Thai Nguyen"",""email"":""77c7cb715bbfb6a72d1c8dd380160fd6eb2ba9c0@google.com""},""message"":""Refactoring: Move all metric-related code to a common directory\n\nThis makes the file structure cleaner as it collects all metric-related file under \""lite/python/\"" and it makes more sense for \""converter_error_data.proto\"" to stay under a directory named \""metrics\"" than \""metrics_wrapper\"".\n\nBesides, at the moment, if we want to add a new metric-related file, we have to choose between adding it to \""metrics_wrapper\"" (which might not match the purpose of the new file) and \""lite/python/\"" (which is too general and already crowded). Having a \""metrics\"" directory will fill that gap.\n\nPiperOrigin-RevId: 399091254\nChange-Id: I789eca7d8699b2c786b6c4b6e8f2c6daf8f9a369"",""distinct"":true,""url"":""https://api.github.com/repos/wxinix/tensorflow/commits/d9d2b4498923dde31cce0e7d2f0e0f828a591a98""},{""sha"":""866bade85dec9a231350201fb147f9381eee55c7"",""author"":{""name"":""Stella Laurenzo"",""email"":""6e272f397544edbefaff5c117839061e3c31e01f@google.com""},""message"":""Remove deprecation on int64 type.\n\nI have half a million lines of log-spew in my CI from this and clearly there has been ~no effort in the codebase to actually stop using it. Please do not deprecate such a critical type until at least its own codebase has substantially migrated off of it.\n\nPiperOrigin-RevId: 399093429\nChange-Id: I807d9e6c79c4c33f4a50f88ba28fe5fda194ddd4"",""distinct"":true,""url"":""https://api.github.com/repos/wxinix/tensorflow/commits/866bade85dec9a231350201fb147f9381eee55c7""},{""sha"":""e37a3a8341b1d4a600d82abe5daa8d79ad5f59cd"",""author"":{""name"":""A. Unique TensorFlower"",""email"":""746aced590a184ef4169166e753f7c211e32e5fc@tensorflow.org""},""message"":""Go: Update generated wrapper functions for TensorFlow ops.\n\nPiperOrigin-RevId: 399104960\nChange-Id: I49bb85868f907fcefe5da405f0978242e9337999"",""distinct"":true,""url"":""https://api.github.com/repos/wxinix/tensorflow/commits/e37a3a8341b1d4a600d82abe5daa8d79ad5f59cd""},{""sha"":""9ffa4a9d9e3e4d3c0f00ca90e3845cbe0f1dba72"",""author"":{""name"":""A. Unique TensorFlower"",""email"":""746aced590a184ef4169166e753f7c211e32e5fc@tensorflow.org""},""message"":""Go: Update generated wrapper functions for TensorFlow ops.\n\nPiperOrigin-RevId: 399116682\nChange-Id: I536914a8ae8cdc6423ef416ff38a3460dd63fa90"",""distinct"":true,""url"":""https://api.github.com/repos/wxinix/tensorflow/commits/9ffa4a9d9e3e4d3c0f00ca90e3845cbe0f1dba72""},{""sha"":""ab6d2f4442e92b058e2e6c7ff40d5094cd9a48cc"",""author"":{""name"":""Christian Sigg"",""email"":""bf0bb771be8a27677291ada19f594af5450440c6@google.com""},""message"":""Remove unused lit_test() macro.\n\nPiperOrigin-RevId: 399133502\nChange-Id: I7c96b95806a5b06d39a4fed1dc0249deb8e07ec7"",""distinct"":true,""url"":""https://api.github.com/repos/wxinix/tensorflow/commits/ab6d2f4442e92b058e2e6c7ff40d5094cd9a48cc""},{""sha"":""ebea4a60f0557f7b1c906c81b308a3a738c4d234"",""author"":{""name"":""A. Unique TensorFlower"",""email"":""746aced590a184ef4169166e753f7c211e32e5fc@tensorflow.org""},""message"":""Go: Update generated wrapper functions for TensorFlow ops.\n\nPiperOrigin-RevId: 399133830\nChange-Id: I33fb9d930694179b5acda6695e9c0dd6b61d8329"",""distinct"":true,""url"":""https://api.github.com/repos/wxinix/tensorflow/commits/ebea4a60f0557f7b1c906c81b308a3a738c4d234""},{""sha"":""8d174a2dc65dd86d437efd72de27ce1ed3d73470"",""author"":{""name"":""A. Unique TensorFlower"",""email"":""746aced590a184ef4169166e753f7c211e32e5fc@tensorflow.org""},""message"":""Update GraphDef version to 902.\n\nPiperOrigin-RevId: 399136060\nChange-Id: Ic4b0ae4152e9dbcd1ad9f6b240c92c900824a617"",""distinct"":true,""url"":""https://api.github.com/repos/wxinix/tensorflow/commits/8d174a2dc65dd86d437efd72de27ce1ed3d73470""},{""sha"":""5c689295afe0b2d9c0928fcb98ba0b0356ede22b"",""author"":{""name"":""A. Unique TensorFlower"",""email"":""746aced590a184ef4169166e753f7c211e32e5fc@tensorflow.org""},""message"":""compat: Update forward compatibility horizon to 2021-09-27\n\nPiperOrigin-RevId: 399136069\nChange-Id: Id07d962b4b0ee0dd5ba2b81aa126d614f4dd54ce"",""distinct"":true,""url"":""https://api.github.com/repos/wxinix/tensorflow/commits/5c689295afe0b2d9c0928fcb98ba0b0356ede22b""},{""sha"":""bdc6a138403e8257841e8dff6d6b9322bb65053a"",""author"":{""name"":""Tres Popp"",""email"":""bb390cedfd91dd9be00fd9562bdc5562c5867450@google.com""},""message"":""Peel once on all tiled_loop dimensions\n\nThis CL assumes that the best single rule for loop peeling is to ensure that there is a single loop without any padding needed. All dimensions are peeled once to ensure that this loop exists. Other peeled loops could be peeled again to remove more padding, but the assumption is that in the common case, this will not be worth the IR size/compile time increase.\n\nThis is a temporary rule of thumb until more advanced heuristics can be created with multiple different code generation strategies depending on the input.\n\nPiperOrigin-RevId: 399143335\nChange-Id: Ie20653fc4d900c43b03107211c9cac4a3a89781c"",""distinct"":true,""url"":""https://api.github.com/repos/wxinix/tensorflow/commits/bdc6a138403e8257841e8dff6d6b9322bb65053a""},{""sha"":""a7fbbe862ac50b0217b6d705b7d6016feb34107d"",""author"":{""name"":""A. Unique TensorFlower"",""email"":""746aced590a184ef4169166e753f7c211e32e5fc@tensorflow.org""},""message"":""Go: Update generated wrapper functions for TensorFlow ops.\n\nPiperOrigin-RevId: 399151697\nChange-Id: Ic33be09dc10e458c12309e345e5ff5dba4dab352"",""distinct"":true,""url"":""https://api.github.com/repos/wxinix/tensorflow/commits/a7fbbe862ac50b0217b6d705b7d6016feb34107d""},{""sha"":""7a9045dca0fb1f089034d7e48639db9f3087b672"",""author"":{""name"":""A. Unique TensorFlower"",""email"":""746aced590a184ef4169166e753f7c211e32e5fc@tensorflow.org""},""message"":""Integrate LLVM at llvm/llvm-project@8cb234e07d46\n\nUpdates LLVM usage to match\n[8cb234e07d46](https://github.com/llvm/llvm-project/commit/8cb234e07d46)\n\nPiperOrigin-RevId: 399154862\nChange-Id: I59b8c6cb5e1e2c6fd9a73eb8639fa8c92cc9f0d3"",""distinct"":true,""url"":""https://api.github.com/repos/wxinix/tensorflow/commits/7a9045dca0fb1f089034d7e48639db9f3087b672""},{""sha"":""4d5a1c23b8b5a972172e6cf470d84e8dd85572d7"",""author"":{""name"":""A. Unique TensorFlower"",""email"":""746aced590a184ef4169166e753f7c211e32e5fc@tensorflow.org""},""message"":""Update TFRT dependency to use revision\nhttp://github.com/tensorflow/runtime/commit/b247cb1e58a3c85945847a7520e1795fde556c4e.\n\nPiperOrigin-RevId: 399156647\nChange-Id: I6bc3254abebdd0727f880926f4491a9906e0c0b2"",""distinct"":true,""url"":""https://api.github.com/repos/wxinix/tensorflow/commits/4d5a1c23b8b5a972172e6cf470d84e8dd85572d7""},{""sha"":""a163ecfbe2cded83fcf960516754bf78b061e9c0"",""author"":{""name"":""Adrian Kuegel"",""email"":""576389c0b07786a91efdf2778233c297d15750c4@google.com""},""message"":""Enable MLIR generated Sigmoid GPU kernel by default.\n\nPiperOrigin-RevId: 399166253\nChange-Id: If71a566f63108ad5067417e77b2e394287a1f5b8"",""distinct"":true,""url"":""https://api.github.com/repos/wxinix/tensorflow/commits/a163ecfbe2cded83fcf960516754bf78b061e9c0""},{""sha"":""75fd1c868956e0aa41efa439dbc04331b7f55e75"",""author"":{""name"":""A. Unique TensorFlower"",""email"":""746aced590a184ef4169166e753f7c211e32e5fc@tensorflow.org""},""message"":""[XLA:TPU] Adding an experimental ApproxTopK op to XLA.\nThis op is only available for the TPU backend.\n\nPiperOrigin-RevId: 399167111\nChange-Id: I034f2d24983b47804ac07f07905e0e463886dd19"",""distinct"":true,""url"":""https://api.github.com/repos/wxinix/tensorflow/commits/75fd1c868956e0aa41efa439dbc04331b7f55e75""},{""sha"":""5ce3ff1f6ffa5bb46e516e697130e6e7a61fda64"",""author"":{""name"":""A. Unique TensorFlower"",""email"":""746aced590a184ef4169166e753f7c211e32e5fc@tensorflow.org""},""message"":""Go: Update generated wrapper functions for TensorFlow ops.\n\nPiperOrigin-RevId: 399168366\nChange-Id: Ib5def1f249633d34e3f9cdcfa56a0affd0843f07"",""distinct"":true,""url"":""https://api.github.com/repos/wxinix/tensorflow/commits/5ce3ff1f6ffa5bb46e516e697130e6e7a61fda64""},{""sha"":""7dc26e5fe5139b77de7886c965d04465a7228dc5"",""author"":{""name"":""A. Unique TensorFlower"",""email"":""746aced590a184ef4169166e753f7c211e32e5fc@tensorflow.org""},""message"":""[MLIR] Move `assuming_all` ops over assuming regions for broadcast propagation\n\nMoving `assuming_all` ops over assuming region unblocks merging assuming\nregions.\n\nPiperOrigin-RevId: 399170560\nChange-Id: I1a791a04cde1fb157ece57c3822e3e1e054ef4a9"",""distinct"":true,""url"":""https://api.github.com/repos/wxinix/tensorflow/commits/7dc26e5fe5139b77de7886c965d04465a7228dc5""}]",,,,,,,,,,
18166138833,DeleteEvent,true,2021-09-27 14:47:42.000000 UTC,5122216,csharpe72,395671913,csharpe72/terraform,"""create-argocd-from-code""","""branch""","""user""",,,,,,,,,,,,,,
18166128784,PushEvent,true,2021-09-27 14:47:10.000000 UTC,5122216,csharpe72,395671913,csharpe72/terraform,"""refs/heads/create-argocd-from-code""",,,8023424477,1,1,"[{""sha"":""a49ca66c72125ce08fd0945b706c3da544bc0285"",""author"":{""name"":""Carl Sharpe"",""email"":""3cff92a915ec8510aff0f0422f4916089ea49daf@Carls-MacBook-Pro.local""},""message"":""Cleanup"",""distinct"":true,""url"":""https://api.github.com/repos/csharpe72/terraform/commits/a49ca66c72125ce08fd0945b706c3da544bc0285""}]",,,,,,,,,,
18166244873,CreateEvent,true,2021-09-27 14:53:16.000000 UTC,56173335,imanashoorii,410927310,imanashoorii/opencv,,"""repository""","""user""",,,,,,,,,,,,,,
18165886007,WatchEvent,true,2021-09-27 14:34:33.000000 UTC,75052507,trinh-67,409027850,HungNguyenThac/react,,,,,,,,"""started""",,,,,,,,,
18165523362,PushEvent,true,2021-09-27 14:15:48.000000 UTC,51381674,vinicius-hrq,410883303,vinicius-hrq/terraform,"""refs/heads/main""",,,8023140263,1,1,"[{""sha"":""4cb1611defc1b5e117c9e4899ed4120b1cc97447"",""author"":{""name"":""vinicius-hrq"",""email"":""2c039208adbfae113fd76b0d03d4944006b16eeb@gmail.com""},""message"":""nome modulo e output dns"",""distinct"":true,""url"":""https://api.github.com/repos/vinicius-hrq/terraform/commits/4cb1611defc1b5e117c9e4899ed4120b1cc97447""}]",,,,,,,,,,
18166231888,PushEvent,true,2021-09-27 14:52:34.000000 UTC,50947817,robinthibaut,345631235,robinthibaut/scikit-learn,"""refs/heads/PLS_Y_inverse_transform""",,,8023472377,2,2,"[{""sha"":""2e3c32dcc1e99ad753dff4a9aa26657073883158"",""author"":{""name"":""Dimitri Papadopoulos Orfanos"",""email"":""cadff36249149a6a16cb05b20ee2bf0e101c0f1f@users.noreply.github.com""},""message"":""MNT sync externals/_pilutil.py with upstream (#21161)"",""distinct"":true,""url"":""https://api.github.com/repos/robinthibaut/scikit-learn/commits/2e3c32dcc1e99ad753dff4a9aa26657073883158""},{""sha"":""626db64f94add1a2fc511b8328b36d89695540c6"",""author"":{""name"":""Robin Thibaut"",""email"":""d61e20ff0886cd165f46f24034e33c72cd899a1e@ugent.be""},""message"":""Merge branch 'scikit-learn:main' into PLS_Y_inverse_transform"",""distinct"":true,""url"":""https://api.github.com/repos/robinthibaut/scikit-learn/commits/626db64f94add1a2fc511b8328b36d89695540c6""}]",,,,,,,,,,
18166201070,PushEvent,true,2021-09-27 14:50:58.000000 UTC,50947817,robinthibaut,345631235,robinthibaut/scikit-learn,"""refs/heads/PLS_Y_inverse_transform""",,,8023458266,1,1,"[{""sha"":""35bfbc50541d14cb0473181a89a61a96ef3f3f24"",""author"":{""name"":""Robin Thibaut"",""email"":""d61e20ff0886cd165f46f24034e33c72cd899a1e@ugent.be""},""message"":""Adapted docstring for \""Returns\"" to follow sklearn's style."",""distinct"":true,""url"":""https://api.github.com/repos/robinthibaut/scikit-learn/commits/35bfbc50541d14cb0473181a89a61a96ef3f3f24""}]",,,,,,,,,,
18166270593,PushEvent,true,2021-09-27 14:54:38.000000 UTC,4741199,stefan-niedermann,409554011,stefan-niedermann/phoenix,"""refs/heads/master""",,,8023490357,1,1,"[{""sha"":""a409f9f320c9584819a87fcca75300a38b9cc036"",""author"":{""name"":""Stefan Niedermann"",""email"":""59bd0a3ff43b32849b319e645d4798d8a5d1e889@niedermann.it""},""message"":""Remove obsolete node_modules before deploy"",""distinct"":true,""url"":""https://api.github.com/repos/stefan-niedermann/phoenix/commits/a409f9f320c9584819a87fcca75300a38b9cc036""}]",,,,,,,,,,
18165288569,WatchEvent,true,2021-09-27 14:03:59.000000 UTC,26775958,mecostav,205838011,jayachandrareddym/terraform,,,,,,,,"""started""",,,,,,,,,
18166158458,WatchEvent,true,2021-09-27 14:48:44.000000 UTC,20972135,CommissarXia,4710920,apache/dubbo,,,,,,,,"""started""",,,,,,,,,
18165611602,WatchEvent,true,2021-09-27 14:20:17.000000 UTC,2181663,PratikDhanave,4710920,apache/dubbo,,,,,,,,"""started""",,,,,,,,,
18165766946,ForkEvent,true,2021-09-27 14:28:10.000000 UTC,44788022,matcharr,10270250,facebook/react,,,,,,,,,,"""matcharr/react-1""",,,,,,,
18166212336,WatchEvent,true,2021-09-27 14:51:33.000000 UTC,88361689,pradeeptakhatoibh,10270250,facebook/react,,,,,,,,"""started""",,,,,,,,,
18165785633,ForkEvent,true,2021-09-27 14:29:10.000000 UTC,91084727,qubitrs,10270250,facebook/react,,,,,,,,,,"""qubitrs/react""",,,,,,,
18166285472,WatchEvent,true,2021-09-27 14:55:24.000000 UTC,58611339,DenisLopatin,10270250,facebook/react,,,,,,,,"""started""",,,,,,,,,
18166298467,IssueCommentEvent,true,2021-09-27 14:56:06.000000 UTC,29597,bvaughn,10270250,facebook/react,,,,,,,,"""created""",,,,,,,,,
18165784154,PullRequestReviewCommentEvent,true,2021-09-27 14:29:05.000000 UTC,29597,bvaughn,10270250,facebook/react,,,,,,,,"""created""",22424,,,,,,,,
18166172016,ForkEvent,true,2021-09-27 14:49:27.000000 UTC,76522900,xlying1314,10270250,facebook/react,,,,,,,,,,"""xlying1314/react""",,,,,,,
18165764843,WatchEvent,true,2021-09-27 14:28:04.000000 UTC,44788022,matcharr,10270250,facebook/react,,,,,,,,"""started""",,,,,,,,,
18165389848,PullRequestReviewEvent,true,2021-09-27 14:08:59.000000 UTC,89061,ogrisel,843222,scikit-learn/scikit-learn,,,,,,,,"""created""",21079,,,"""commented""","""MEMBER""",,,,
18165377598,PullRequestEvent,true,2021-09-27 14:08:22.000000 UTC,19281800,hongshaoyang,843222,scikit-learn/scikit-learn,,,,,,,,"""opened""",21168,,,,,,,,
18166273150,PullRequestReviewEvent,true,2021-09-27 14:54:46.000000 UTC,13029839,jjerphan,843222,scikit-learn/scikit-learn,,,,,,,,"""created""",21020,,,"""commented""","""MEMBER""",,,,
18165788082,DeleteEvent,true,2021-09-27 14:29:18.000000 UTC,1557314,m-bucher,35152848,ATIX-AG/katello,"""feature/debs_applicable""","""branch""","""user""",,,,,,,,,,,,,,
18166076117,IssuesEvent,true,2021-09-27 14:44:28.000000 UTC,45892951,mgardi85,17728164,hashicorp/terraform,,,,,,,,"""closed""",,,,,,,,,
18166076062,IssueCommentEvent,true,2021-09-27 14:44:28.000000 UTC,45892951,mgardi85,17728164,hashicorp/terraform,,,,,,,,"""created""",,,,,,,,,
18166159168,IssueCommentEvent,true,2021-09-27 14:48:46.000000 UTC,393286,cforce,17728164,hashicorp/terraform,,,,,,,,"""created""",,,,,,,,,
18165500822,ForkEvent,true,2021-09-27 14:14:40.000000 UTC,34392963,7anmay,7846243,kipr/opencv,,,,,,,,,,"""7anmay/opencv""",,,,,,,
18166120278,IssueCommentEvent,true,2021-09-27 14:46:45.000000 UTC,3763234,theforeman-bot,4007018,Katello/katello,,,,,,,,"""created""",,,,,,,,,
18165857994,IssueCommentEvent,true,2021-09-27 14:33:05.000000 UTC,3763234,theforeman-bot,4007018,Katello/katello,,,,,,,,"""created""",,,,,,,,,
18165248940,WatchEvent,true,2021-09-27 14:02:04.000000 UTC,1345328,uttamg911,5108051,opencv/opencv,,,,,,,,"""started""",,,,,,,,,
18166296359,IssueCommentEvent,true,2021-09-27 14:55:59.000000 UTC,4981219,alalek,5108051,opencv/opencv,,,,,,,,"""created""",,,,,,,,,
18165484485,WatchEvent,true,2021-09-27 14:13:50.000000 UTC,25695219,itsjoeoui,5108051,opencv/opencv,,,,,,,,"""started""",,,,,,,,,
18165319719,IssueCommentEvent,true,2021-09-27 14:05:30.000000 UTC,4981219,alalek,5108051,opencv/opencv,,,,,,,,"""created""",,,,,,,,,
18165689987,IssueCommentEvent,true,2021-09-27 14:24:09.000000 UTC,56610014,google-ml-butler[bot],45717250,tensorflow/tensorflow,,,,,,,,"""created""",,,,,,,,,
18165265248,IssueCommentEvent,true,2021-09-27 14:02:51.000000 UTC,69719569,omxpro,45717250,tensorflow/tensorflow,,,,,,,,"""created""",,,,,,,,,
18166287108,PullRequestReviewEvent,true,2021-09-27 14:55:30.000000 UTC,30323187,christopherbate,45717250,tensorflow/tensorflow,,,,,,,,"""created""",51475,,,"""commented""","""CONTRIBUTOR""",,,,
18166218985,ForkEvent,true,2021-09-27 14:51:54.000000 UTC,39774472,vict-guo,45717250,tensorflow/tensorflow,,,,,,,,,,"""vict-guo/tensorflow""",,,,,,,
18165690304,IssueCommentEvent,true,2021-09-27 14:24:10.000000 UTC,56610014,google-ml-butler[bot],45717250,tensorflow/tensorflow,,,,,,,,"""created""",,,,,,,,,
18166028507,IssuesEvent,true,2021-09-27 14:42:00.000000 UTC,10442001,elfringham,45717250,tensorflow/tensorflow,,,,,,,,"""opened""",,,,,,,,,
18165690655,IssueCommentEvent,true,2021-09-27 14:24:11.000000 UTC,56610014,google-ml-butler[bot],45717250,tensorflow/tensorflow,,,,,,,,"""created""",,,,,,,,,
18166050029,ForkEvent,true,2021-09-27 14:43:08.000000 UTC,91480054,iagoibnz,45717250,tensorflow/tensorflow,,,,,,,,,,"""iagoibnz/tensorflow""",,,,,,,
18165814277,ForkEvent,true,2021-09-27 14:30:42.000000 UTC,61016383,adityagandhamal,45717250,tensorflow/tensorflow,,,,,,,,,,"""adityagandhamal/tensorflow""",,,,,,,
18165337944,PullRequestReviewEvent,true,2021-09-27 14:06:24.000000 UTC,1804568,thaJeztah,7691631,moby/moby,,,,,,,,"""created""",42835,,,"""commented""","""MEMBER""",,,,
18165239054,PushEvent,true,2021-09-27 14:01:35.000000 UTC,19616653,ArmageddonKnight,204371788,UofT-EcoSystem/tensorflow,"""refs/heads/master""",,,8023010379,1,1,"[{""sha"":""7dc26e5fe5139b77de7886c965d04465a7228dc5"",""author"":{""name"":""A. Unique TensorFlower"",""email"":""746aced590a184ef4169166e753f7c211e32e5fc@tensorflow.org""},""message"":""[MLIR] Move `assuming_all` ops over assuming regions for broadcast propagation\n\nMoving `assuming_all` ops over assuming region unblocks merging assuming\nregions.\n\nPiperOrigin-RevId: 399170560\nChange-Id: I1a791a04cde1fb157ece57c3822e3e1e054ef4a9"",""distinct"":true,""url"":""https://api.github.com/repos/UofT-EcoSystem/tensorflow/commits/7dc26e5fe5139b77de7886c965d04465a7228dc5""}]",,,,,,,,,,
18165827589,WatchEvent,true,2021-09-27 14:31:26.000000 UTC,52258477,7eximmortal,97969812,NebulousCloud/helix,,,,,,,,"""started""",,,,,,,,,
18165719463,WatchEvent,true,2021-09-27 14:25:41.000000 UTC,63717961,sabahossein,135786093,typescript-cheatsheets/react,,,,,,,,"""started""",,,,,,,,,
18166732669,PullRequestEvent,true,2021-09-27 15:18:17.000000 UTC,39814207,pull[bot],333612678,51461/dubbo,,,,,,,,"""opened""",260,,,,,,,,
18167100874,CreateEvent,true,2021-09-27 15:39:03.000000 UTC,11245037,Qjammer,410871717,Qjammer/moby,"""json-file-partial-logs""","""branch""","""user""",,,,,,,,,,,,,,
18166858588,PullRequestEvent,true,2021-09-27 15:25:13.000000 UTC,49699333,dependabot[bot],236017931,tharun208/kuma,,,,,,,,"""closed""",138,,,,,,,,
18166857488,PullRequestEvent,true,2021-09-27 15:25:10.000000 UTC,49699333,dependabot[bot],236017931,tharun208/kuma,,,,,,,,"""opened""",141,,,,,,,,
18166689963,PushEvent,true,2021-09-27 15:15:58.000000 UTC,335567,Carreau,2344073,Carreau/ipython,"""refs/heads/pdbskip""",,,8023681030,1,1,"[{""sha"":""2bd8b9b263e717a2b29b0301fb447d82f11fa214"",""author"":{""name"":""Matthias Bussonnier"",""email"":""bc6ce7c050ee90e1f3b70c16cec57d4205e63b6c@gmail.com""},""message"":""remove debug"",""distinct"":true,""url"":""https://api.github.com/repos/Carreau/ipython/commits/2bd8b9b263e717a2b29b0301fb447d82f11fa214""}]",,,,,,,,,,
18166454740,CreateEvent,true,2021-09-27 15:04:04.000000 UTC,122470,glennj,410929758,glennj/terraform,"""add-bash-analyzer""","""branch""","""user""",,,,,,,,,,,,,,
18167276592,WatchEvent,true,2021-09-27 15:49:08.000000 UTC,26006141,LoicHmh,133540379,LoicHmh/tensorflow,,,,,,,,"""started""",,,,,,,,,
18166472883,PullRequestEvent,true,2021-09-27 15:04:59.000000 UTC,39814207,pull[bot],134618766,vishalbelsare/moby,,,,,,,,"""opened""",134,,,,,,,,
18166518982,PullRequestEvent,true,2021-09-27 15:07:18.000000 UTC,39814207,pull[bot],134618766,vishalbelsare/moby,,,,,,,,"""closed""",134,,,,,,,,
18167399896,PushEvent,true,2021-09-27 15:56:21.000000 UTC,2266568,michaelbeaumont,409362305,michaelbeaumont/kuma,"""refs/heads/feat/server_version""",,,8024010285,2,2,"[{""sha"":""62ab36ad3fb4e1fe2af7a03fb98a1a9113a677eb"",""author"":{""name"":""Michael Beaumont"",""email"":""7c55cb21de779eb1db34eb05403a1a3697016d91@gmail.com""},""message"":""feat(kumactl) display server product and add Client/Server prefix\n\nSigned-off-by: Michael Beaumont <mjboamail@gmail.com>"",""distinct"":true,""url"":""https://api.github.com/repos/michaelbeaumont/kuma/commits/62ab36ad3fb4e1fe2af7a03fb98a1a9113a677eb""},{""sha"":""a9377d865b39c3f16b0849fa3819dd677ebd8107"",""author"":{""name"":""Michael Beaumont"",""email"":""7c55cb21de779eb1db34eb05403a1a3697016d91@gmail.com""},""message"":""refactor(kumactl) deduplicate version printing code\n\nSigned-off-by: Michael Beaumont <mjboamail@gmail.com>"",""distinct"":true,""url"":""https://api.github.com/repos/michaelbeaumont/kuma/commits/a9377d865b39c3f16b0849fa3819dd677ebd8107""}]",,,,,,,,,,
18167297604,PushEvent,true,2021-09-27 15:50:21.000000 UTC,2266568,michaelbeaumont,409362305,michaelbeaumont/kuma,"""refs/heads/feat/server_version""",,,8023963703,1,1,"[{""sha"":""514b2bf70ecb1fedcf652765a7a55c47a10f8c75"",""author"":{""name"":""Michael Beaumont"",""email"":""7c55cb21de779eb1db34eb05403a1a3697016d91@gmail.com""},""message"":""refactor(kumactl) deduplicate version printing code"",""distinct"":true,""url"":""https://api.github.com/repos/michaelbeaumont/kuma/commits/514b2bf70ecb1fedcf652765a7a55c47a10f8c75""}]",,,,,,,,,,
18167254153,CreateEvent,true,2021-09-27 15:47:49.000000 UTC,85980895,jamilakadyrbekova,410947158,jamilakadyrbekova/react,,"""repository""","""user""",,,,,,,,,,,,,,
18166561269,CreateEvent,true,2021-09-27 15:09:24.000000 UTC,7650812,brunosantanati,410933274,brunosantanati/terraform,,"""repository""","""user""",,,,,,,,,,,,,,
18166728702,CreateEvent,true,2021-09-27 15:18:04.000000 UTC,7650812,brunosantanati,410933274,brunosantanati/terraform,"""main""","""branch""","""user""",,,,,,,,,,,,,,
18167093434,PushEvent,true,2021-09-27 15:38:36.000000 UTC,83489863,jniranjanreddy,377713810,jniranjanreddy/terraform,"""refs/heads/main""",,,8023870856,1,1,"[{""sha"":""ed6f9ff5ab9a6abfe1e50e4e8a47fc1cc53fdbec"",""author"":{""name"":""niru"",""email"":""8af56de68279cb6f5ed022f31af18b9fcdcc2e92@example.com""},""message"":""h"",""distinct"":true,""url"":""https://api.github.com/repos/jniranjanreddy/terraform/commits/ed6f9ff5ab9a6abfe1e50e4e8a47fc1cc53fdbec""}]",,,,,,,,,,
18166593148,PushEvent,true,2021-09-27 15:10:58.000000 UTC,3979925,surahman,399218236,surahman/incubator-heron,"""refs/heads/3707-Config-Map-Support-dev""",,,8023636560,1,1,"[{""sha"":""16197ec29497734281848dba7cd8fb21f08191ef"",""author"":{""name"":""Saad Ur Rahman"",""email"":""9999a4936214c24e1f260e8d63e35dcf2173cc3d@gmail.com""},""message"":""[Kubernetes] bug fix and test for missing delimiter in <getPodTemplateLocation>."",""distinct"":true,""url"":""https://api.github.com/repos/surahman/incubator-heron/commits/16197ec29497734281848dba7cd8fb21f08191ef""}]",,,,,,,,,,
18166603463,PushEvent,true,2021-09-27 15:11:30.000000 UTC,3979925,surahman,399218236,surahman/incubator-heron,"""refs/heads/3707-ConfigMap-Support""",,,8023641157,2,1,"[{""sha"":""16197ec29497734281848dba7cd8fb21f08191ef"",""author"":{""name"":""Saad Ur Rahman"",""email"":""9999a4936214c24e1f260e8d63e35dcf2173cc3d@gmail.com""},""message"":""[Kubernetes] bug fix and test for missing delimiter in <getPodTemplateLocation>."",""distinct"":false,""url"":""https://api.github.com/repos/surahman/incubator-heron/commits/16197ec29497734281848dba7cd8fb21f08191ef""},{""sha"":""b37e3fffe434780b48a4eeed845d776bbbb017a0"",""author"":{""name"":""Saad Ur Rahman"",""email"":""9999a4936214c24e1f260e8d63e35dcf2173cc3d@gmail.com""},""message"":""Merge branch '3707-Config-Map-Support-dev' into 3707-ConfigMap-Support"",""distinct"":true,""url"":""https://api.github.com/repos/surahman/incubator-heron/commits/b37e3fffe434780b48a4eeed845d776bbbb017a0""}]",,,,,,,,,,
18166811169,PushEvent,true,2021-09-27 15:22:36.000000 UTC,3234522,DimitriPapadopoulos,406690667,DimitriPapadopoulos/scikit-learn,"""refs/heads/externals_utils""",,,8023738276,1,1,"[{""sha"":""fddd4811e112e2e2494c04e2e856534ea53cadc8"",""author"":{""name"":""Dimitri Papadopoulos"",""email"":""cadff36249149a6a16cb05b20ee2bf0e101c0f1f@users.noreply.github.com""},""message"":""MNT pass flake8 CI jobs"",""distinct"":true,""url"":""https://api.github.com/repos/DimitriPapadopoulos/scikit-learn/commits/fddd4811e112e2e2494c04e2e856534ea53cadc8""}]",,,,,,,,,,
18167057274,PushEvent,true,2021-09-27 15:36:29.000000 UTC,3234522,DimitriPapadopoulos,406690667,DimitriPapadopoulos/scikit-learn,"""refs/heads/externals_utils""",,,8023853876,1,1,"[{""sha"":""037c9ab9d084b14821472025c40027ce191f1943"",""author"":{""name"":""Dimitri Papadopoulos"",""email"":""cadff36249149a6a16cb05b20ee2bf0e101c0f1f@users.noreply.github.com""},""message"":""MNT pass black CI job"",""distinct"":true,""url"":""https://api.github.com/repos/DimitriPapadopoulos/scikit-learn/commits/037c9ab9d084b14821472025c40027ce191f1943""}]",,,,,,,,,,
18167092147,PushEvent,true,2021-09-27 15:38:31.000000 UTC,1863771,siddharthkp,121814210,primer/react,"""refs/heads/sid/doc-template""",,,8023870219,1,1,"[{""sha"":""d08658b2cdbb9c9ee56d60cc4be5909535649f58"",""author"":{""name"":""Siddharth Kshetrapal"",""email"":""575a630293a391edbabdb2a7a1a5619add5f3bb5@github.com""},""message"":""Remove additions from the sidenav"",""distinct"":true,""url"":""https://api.github.com/repos/primer/react/commits/d08658b2cdbb9c9ee56d60cc4be5909535649f58""}]",,,,,,,,,,
18167271292,WatchEvent,true,2021-09-27 15:48:49.000000 UTC,53092278,Kokjix,5108051,opencv/opencv,,,,,,,,"""started""",,,,,,,,,
18167389079,IssueCommentEvent,true,2021-09-27 15:55:42.000000 UTC,1518655,chris1984,4007018,Katello/katello,,,,,,,,"""created""",,,,,,,,,
18167197314,DeleteEvent,true,2021-09-27 15:44:37.000000 UTC,27521767,mdfaijul,78224733,Intel-tensorflow/tensorflow,"""twitter-patch""","""branch""","""user""",,,,,,,,,,,,,,
18167179897,PullRequestReviewEvent,true,2021-09-27 15:43:38.000000 UTC,13029839,jjerphan,843222,scikit-learn/scikit-learn,,,,,,,,"""created""",20254,,,"""commented""","""MEMBER""",,,,
18167225524,IssueCommentEvent,true,2021-09-27 15:46:11.000000 UTC,72866178,acse-srm3018,843222,scikit-learn/scikit-learn,,,,,,,,"""created""",,,,,,,,,
18166997508,IssueCommentEvent,true,2021-09-27 15:33:01.000000 UTC,3234522,DimitriPapadopoulos,843222,scikit-learn/scikit-learn,,,,,,,,"""created""",,,,,,,,,
18167191311,ForkEvent,true,2021-09-27 15:44:16.000000 UTC,8578790,vidklopcic,843222,scikit-learn/scikit-learn,,,,,,,,,,"""vidklopcic/scikit-learn""",,,,,,,
18167129697,PullRequestReviewEvent,true,2021-09-27 15:40:44.000000 UTC,13029839,jjerphan,843222,scikit-learn/scikit-learn,,,,,,,,"""created""",21020,,,"""commented""","""MEMBER""",,,,
18166928766,WatchEvent,true,2021-09-27 15:29:06.000000 UTC,72174073,Abdelgha-4,843222,scikit-learn/scikit-learn,,,,,,,,"""started""",,,,,,,,,
18167431062,PushEvent,true,2021-09-27 15:58:12.000000 UTC,35067,jbardin,17728164,hashicorp/terraform,"""refs/heads/jbardin/really-nested-within""",,,8024024426,1,1,"[{""sha"":""0b1aeebc5399f20c81ebce2e9afc686e52279875"",""author"":{""name"":""James Bardin"",""email"":""62973226c85cb5a1996aaed2ce372ac02dcad8b7@gmail.com""},""message"":""refactoring: exhaustive NestedWithin checks\n\nWhen checking dependencies between statements, we need to check all\ncombinations of To and From addresses."",""distinct"":true,""url"":""https://api.github.com/repos/hashicorp/terraform/commits/0b1aeebc5399f20c81ebce2e9afc686e52279875""}]",,,,,,,,,,
18166614577,IssueCommentEvent,true,2021-09-27 15:12:04.000000 UTC,18106157,Ledermayer,17728164,hashicorp/terraform,,,,,,,,"""created""",,,,,,,,,
18166921401,IssuesEvent,true,2021-09-27 15:28:41.000000 UTC,62354721,Petros626,45717250,tensorflow/tensorflow,,,,,,,,"""reopened""",,,,,,,,,
18166839844,IssueCommentEvent,true,2021-09-27 15:24:11.000000 UTC,56610014,google-ml-butler[bot],45717250,tensorflow/tensorflow,,,,,,,,"""created""",,,,,,,,,
18166919879,IssueCommentEvent,true,2021-09-27 15:28:36.000000 UTC,62354721,Petros626,45717250,tensorflow/tensorflow,,,,,,,,"""created""",,,,,,,,,
18166952674,IssuesEvent,true,2021-09-27 15:30:27.000000 UTC,59836356,oooooome,45717250,tensorflow/tensorflow,,,,,,,,"""opened""",,,,,,,,,
18167255636,PushEvent,true,2021-09-27 15:47:54.000000 UTC,56741989,copybara-service[bot],45717250,tensorflow/tensorflow,"""refs/heads/master""",,,8023942452,1,1,"[{""sha"":""ec2cc392f3a78d5cda64a36c615572693a80c8d7"",""author"":{""name"":""Zachary Garrett"",""email"":""89ff30759f71dfd168a6c9a0c3bdb0e8a9ef2e27@google.com""},""message"":""Replace deprecated `absl::Status::error_message` call with `absl::Status::message`.\n\nPiperOrigin-RevId: 399198325\nChange-Id: Ib4a5e1d3a5e1447fefe9de428946341522a021a4"",""distinct"":true,""url"":""https://api.github.com/repos/tensorflow/tensorflow/commits/ec2cc392f3a78d5cda64a36c615572693a80c8d7""}]",,,,,,,,,,
18166842288,IssueCommentEvent,true,2021-09-27 15:24:19.000000 UTC,56610014,google-ml-butler[bot],45717250,tensorflow/tensorflow,,,,,,,,"""created""",,,,,,,,,
18166842005,IssueCommentEvent,true,2021-09-27 15:24:18.000000 UTC,56610014,google-ml-butler[bot],45717250,tensorflow/tensorflow,,,,,,,,"""created""",,,,,,,,,
18166920357,IssueCommentEvent,true,2021-09-27 15:28:38.000000 UTC,56610014,google-ml-butler[bot],45717250,tensorflow/tensorflow,,,,,,,,"""created""",,,,,,,,,
18166987433,IssueCommentEvent,true,2021-09-27 15:32:26.000000 UTC,62354721,Petros626,45717250,tensorflow/tensorflow,,,,,,,,"""created""",,,,,,,,,
18166920006,IssuesEvent,true,2021-09-27 15:28:36.000000 UTC,62354721,Petros626,45717250,tensorflow/tensorflow,,,,,,,,"""closed""",,,,,,,,,
18167436117,IssueCommentEvent,true,2021-09-27 15:58:31.000000 UTC,65553080,codecov-commenter,175425051,kumahq/kuma,,,,,,,,"""created""",,,,,,,,,
18167405358,PullRequestReviewCommentEvent,true,2021-09-27 15:56:39.000000 UTC,2266568,michaelbeaumont,175425051,kumahq/kuma,,,,,,,,"""created""",2834,,,,,,,,
18166898918,PullRequestEvent,true,2021-09-27 15:27:28.000000 UTC,49699333,dependabot[bot],175425051,kumahq/kuma,,,,,,,,"""opened""",2841,,,,,,,,
18167455675,IssueCommentEvent,true,2021-09-27 15:59:42.000000 UTC,65553080,codecov-commenter,175425051,kumahq/kuma,,,,,,,,"""created""",,,,,,,,,
18166841440,PullRequestEvent,true,2021-09-27 15:24:17.000000 UTC,49699333,dependabot[bot],175425051,kumahq/kuma,,,,,,,,"""opened""",2840,,,,,,,,
18166900057,DeleteEvent,true,2021-09-27 15:27:32.000000 UTC,49699333,dependabot[bot],175425051,kumahq/kuma,"""dependabot/go_modules/github.com/gruntwork-io/terratest-0.37.8""","""branch""","""user""",,,,,,,,,,,,,,
18166815452,CreateEvent,true,2021-09-27 15:22:50.000000 UTC,49699333,dependabot[bot],175425051,kumahq/kuma,"""dependabot/go_modules/github.com/google/uuid-1.3.0""","""branch""","""user""",,,,,,,,,,,,,,
18166811701,PullRequestEvent,true,2021-09-27 15:22:37.000000 UTC,49699333,dependabot[bot],175425051,kumahq/kuma,,,,,,,,"""opened""",2838,,,,,,,,
18166899576,IssueCommentEvent,true,2021-09-27 15:27:30.000000 UTC,49699333,dependabot[bot],175425051,kumahq/kuma,,,,,,,,"""created""",,,,,,,,,
18166717800,WatchEvent,true,2021-09-27 15:17:29.000000 UTC,2886029,rogaldh,4576305,openzipkin/zipkin,,,,,,,,"""started""",,,,,,,,,
18166465630,PullRequestEvent,true,2021-09-27 15:04:38.000000 UTC,122470,glennj,271883797,exercism/terraform,,,,,,,,"""opened""",61,,,,,,,,
18167433562,WatchEvent,true,2021-09-27 15:58:21.000000 UTC,7722058,pshenyaga,135786093,typescript-cheatsheets/react,,,,,,,,"""started""",,,,,,,,,
18166975204,DeleteEvent,true,2021-09-27 15:31:44.000000 UTC,1177098,digitalsadhu,343817358,fabric-ds/react,"""update_to_fabric_ds""","""branch""","""user""",,,,,,,,,,,,,,
18166508787,PullRequestReviewEvent,true,2021-09-27 15:06:49.000000 UTC,16625915,benja,343817358,fabric-ds/react,,,,,,,,"""created""",33,,,"""approved""","""CONTRIBUTOR""",,,,
18166974471,PushEvent,true,2021-09-27 15:31:41.000000 UTC,1177098,digitalsadhu,343817358,fabric-ds/react,"""refs/heads/main""",,,8023815349,3,1,"[{""sha"":""36914b09d129cee38fadc85b0a667fee3544bf7c"",""author"":{""name"":""Richard"",""email"":""59f56c278c529ea42d29566dca51e82fd703f83c@gmail.com""},""message"":""chore!: update components and site to fabric-ds namespace"",""distinct"":false,""url"":""https://api.github.com/repos/fabric-ds/react/commits/36914b09d129cee38fadc85b0a667fee3544bf7c""},{""sha"":""c0978d461eb1dfaee1580705c32e38f0251556f5"",""author"":{""name"":""Richard"",""email"":""59f56c278c529ea42d29566dca51e82fd703f83c@gmail.com""},""message"":""chore: update remaining references"",""distinct"":false,""url"":""https://api.github.com/repos/fabric-ds/react/commits/c0978d461eb1dfaee1580705c32e38f0251556f5""},{""sha"":""6b2a9b9c8580d060f07ff224c9b2ddf2225bbb2f"",""author"":{""name"":""Richard Walker"",""email"":""59f56c278c529ea42d29566dca51e82fd703f83c@gmail.com""},""message"":""Merge pull request #33 from fabric-ds/update_to_fabric_ds\n\nchore!: update components and site to fabric-ds namespace"",""distinct"":true,""url"":""https://api.github.com/repos/fabric-ds/react/commits/6b2a9b9c8580d060f07ff224c9b2ddf2225bbb2f""}]",,,,,,,,,,
18166648389,WatchEvent,true,2021-09-27 15:13:48.000000 UTC,77846895,evandermay,268424739,helix-editor/helix,,,,,,,,"""started""",,,,,,,,,
18167188997,PullRequestReviewEvent,true,2021-09-27 15:44:09.000000 UTC,3624098,acdlite,10270250,facebook/react,,,,,,,,"""created""",22423,,,"""commented""","""MEMBER""",,,,
18167348221,PullRequestReviewCommentEvent,true,2021-09-27 15:53:14.000000 UTC,2286579,salazarm,10270250,facebook/react,,,,,,,,"""created""",22440,,,,,,,,
18167132811,IssueCommentEvent,true,2021-09-27 15:40:55.000000 UTC,29597,bvaughn,10270250,facebook/react,,,,,,,,"""created""",,,,,,,,,
18166796073,ForkEvent,true,2021-09-27 15:21:45.000000 UTC,36030016,otienosteve,10270250,facebook/react,,,,,,,,,,"""otienosteve/react""",,,,,,,
18167348260,PullRequestReviewEvent,true,2021-09-27 15:53:19.000000 UTC,2286579,salazarm,10270250,facebook/react,,,,,,,,"""created""",22440,,,"""commented""","""MEMBER""",,,,
18167442140,PullRequestReviewEvent,true,2021-09-27 15:58:52.000000 UTC,2735514,lunaruan,10270250,facebook/react,,,,,,,,"""created""",22424,,,"""approved""","""CONTRIBUTOR""",,,,
18167295970,IssueCommentEvent,true,2021-09-27 15:50:15.000000 UTC,43185848,sizebot,10270250,facebook/react,,,,,,,,"""created""",,,,,,,,,
18167189035,PullRequestReviewCommentEvent,true,2021-09-27 15:44:08.000000 UTC,3624098,acdlite,10270250,facebook/react,,,,,,,,"""created""",22423,,,,,,,,
18167058339,WatchEvent,true,2021-09-27 15:36:33.000000 UTC,72566626,autowert66,10270250,facebook/react,,,,,,,,"""started""",,,,,,,,,
18167056962,WatchEvent,true,2021-09-27 15:36:28.000000 UTC,72566626,autowert66,10270250,facebook/react,,,,,,,,"""started""",,,,,,,,,
18158115536,IssueCommentEvent,true,2021-09-27 06:09:13.000000 UTC,86464649,mohantym,45717250,tensorflow/tensorflow,,,,,,,,"""created""",,,,,,,,,
18158338535,CreateEvent,true,2021-09-27 06:29:42.000000 UTC,59121969,tomoya-ono,410766929,tomoya-ono/react,"""main""","""branch""","""user""",,,,,,,,,,,,,,
18158431133,PullRequestEvent,true,2021-09-27 06:38:18.000000 UTC,9917,jpeach,175425051,kumahq/kuma,,,,,,,,"""closed""",2836,,,,,,,,
18158620140,PushEvent,true,2021-09-27 06:55:10.000000 UTC,35985427,AwaneeMook,391868896,TLILicenseSystem/react,"""refs/heads/main""",,,8019916300,1,1,"[{""sha"":""315e72c69e36875290a2d0282a8770780edd890b"",""author"":{""name"":""awanee.kru"",""email"":""99077bd2d02d187960d8aaccde8534e5a4fbb7ce@VDLNIT088.thailife.hq""},""message"":""update env uat"",""distinct"":true,""url"":""https://api.github.com/repos/TLILicenseSystem/react/commits/315e72c69e36875290a2d0282a8770780edd890b""}]",,,,,,,,,,
18158636803,WatchEvent,true,2021-09-27 06:56:34.000000 UTC,37551231,pawel-niedzwiecki,10270250,facebook/react,,,,,,,,"""started""",,,,,,,,,
18158245388,IssueCommentEvent,true,2021-09-27 06:21:00.000000 UTC,86464649,mohantym,45717250,tensorflow/tensorflow,,,,,,,,"""created""",,,,,,,,,
18158131840,CreateEvent,true,2021-09-27 06:10:40.000000 UTC,40913925,Moyulingjiu,410762283,Moyulingjiu/phoenix,"""main""","""branch""","""user""",,,,,,,,,,,,,,
18158233239,WatchEvent,true,2021-09-27 06:19:53.000000 UTC,20884619,MahdiTa97,135786093,typescript-cheatsheets/react,,,,,,,,"""started""",,,,,,,,,
18158073665,CreateEvent,true,2021-09-27 06:05:30.000000 UTC,63399622,Navneetaneja,410761057,Navneetaneja/react,,"""repository""","""user""",,,,,,,,,,,,,,
18158672209,PushEvent,true,2021-09-27 06:59:33.000000 UTC,63542705,IlyassElarbaouti,410771754,IlyassElarbaouti/react,"""refs/heads/main""",,,8019941612,1,1,"[{""sha"":""c6932a1cb6de109c019cf6be5e16118cf2b0c3e7"",""author"":{""name"":""Ilyass El Arbaouti"",""email"":""1f51e897f7f537232cee0491efc41e0ac45b1c48@gmail.com""},""message"":""task1"",""distinct"":true,""url"":""https://api.github.com/repos/IlyassElarbaouti/react/commits/c6932a1cb6de109c019cf6be5e16118cf2b0c3e7""}]",,,,,,,,,,
18158134023,PushEvent,true,2021-09-27 06:10:52.000000 UTC,20812407,venkyyuvy,202078426,venkyyuvy/scikit-learn,"""refs/heads/sparse_qr""",,,8019684285,1,1,"[{""sha"":""e5a3d377b651c683bd36efdd57e1c1f48896f731"",""author"":{""name"":""Venkatachalam"",""email"":""559e07fc3047da31416f569c84629a5e09d3f5c9@gmail.com""},""message"":""correcting version check"",""distinct"":true,""url"":""https://api.github.com/repos/venkyyuvy/scikit-learn/commits/e5a3d377b651c683bd36efdd57e1c1f48896f731""}]",,,,,,,,,,
18158234179,PullRequestReviewEvent,true,2021-09-27 06:19:58.000000 UTC,51379307,akgupta0777,10270250,facebook/react,,,,,,,,"""created""",22409,,,"""approved""","""CONTRIBUTOR""",,,,
18158422666,CreateEvent,true,2021-09-27 06:37:31.000000 UTC,65762882,lkozina1309,410193625,lkozina1309/tensorflow,"""main""","""branch""","""user""",,,,,,,,,,,,,,
18158466228,ForkEvent,true,2021-09-27 06:41:32.000000 UTC,87286849,kokhung666,5108051,opencv/opencv,,,,,,,,,,"""kokhung666/opencv""",,,,,,,
18158042136,ForkEvent,true,2021-09-27 06:02:41.000000 UTC,21288568,ben-rogerson,135786093,typescript-cheatsheets/react,,,,,,,,,,"""ben-rogerson/react""",,,,,,,
18158597135,IssueCommentEvent,true,2021-09-27 06:53:14.000000 UTC,12292047,eps1lon,10270250,facebook/react,,,,,,,,"""created""",,,,,,,,,
18158224195,WatchEvent,true,2021-09-27 06:19:02.000000 UTC,34413353,dhr1698,5108051,opencv/opencv,,,,,,,,"""started""",,,,,,,,,
18158324604,CreateEvent,true,2021-09-27 06:28:24.000000 UTC,59121969,tomoya-ono,410766929,tomoya-ono/react,,"""repository""","""user""",,,,,,,,,,,,,,
18158627266,WatchEvent,true,2021-09-27 06:55:46.000000 UTC,14138401,sayem314,17728164,hashicorp/terraform,,,,,,,,"""started""",,,,,,,,,
18158111121,WatchEvent,true,2021-09-27 06:08:50.000000 UTC,49665582,MrJStyle,45717250,tensorflow/tensorflow,,,,,,,,"""started""",,,,,,,,,
18158289528,WatchEvent,true,2021-09-27 06:25:08.000000 UTC,34413353,dhr1698,843222,scikit-learn/scikit-learn,,,,,,,,"""started""",,,,,,,,,
18158431286,PushEvent,true,2021-09-27 06:38:19.000000 UTC,9917,jpeach,175425051,kumahq/kuma,"""refs/heads/release-1.3""",,,8019825639,1,1,"[{""sha"":""e8a94ded6b1f64b12bad1616fb404d84fdc7243f"",""author"":{""name"":""mergify[bot]"",""email"":""b09a6ee808b67e98a221404e7aaa52e0398a4954@users.noreply.github.com""},""message"":""feat(kuma-cp) add GatewayRoute route generation (#2782) (#2836)\n\nAdd machinery to generate Envoy routes from GatewayRoute resources. This\r\nis split into a generator that translates GatewayRoute resources into a\r\ngeneric route table structure, and a generator that translates the generic\r\nstructure into Envoy resources. The generic route table structure provides\r\nan API-independent way to configure Envoy.\r\n\r\nThis change only generates routes (not cluster or endpoints), but the full\r\nsemantics of GatewayRoute are supported, including path prefix matches,\r\nmultiple match criteria and correct route match ordering.\r\n\r\nSigned-off-by: James Peach <james.peach@konghq.com>\r\n(cherry picked from commit 511eeb99307ee4a524c213b60ce542ec789087e7)\r\n\r\nCo-authored-by: James Peach <james.peach@konghq.com>"",""distinct"":true,""url"":""https://api.github.com/repos/kumahq/kuma/commits/e8a94ded6b1f64b12bad1616fb404d84fdc7243f""}]",,,,,,,,,,
18158320379,CreateEvent,true,2021-09-27 06:28:00.000000 UTC,89565402,Mohit08732001,410761819,Mohit08732001/react,"""master""","""branch""","""user""",,,,,,,,,,,,,,
18158374580,WatchEvent,true,2021-09-27 06:33:00.000000 UTC,49870939,imataka7,7691631,moby/moby,,,,,,,,"""started""",,,,,,,,,
18158424992,WatchEvent,true,2021-09-27 06:37:44.000000 UTC,29178312,bfylu,5108051,opencv/opencv,,,,,,,,"""started""",,,,,,,,,
18158475962,CreateEvent,true,2021-09-27 06:42:25.000000 UTC,80537897,sanchi-chauhan,410764879,sanchi-chauhan/react,"""master""","""branch""","""user""",,,,,,,,,,,,,,
18158528890,IssuesEvent,true,2021-09-27 06:47:16.000000 UTC,25682169,naah69,4710920,apache/dubbo,,,,,,,,"""opened""",,,,,,,,,
18158109285,CreateEvent,true,2021-09-27 06:08:40.000000 UTC,89565402,Mohit08732001,410761819,Mohit08732001/react,,"""repository""","""user""",,,,,,,,,,,,,,
18158175506,WatchEvent,true,2021-09-27 06:14:39.000000 UTC,34413353,dhr1698,7691631,moby/moby,,,,,,,,"""started""",,,,,,,,,
18158028416,DeleteEvent,true,2021-09-27 06:01:28.000000 UTC,45942572,SiarheiSakharevich,337402726,saby/react,"""21.5100/mergerator/270921_090118""","""branch""","""user""",,,,,,,,,,,,,,
18158499472,PushEvent,true,2021-09-27 06:44:35.000000 UTC,59121969,tomoya-ono,410766929,tomoya-ono/react,"""refs/heads/main""",,,8019858481,1,1,"[{""sha"":""6868094a02a9f1f26fb84b5a83d172235591a34d"",""author"":{""name"":""tomoya ono"",""email"":""d4766906daa172d1546a4246ecef9086fe9ec41c@yahoo.co.jp""},""message"":""add readme"",""distinct"":true,""url"":""https://api.github.com/repos/tomoya-ono/react/commits/6868094a02a9f1f26fb84b5a83d172235591a34d""}]",,,,,,,,,,
18158184082,PushEvent,true,2021-09-27 06:15:26.000000 UTC,40913925,Moyulingjiu,410762283,Moyulingjiu/phoenix,"""refs/heads/main""",,,8019707341,1,1,"[{""sha"":""8f09a0b57b8d419707d9b07cd4280b405ff8bb1b"",""author"":{""name"":""wavi"",""email"":""c1e37cd24cacbc6c760dcbb91ca44cba053dc3f0@qq.com""},""message"":""创建文档"",""distinct"":true,""url"":""https://api.github.com/repos/Moyulingjiu/phoenix/commits/8f09a0b57b8d419707d9b07cd4280b405ff8bb1b""}]",,,,,,,,,,
18158500630,CreateEvent,true,2021-09-27 06:44:41.000000 UTC,57108398,anushka-cse19,410771343,anushka-cse19/react,,"""repository""","""user""",,,,,,,,,,,,,,
18158362355,IssuesEvent,true,2021-09-27 06:31:51.000000 UTC,59822926,Saduf2019,45717250,tensorflow/tensorflow,,,,,,,,"""reopened""",,,,,,,,,
18158431202,DeleteEvent,true,2021-09-27 06:38:19.000000 UTC,9917,jpeach,175425051,kumahq/kuma,"""mergify/bp/release-1.3/pr-2782""","""branch""","""user""",,,,,,,,,,,,,,
18158423405,IssueCommentEvent,true,2021-09-27 06:37:35.000000 UTC,7353291,markusloecher,843222,scikit-learn/scikit-learn,,,,,,,,"""created""",,,,,,,,,
18158672742,IssueCommentEvent,true,2021-09-27 06:59:36.000000 UTC,2462597,Stolpe,17728164,hashicorp/terraform,,,,,,,,"""created""",,,,,,,,,
18158040172,PushEvent,true,2021-09-27 06:02:31.000000 UTC,86453853,anupamnair93,389345821,anupamnair93/react,"""refs/heads/main""",,,8019642678,193,193,"[{""sha"":""4758e4533e933d29b1c3a960794eef354800f786"",""author"":{""name"":""Brian Vaughn"",""email"":""59942a8ec08225673b377c556396ca24baabd1b2@fb.com""},""message"":""React Native: Export getInspectorDataForInstance API (#21572)\n\nThis PR exports a new top-level API, getInspectorDataForInstance, for React Native (both development and production). Although this change adds a new export to the DEV bundle, it only impacts the production bundle for internal builds (not what's published to NPM)."",""distinct"":true,""url"":""https://api.github.com/repos/anupamnair93/react/commits/4758e4533e933d29b1c3a960794eef354800f786""},{""sha"":""b1811ebf01e174fb1e12c7f748bf1ed8aeedef0b"",""author"":{""name"":""Brian Vaughn"",""email"":""59942a8ec08225673b377c556396ca24baabd1b2@fb.com""},""message"":""[DevTools] Add native events to the scheduling profiler (#21947)"",""distinct"":true,""url"":""https://api.github.com/repos/anupamnair93/react/commits/b1811ebf01e174fb1e12c7f748bf1ed8aeedef0b""},{""sha"":""419cc9c3799bc296c3c2a2c93880826aca680886"",""author"":{""name"":""Andrew Clark"",""email"":""46f1a0bd5592a2f9244ca321b129902a06b53e03@andrewclark.io""},""message"":""Fix: Hide new/updated nodes in already hidden tree (#21929)\n\nWhen a new node is added to an already hidden Offscreen tree, we need\r\nto schedule a visibility effect to hide it. Previously we would only\r\nhide when the boundary initially switches from visible to hidden, which\r\nmeant that newly inserted nodes would be visible.\r\n\r\nWe need to do the same thing for nodes that are updated, because the\r\nupdate might affect the DOM node's `style.display` property.\r\n\r\nThe implementation is to check the `subtreeFlags` for an Insertion or\r\nUpdate effect.\r\n\r\nThis only affects Offscreen, not Suspense, because Suspense boundaries\r\ncannot be updated while in their fallback (hidden) state.\r\n\r\nAnd it only affects mutation mode, because in persistent mode we\r\nimplement hiding by cloning the host tree during the complete phase,\r\nwhich already happens on every update."",""distinct"":true,""url"":""https://api.github.com/repos/anupamnair93/react/commits/419cc9c3799bc296c3c2a2c93880826aca680886""},{""sha"":""392253a774f33c0b8e2e25757ca6d6aa0ab48fce"",""author"":{""name"":""Andrew Clark"",""email"":""46f1a0bd5592a2f9244ca321b129902a06b53e03@andrewclark.io""},""message"":""[Fabric] Use container node to toggle the visibility of Offscreen and Suspense trees (#21960)\n\n* Fix type of Offscreen props argument\r\n\r\nFixes an oversight from a previous refactor. The fiber that wraps\r\na Suspense component's children used to be a Fragment but now it's on\r\nOffscreen fiber, so its props type has changed. There's a special\r\nhydration path where I forgot to update this. This isn't observable\r\nbecause we don't ever end up rendering this particular fiber (because\r\nthe Suspense boundary is in its fallback state) but we should fix it\r\nanyway to avoid a potential regression in the future.\r\n\r\n* Extract createOffscreenFromFiber logic\r\n\r\n...into a new method called `createWorkInProgressOffscreenFiber`. Just\r\nfor symmetry with `updateWorkInProgressOffscreenFiber`. Doesn't change\r\nany behavior.\r\n\r\n* [Fabric] Use container node to hide/show tree\r\n\r\nThis changes how we hide and show the contents of Offscreen boundaries\r\nin the React Fabric renderer (persistent mode), and also Suspense\r\nboundaries which use the same feature.=\r\n\r\nThe way it used to work was that when a boundary is hidden, in the\r\ncomplete phase, instead of calling the normal `cloneInstance` method\r\ninside `appendAllChildren`, we would call a forked method called\r\n`cloneHiddenInstance` for each of the nearest host nodes within the\r\nsubtree. This design was largely based on how it works in React DOM\r\n(mutation mode), where instead of cloning the nearest host nodes, we\r\nmutate their `style.display` property.\r\n\r\nThe motivation for doing it this way in React DOM was because there's no\r\nbuilt-in browser API for hiding a collection of DOM nodes without\r\naffecting their layout.\r\n\r\nIn Fabric, however, there is no such limitation, so we can instead wrap\r\nin an extra host node and apply a hidden style.\r\n\r\nThe immediate motivation for this change is that Fabric on Android has a\r\nview pooling mechanism for instances that relies on the assumption that\r\na current Fiber that is cloned and replaced by a new Fiber will never\r\nappear in a future commit. When this assumption is broken, it may cause\r\ncrashes. In the current implementation, that can indeed happen when a\r\nnode that was previously hidden is toggled back to visible. Although\r\nthis change sidesteps the issue, we may introduce in other features in\r\nthe future that would benefit from being able to revert back to an older\r\nnode without cloning it again, such as animations.\r\n\r\nThe way I've implemented this is to insert an additional HostComponent\r\nfiber as the child of each OffscreenComponent. The extra fiber is not\r\nideal — the way I'd prefer to do it is to attach the host instance to\r\nthe OffscreenComponent. However, the native Fabric implementation\r\ncurrently expects a 1:1 correspondence between HostComponents and host\r\ninstances, so I've deferred that optimization to a future PR to derisk\r\nfixing the Fabric pooling crash. I left a TODO in the host config with a\r\ndescription of the remaining steps, but this alone should be sufficient\r\nto unblock."",""distinct"":true,""url"":""https://api.github.com/repos/anupamnair93/react/commits/392253a774f33c0b8e2e25757ca6d6aa0ab48fce""},{""sha"":""c21e8fccadc0e0351bc45c2df729c92807a647ef"",""author"":{""name"":""Brian Vaughn"",""email"":""59942a8ec08225673b377c556396ca24baabd1b2@fb.com""},""message"":""Scheduling profiler: Improve native events UI (#21966)\n\nAlso highlight events that have synchronous updates inside of them. (We may want to relax this highlighting later to not warn about event handlers that are still fast enough.)"",""distinct"":true,""url"":""https://api.github.com/repos/anupamnair93/react/commits/c21e8fccadc0e0351bc45c2df729c92807a647ef""},{""sha"":""d4d7864934025232e8bca5d2febec846ec1bd6e3"",""author"":{""name"":""Timothy Yung"",""email"":""08eb872429d0023047f532457bedba8a9a1ab8d1@fb.com""},""message"":""Fix `ReactFabricHostComponent` methods if detached (#21967)"",""distinct"":true,""url"":""https://api.github.com/repos/anupamnair93/react/commits/d4d7864934025232e8bca5d2febec846ec1bd6e3""},{""sha"":""4cc8ec64c2c853146f35ee3c7d072fe23847a006"",""author"":{""name"":""Timothy Yung"",""email"":""08eb872429d0023047f532457bedba8a9a1ab8d1@fb.com""},""message"":""Separate unit tests for ReactFabricHostComponent (#21969)"",""distinct"":true,""url"":""https://api.github.com/repos/anupamnair93/react/commits/4cc8ec64c2c853146f35ee3c7d072fe23847a006""},{""sha"":""87239321b0609f7bf1edaaba6aab6be24d6717b1"",""author"":{""name"":""Brian Vaughn"",""email"":""59942a8ec08225673b377c556396ca24baabd1b2@fb.com""},""message"":""Sceduling profiler: Added custom view cursors (#21970)"",""distinct"":true,""url"":""https://api.github.com/repos/anupamnair93/react/commits/87239321b0609f7bf1edaaba6aab6be24d6717b1""},{""sha"":""d95434082f9fe0c612d20a6779e78b818154653b"",""author"":{""name"":""Brian Vaughn"",""email"":""59942a8ec08225673b377c556396ca24baabd1b2@fb.com""},""message"":""Scheduling profiler: UX tweaks (#21971)"",""distinct"":true,""url"":""https://api.github.com/repos/anupamnair93/react/commits/d95434082f9fe0c612d20a6779e78b818154653b""},{""sha"":""cdccdbe1710dec6b954b2294d165da5671cf6443"",""author"":{""name"":""Brian Vaughn"",""email"":""59942a8ec08225673b377c556396ca24baabd1b2@fb.com""},""message"":""Display warnings in tooltips for native events that render sync updates (#21975)"",""distinct"":true,""url"":""https://api.github.com/repos/anupamnair93/react/commits/cdccdbe1710dec6b954b2294d165da5671cf6443""},{""sha"":""321087d1343638e2d45e53971a7d8c384549940b"",""author"":{""name"":""Sebastian Markbåge"",""email"":""8a279ae1320350359ecfec7a379763633f1edc4c@fb.com""},""message"":""[Fizz] Don't add aborted segments to the completedSegments list (#21976)\n\n* Don't add aborted segments to the completedSegments list\r\n\r\n* Update error message to include aborted status"",""distinct"":true,""url"":""https://api.github.com/repos/anupamnair93/react/commits/321087d1343638e2d45e53971a7d8c384549940b""},{""sha"":""9f88b5355ba21e06e0a3c4442c5199de354ed1cf"",""author"":{""name"":""Piotr Szulc"",""email"":""907f57e155acbddae8f10ca060174841be9951d3@students.mimuw.edu.pl""},""message"":""Devtools: Display as link if value is in specified protocols (#21964)"",""distinct"":true,""url"":""https://api.github.com/repos/anupamnair93/react/commits/9f88b5355ba21e06e0a3c4442c5199de354ed1cf""},{""sha"":""d9dd96530f366f0e9062095a513f1b04e71ffaf0"",""author"":{""name"":""Brian Vaughn"",""email"":""59942a8ec08225673b377c556396ca24baabd1b2@fb.com""},""message"":""Added testing instructions to devtools contributing guide"",""distinct"":true,""url"":""https://api.github.com/repos/anupamnair93/react/commits/d9dd96530f366f0e9062095a513f1b04e71ffaf0""},{""sha"":""34308b5adaffaf27501ba7a934b95478ba0aa327"",""author"":{""name"":""Andrew Clark"",""email"":""46f1a0bd5592a2f9244ca321b129902a06b53e03@andrewclark.io""},""message"":""Tidy up early bailout logic at start of begin phase (#21852)\n\n* Extract early bailout to separate function\r\n\r\nThis block is getting hard to read so I moved it to a separate function.\r\nI'm about to refactor the logic that wraps around this path.\r\n\r\nIdeally this early bailout path would happen before the begin phase\r\nphase. Perhaps during reconcilation of the parent fiber's children.\r\n\r\n* Extract state and context check to separate function\r\n\r\nThe only reason we pass `updateLanes` to some begin functions is to\r\ncheck if we can perform an early bail out. But this is also available\r\nas `current.lanes`, so we can read it from there instead.\r\n\r\nI think the only reason we didn't do it this way originally is because\r\ncomponents that have two phases — error and Suspense boundaries —\r\nuse `workInProgress.lanes` to prevent a bail out, since during the\r\ninitial render there is no `current`. But we can check the `DidCapture`\r\nflag instead, which we use elsewhere to detect the second phase."",""distinct"":true,""url"":""https://api.github.com/repos/anupamnair93/react/commits/34308b5adaffaf27501ba7a934b95478ba0aa327""},{""sha"":""6f3fcbd6fac90d97f48a4c6e270b2124a333d714"",""author"":{""name"":""Shubham Pandey"",""email"":""28a8c3146361b4955fe129849f63d0380701ea86@gmail.com""},""message"":""Some remaining instances of master to main (#21982)\n\nCo-authored-by: Shubham Pandey <shubham.pandey@mfine.co>"",""distinct"":true,""url"":""https://api.github.com/repos/anupamnair93/react/commits/6f3fcbd6fac90d97f48a4c6e270b2124a333d714""},{""sha"":""f0d354efc60633800aa30555ab5d890bcdfac0ae"",""author"":{""name"":""Andrew Clark"",""email"":""46f1a0bd5592a2f9244ca321b129902a06b53e03@andrewclark.io""},""message"":""[Fabric] Fix reparenting bug in legacy Suspense mount (#21995)\n\n* Add reparenting invariant to React Noop\r\n\r\nFabric does not allow nodes to be reparented, so I added the equivalent\r\ninvariant to React Noop's so we can catch regressions.\r\n\r\nThis causes some tests to fail, which I'll fix in the next step.\r\n\r\n* Fix: Use getOffscreenContainerProps\r\n\r\nThe type of these props is different per renderer. An oversight\r\nfrom #21960. Unfortunately wasn't caught by Flow because fiber props\r\nare `any`-typed.\r\n\r\n* [Fabric] Fix reparenting in legacy Suspense mount\r\n\r\nFixes a weird case during legacy Suspense mount where the offscreen host\r\ncontainer of a tree that suspends during initial mount is recreated\r\ninstead of cloned, since there's no current fiber to clone from.\r\n\r\nFabric considers this a reparent even though the parent from the first\r\npass never committed.\r\n\r\nInstead we can override the props from the first pass before the\r\ncontainer completes. It's a bit of a hack, but no more so than the rest\r\nof the legacy root Suspense implementation — the hacks are designed\r\nto make it usable by non-strict mode-compliant trees."",""distinct"":true,""url"":""https://api.github.com/repos/anupamnair93/react/commits/f0d354efc60633800aa30555ab5d890bcdfac0ae""},{""sha"":""b537247678ea44399573088b74f4cf11b8114743"",""author"":{""name"":""Juan"",""email"":""8d0d3ce5b4d2d4d2532d86fe74ce0bd7bdfb062b@gmail.com""},""message"":""New devtools test for named hooks verifying case when hooks are used indirectly (#21996)\n\n## Summary\r\nAdds a new unit test to `parseHookNames-test` which verifies that we correctly give names to hooks when they are used indirectly: \r\n\r\ne.g.\r\n```\r\n  const countState = useState(0);\r\n  const count = countState[0];\r\n  const setCount = countState[1];\r\n``` \r\n\r\nShould produce `count` as the name.\r\n\r\n## Test plan\r\n\r\n```\r\nyarn test\r\nyarn test-build-devtools\r\nyarn test-build-devtools parseHookNames\r\n```"",""distinct"":true,""url"":""https://api.github.com/repos/anupamnair93/react/commits/b537247678ea44399573088b74f4cf11b8114743""},{""sha"":""27bf6f9a832e4ccc20cfb5a81850ae8d4cc2f92b"",""author"":{""name"":""Brian Vaughn"",""email"":""59942a8ec08225673b377c556396ca24baabd1b2@fb.com""},""message"":""Scheduling profiler UX changes (#21990)"",""distinct"":true,""url"":""https://api.github.com/repos/anupamnair93/react/commits/27bf6f9a832e4ccc20cfb5a81850ae8d4cc2f92b""},{""sha"":""dfd9d6263654faff364a8990a19f69548cf35e92"",""author"":{""name"":""Ilham Syahid S"",""email"":""4b753744189b4511d50a3fc3b9d930aef1510238@gmail.com""},""message"":""[DevTools] Optimize Images yarn command (part 2) (#21968)"",""distinct"":true,""url"":""https://api.github.com/repos/anupamnair93/react/commits/dfd9d6263654faff364a8990a19f69548cf35e92""},{""sha"":""d1a58da55d42cb1455d4f0da50f2e223723d3b2c"",""author"":{""name"":""Brian Vaughn"",""email"":""59942a8ec08225673b377c556396ca24baabd1b2@fb.com""},""message"":""Optimized DevTools extension images"",""distinct"":true,""url"":""https://api.github.com/repos/anupamnair93/react/commits/d1a58da55d42cb1455d4f0da50f2e223723d3b2c""}]",,,,,,,,,,
18158219909,WatchEvent,true,2021-09-27 06:18:39.000000 UTC,4812302,bingtianbaihua,4710920,apache/dubbo,,,,,,,,"""started""",,,,,,,,,
18158088918,IssueCommentEvent,true,2021-09-27 06:06:53.000000 UTC,53557551,laddcn,4710920,apache/dubbo,,,,,,,,"""created""",,,,,,,,,
18158240516,CreateEvent,true,2021-09-27 06:20:33.000000 UTC,80537897,sanchi-chauhan,410764879,sanchi-chauhan/react,,"""repository""","""user""",,,,,,,,,,,,,,
18158636052,PushEvent,true,2021-09-27 06:56:30.000000 UTC,10372217,x1h0,171992169,x1h0/helix,"""refs/heads/master""",,,8019924254,2,2,"[{""sha"":""042bcfd9acbbc85a24d0300465a8e60ed82fcb3b"",""author"":{""name"":""Jack McGuire"",""email"":""467b10c29ce7445c8bd414c1b1e03911c070cd3a@gmail.com""},""message"":""HOTFIX: ExtensionSetConfigurationParams Extension-ID json tag\n\n- fix this type of using a '-' instead of '_' in the\nExtensionID field for the ExtensionSetConfigurationParams struct"",""distinct"":true,""url"":""https://api.github.com/repos/x1h0/helix/commits/042bcfd9acbbc85a24d0300465a8e60ed82fcb3b""},{""sha"":""4a9d184e0f41f0ec46f058a74791010e6c3a14e3"",""author"":{""name"":""Nick Law"",""email"":""75ef9faee755c70589550b513ad881e5a603182c@nicholaslaw.com.au""},""message"":""Merge pull request #121 from jackmcguire1/extensions\n\nHOTFIX: ExtensionSetConfigurationParams Extension-ID json tag"",""distinct"":true,""url"":""https://api.github.com/repos/x1h0/helix/commits/4a9d184e0f41f0ec46f058a74791010e6c3a14e3""}]",,,,,,,,,,
18158346947,WatchEvent,true,2021-09-27 06:30:27.000000 UTC,10555820,szy0syz,121814210,primer/react,,,,,,,,"""started""",,,,,,,,,
18158121421,WatchEvent,true,2021-09-27 06:09:42.000000 UTC,24985258,jeetkn,135786093,typescript-cheatsheets/react,,,,,,,,"""started""",,,,,,,,,
18158131036,CreateEvent,true,2021-09-27 06:10:36.000000 UTC,40913925,Moyulingjiu,410762283,Moyulingjiu/phoenix,,"""repository""","""user""",,,,,,,,,,,,,,
18158201013,PullRequestReviewEvent,true,2021-09-27 06:16:59.000000 UTC,51379307,akgupta0777,10270250,facebook/react,,,,,,,,"""created""",22431,,,"""commented""","""CONTRIBUTOR""",,,,
18158525406,CreateEvent,true,2021-09-27 06:46:57.000000 UTC,57108398,anushka-cse19,410771343,anushka-cse19/react,"""main""","""branch""","""user""",,,,,,,,,,,,,,
18158382062,PushEvent,true,2021-09-27 06:33:43.000000 UTC,1654111,oriondream,96284985,oriondream/opencv,"""refs/heads/master""",,,8019801437,1000,9336,"[{""sha"":""e49ae68524facec29ecbfe9cd3a2419e47a0d6ac"",""author"":{""name"":""Tomoaki Teshima"",""email"":""98aabe0b08f6ce484961ae6ed55bc0541c4c2091@gmail.com""},""message"":""workaround the test failure"",""distinct"":true,""url"":""https://api.github.com/repos/oriondream/opencv/commits/e49ae68524facec29ecbfe9cd3a2419e47a0d6ac""},{""sha"":""104e64dd0f06ca3915d4cf45623f8e0c929906f5"",""author"":{""name"":""Alexander Alekhin"",""email"":""68add3c7f0912f500ebe6e9539930fd1bb229c72@gmail.com""},""message"":""Merge pull request #19339 from ichisadashioko:modules_highgui_src_window_w32_typo"",""distinct"":true,""url"":""https://api.github.com/repos/oriondream/opencv/commits/104e64dd0f06ca3915d4cf45623f8e0c929906f5""},{""sha"":""212815a10d1a8d9e14cd2a6372a2d4be0fd7769f"",""author"":{""name"":""Alexander Alekhin"",""email"":""68add3c7f0912f500ebe6e9539930fd1bb229c72@gmail.com""},""message"":""core(ocl): fix lifetime handling of Image kernel args"",""distinct"":true,""url"":""https://api.github.com/repos/oriondream/opencv/commits/212815a10d1a8d9e14cd2a6372a2d4be0fd7769f""},{""sha"":""321f26f450980d2cd2f417bca686cecad299ab52"",""author"":{""name"":""kyshel"",""email"":""1d5150928898e4443c6582c1b956a403a7919b33@users.noreply.github.com""},""message"":"" update xrange() to range()\n\nupdate xrange() to range() as Python 2 has been deprecate, more info:\n1.  Python 2 has been no longer supported officially since January 1, 2020.  Check  https://www.python.org/doc/sunset-python-2/\n2.  xrange() was renamed to range() in Python 3. Check  https://stackoverflow.com/questions/17192158/nameerror-global-name-xrange-is-not-defined-in-python-3/17192181#17192181\n\nupdate xrange() to range()\n\nUpdate py_fourier_transform.markdown\n\nupdate xrange() to range()"",""distinct"":true,""url"":""https://api.github.com/repos/oriondream/opencv/commits/321f26f450980d2cd2f417bca686cecad299ab52""},{""sha"":""a0bdb78a996bb6fa090ab1d42a623f7ea862f7dc"",""author"":{""name"":""Vadim Levin"",""email"":""2dd09db327d93427d4dfdcf4196f16269ccc36e7@xperience.ai""},""message"":""feat: add overload resolution exception for Python bindings"",""distinct"":true,""url"":""https://api.github.com/repos/oriondream/opencv/commits/a0bdb78a996bb6fa090ab1d42a623f7ea862f7dc""},{""sha"":""109637e213ddd5f1ff4815dbd41265a13f96c91d"",""author"":{""name"":""Ruan"",""email"":""9cc4dd08f34050078b1e25b963863987ac4cb8de@users.noreply.github.com""},""message"":""Update essential_mat_reconstr.cpp\n\nA small clerical error of an author. The correct expression should be \""xy += x_*y_;\""."",""distinct"":true,""url"":""https://api.github.com/repos/oriondream/opencv/commits/109637e213ddd5f1ff4815dbd41265a13f96c91d""},{""sha"":""6ce9bb6f7ab8081122b5e3976c9dee0978ac53fe"",""author"":{""name"":""Alexander Alekhin"",""email"":""68add3c7f0912f500ebe6e9539930fd1bb229c72@gmail.com""},""message"":""Merge pull request #19312 from VadimLevin:dev/vlevin/clear-msg-for-failed-overload-resolution"",""distinct"":true,""url"":""https://api.github.com/repos/oriondream/opencv/commits/6ce9bb6f7ab8081122b5e3976c9dee0978ac53fe""},{""sha"":""5e5f47321bb0c4dceb3cb2723dee91be87b79009"",""author"":{""name"":""Alexander Alekhin"",""email"":""68add3c7f0912f500ebe6e9539930fd1bb229c72@gmail.com""},""message"":""Merge pull request #19320 from alalek:videoio_plugins_api_split_capture_write\n\nvideoio(plugins): split capture and writer APIs"",""distinct"":true,""url"":""https://api.github.com/repos/oriondream/opencv/commits/5e5f47321bb0c4dceb3cb2723dee91be87b79009""},{""sha"":""291dbdfbe640a1bdce04b6a1ceca37d91580f4a5"",""author"":{""name"":""Alexander Alekhin"",""email"":""68add3c7f0912f500ebe6e9539930fd1bb229c72@gmail.com""},""message"":""Merge pull request #19336 from kyshel:patch-1"",""distinct"":true,""url"":""https://api.github.com/repos/oriondream/opencv/commits/291dbdfbe640a1bdce04b6a1ceca37d91580f4a5""},{""sha"":""d93790717d5cd1e1a41e15105ac4293e10a1db95"",""author"":{""name"":""Alexander Alekhin"",""email"":""68add3c7f0912f500ebe6e9539930fd1bb229c72@gmail.com""},""message"":""Merge pull request #19340 from tomoaki0705:fixStitchingExposure"",""distinct"":true,""url"":""https://api.github.com/repos/oriondream/opencv/commits/d93790717d5cd1e1a41e15105ac4293e10a1db95""},{""sha"":""f65d75f5c852384c9563dcf458be07a0b3c17e28"",""author"":{""name"":""Maksim Shabunin"",""email"":""df7bbd2e1b30f9cbe316b888d25da4f669e20ac7@gmail.com""},""message"":""Updated more links to forum.opencv.org"",""distinct"":true,""url"":""https://api.github.com/repos/oriondream/opencv/commits/f65d75f5c852384c9563dcf458be07a0b3c17e28""},{""sha"":""e4e10e54df1dd20dc7f1c59b96bf838e9da8ea8e"",""author"":{""name"":""Maksim Shabunin"",""email"":""df7bbd2e1b30f9cbe316b888d25da4f669e20ac7@gmail.com""},""message"":""Updated more links to forum.opencv.org"",""distinct"":true,""url"":""https://api.github.com/repos/oriondream/opencv/commits/e4e10e54df1dd20dc7f1c59b96bf838e9da8ea8e""},{""sha"":""8a44e712f81609ad775e455f83add4c78d390e2b"",""author"":{""name"":""Alexander Alekhin"",""email"":""68add3c7f0912f500ebe6e9539930fd1bb229c72@gmail.com""},""message"":""Merge pull request #19345 from Ryyyc:patch-1"",""distinct"":true,""url"":""https://api.github.com/repos/oriondream/opencv/commits/8a44e712f81609ad775e455f83add4c78d390e2b""},{""sha"":""0f968e3b6d50ee7c313685e26b8751d87e2a26ae"",""author"":{""name"":""Alexander Alekhin"",""email"":""68add3c7f0912f500ebe6e9539930fd1bb229c72@gmail.com""},""message"":""Merge pull request #19352 from mshabunin:new-forum-links"",""distinct"":true,""url"":""https://api.github.com/repos/oriondream/opencv/commits/0f968e3b6d50ee7c313685e26b8751d87e2a26ae""},{""sha"":""1d5589296ebb4c48ef940239f7e7ba232d916a60"",""author"":{""name"":""Alexander Alekhin"",""email"":""68add3c7f0912f500ebe6e9539930fd1bb229c72@gmail.com""},""message"":""gapi: fix build warning"",""distinct"":true,""url"":""https://api.github.com/repos/oriondream/opencv/commits/1d5589296ebb4c48ef940239f7e7ba232d916a60""},{""sha"":""995c308a497bca65101f8a6c25a290e025e826d4"",""author"":{""name"":""Alexander Alekhin"",""email"":""68add3c7f0912f500ebe6e9539930fd1bb229c72@gmail.com""},""message"":""Merge pull request #19353 from mshabunin:new-forum-links-master"",""distinct"":true,""url"":""https://api.github.com/repos/oriondream/opencv/commits/995c308a497bca65101f8a6c25a290e025e826d4""},{""sha"":""7a790d0d353bcbe48f1d62fb917c787ab4185846"",""author"":{""name"":""Alexander Alekhin"",""email"":""68add3c7f0912f500ebe6e9539930fd1bb229c72@gmail.com""},""message"":""Merge pull request #19355 from alalek:fixup_19050"",""distinct"":true,""url"":""https://api.github.com/repos/oriondream/opencv/commits/7a790d0d353bcbe48f1d62fb917c787ab4185846""},{""sha"":""ea41f89b40392fc0c5bdfe0f0c43c4820c4b2eac"",""author"":{""name"":""Sergei Slashchinin"",""email"":""b480a9bc40f3236639f1dff4594691efcb7e45b4@users.noreply.github.com""},""message"":""Merge pull request #19058 from sl-sergei:cuda_1d\n\nConv1D and Pool1D for CUDA backend\r\n\r\n* CUDA-independent changes\r\n\r\n* Add Conv1D and Pool1D for CUDA backend\r\n\r\n* CUDA-independent changes\r\n\r\n* Fix typo\r\n\r\n* fix comment\r\n\r\n* Update fix\r\n\r\n* make changes more correct for pooling layer\r\n\r\n* Minor fixes for review\r\n\r\n* Split skip blocks"",""distinct"":true,""url"":""https://api.github.com/repos/oriondream/opencv/commits/ea41f89b40392fc0c5bdfe0f0c43c4820c4b2eac""},{""sha"":""b4e941d43113ecad33bea3f8fd7a1f14771c7077"",""author"":{""name"":""Alexander Smorkalov"",""email"":""079c1c01b74b0f0626d6e73a2d8b9c6ed60c2538@xperience.ai""},""message"":""VideoCapture test to ensure that cv::VideoCapture does not share output buffers between frames."",""distinct"":true,""url"":""https://api.github.com/repos/oriondream/opencv/commits/b4e941d43113ecad33bea3f8fd7a1f14771c7077""},{""sha"":""38a49f92aba0212366e8ffe72458a5f6b29e75a7"",""author"":{""name"":""Liubov Batanina"",""email"":""e31e9421dee8ae251952f0c15777e23a2fd06308@yandex.ru""},""message"":""Added shared weights for MatMul"",""distinct"":true,""url"":""https://api.github.com/repos/oriondream/opencv/commits/38a49f92aba0212366e8ffe72458a5f6b29e75a7""}]",,,,,,,,,,
18158130237,CreateEvent,true,2021-09-27 06:10:32.000000 UTC,63399622,Navneetaneja,410761057,Navneetaneja/react,"""main""","""branch""","""user""",,,,,,,,,,,,,,
18158153213,WatchEvent,true,2021-09-27 06:12:35.000000 UTC,26772420,SeongIkKim,4576305,openzipkin/zipkin,,,,,,,,"""started""",,,,,,,,,
18158607321,PushEvent,true,2021-09-27 06:54:05.000000 UTC,56741989,copybara-service[bot],45717250,tensorflow/tensorflow,"""refs/heads/master""",,,8019908262,1,1,"[{""sha"":""9ffa4a9d9e3e4d3c0f00ca90e3845cbe0f1dba72"",""author"":{""name"":""A. Unique TensorFlower"",""email"":""746aced590a184ef4169166e753f7c211e32e5fc@tensorflow.org""},""message"":""Go: Update generated wrapper functions for TensorFlow ops.\n\nPiperOrigin-RevId: 399116682\nChange-Id: I536914a8ae8cdc6423ef416ff38a3460dd63fa90"",""distinct"":true,""url"":""https://api.github.com/repos/tensorflow/tensorflow/commits/9ffa4a9d9e3e4d3c0f00ca90e3845cbe0f1dba72""}]",,,,,,,,,,
18158082775,DeleteEvent,true,2021-09-27 06:06:20.000000 UTC,59121969,tomoya-ono,410757412,tomoya-ono/react,"""master""","""branch""","""user""",,,,,,,,,,,,,,
18158253807,PullRequestReviewEvent,true,2021-09-27 06:21:47.000000 UTC,19339784,jiangjiajun,5108051,opencv/opencv,,,,,,,,"""created""",20290,,,"""approved""","""CONTRIBUTOR""",,,,
18158658760,IssueCommentEvent,true,2021-09-27 06:58:24.000000 UTC,41657421,zhongxiongzeng,4710920,apache/dubbo,,,,,,,,"""created""",,,,,,,,,
18158028500,CreateEvent,true,2021-09-27 06:01:28.000000 UTC,45942572,SiarheiSakharevich,337402726,saby/react,"""21.5100/mergerator/270921_090118""","""branch""","""user""",,,,,,,,,,,,,,
18158123516,IssueCommentEvent,true,2021-09-27 06:09:54.000000 UTC,81610181,tilakrayal,45717250,tensorflow/tensorflow,,,,,,,,"""created""",,,,,,,,,
18158416455,PushEvent,true,2021-09-27 06:36:55.000000 UTC,88934984,kunapareddy123,397947467,kunapareddy123/terraform,"""refs/heads/master""",,,8019818604,1,1,"[{""sha"":""34e3691a5629eb0b40b6c2913026d3ca6eb98579"",""author"":{""name"":""kunapareddy123"",""email"":""c741e5155154ca3c3377aeebd0e430214592da9e@users.noreply.github.com""},""message"":""Delete files directory"",""distinct"":true,""url"":""https://api.github.com/repos/kunapareddy123/terraform/commits/34e3691a5629eb0b40b6c2913026d3ca6eb98579""}]",,,,,,,,,,
18158557959,ForkEvent,true,2021-09-27 06:49:50.000000 UTC,89300995,bas-bhai-account-khol-de,5108051,opencv/opencv,,,,,,,,,,"""bas-bhai-account-khol-de/opencv""",,,,,,,
18158117229,IssueCommentEvent,true,2021-09-27 06:09:21.000000 UTC,9920591,gotmax23,7691631,moby/moby,,,,,,,,"""created""",,,,,,,,,
18158154912,WatchEvent,true,2021-09-27 06:12:45.000000 UTC,74334533,erikfritas,273983771,yashika51/scikit-learn,,,,,,,,"""started""",,,,,,,,,
18158170490,PushEvent,true,2021-09-27 06:14:11.000000 UTC,10806414,ycchien313,407426502,ycchien313/react,"""refs/heads/main""",,,8019700902,1,1,"[{""sha"":""88575bb84353df7444dc9f70821509c377aeeaee"",""author"":{""name"":""YiChieh"",""email"":""377017c76876c97a06699c8b297174fc42bfaa76@gmail.com""},""message"":""feat. mobile arrow of singer-section"",""distinct"":true,""url"":""https://api.github.com/repos/ycchien313/react/commits/88575bb84353df7444dc9f70821509c377aeeaee""}]",,,,,,,,,,
18158516744,CreateEvent,true,2021-09-27 06:46:10.000000 UTC,63542705,IlyassElarbaouti,410771754,IlyassElarbaouti/react,,"""repository""","""user""",,,,,,,,,,,,,,
18158023810,IssueCommentEvent,true,2021-09-27 06:01:02.000000 UTC,277214,justingrant,10270250,facebook/react,,,,,,,,"""created""",,,,,,,,,
18158580791,CreateEvent,true,2021-09-27 06:51:48.000000 UTC,63542705,IlyassElarbaouti,410771754,IlyassElarbaouti/react,"""main""","""branch""","""user""",,,,,,,,,,,,,,
18163685466,DeleteEvent,true,2021-09-27 12:35:09.000000 UTC,89061,ogrisel,843501,ogrisel/scikit-learn,"""fix-whats_new-v1.0.rst-date""","""branch""","""user""",,,,,,,,,,,,,,
18163929611,CreateEvent,true,2021-09-27 12:50:26.000000 UTC,3234522,DimitriPapadopoulos,406690667,DimitriPapadopoulos/scikit-learn,"""externals_utils""","""branch""","""user""",,,,,,,,,,,,,,
18163883616,DeleteEvent,true,2021-09-27 12:47:42.000000 UTC,3234522,DimitriPapadopoulos,406690667,DimitriPapadopoulos/scikit-learn,"""externals_utils""","""branch""","""user""",,,,,,,,,,,,,,
18163741572,DeleteEvent,true,2021-09-27 12:38:51.000000 UTC,3234522,DimitriPapadopoulos,406690667,DimitriPapadopoulos/scikit-learn,"""scipy_externals""","""branch""","""user""",,,,,,,,,,,,,,
18163852754,PushEvent,true,2021-09-27 12:45:50.000000 UTC,3234522,DimitriPapadopoulos,406690667,DimitriPapadopoulos/scikit-learn,"""refs/heads/externals_utils""",,,8022354762,5,0,"[{""sha"":""20d5eaf42601b8216fe7daa2fb073d569d28a6b7"",""author"":{""name"":""赵丰 (Zhao Feng)"",""email"":""6d49ab6e7f5bcc3535fd28c1d8cd5d9ba85b4675@qq.com""},""message"":""DOC fix an import in the docsting of RationalQuadratic (#21156)"",""distinct"":false,""url"":""https://api.github.com/repos/DimitriPapadopoulos/scikit-learn/commits/20d5eaf42601b8216fe7daa2fb073d569d28a6b7""},{""sha"":""9ed1c6555885f9df1a3c3961662e0fcad4fb7b04"",""author"":{""name"":""EricEllwanger"",""email"":""a38ee1d0152bac93290666c041d692774b9a9e25@users.noreply.github.com""},""message"":""DOC Ensure StackingClassifier pass numpydoc validation (#21135)\n\nCo-authored-by: frellwan <frellwan@hotmail.com>\r\nCo-authored-by: Guillaume Lemaitre <g.lemaitre58@gmail.com>"",""distinct"":false,""url"":""https://api.github.com/repos/DimitriPapadopoulos/scikit-learn/commits/9ed1c6555885f9df1a3c3961662e0fcad4fb7b04""},{""sha"":""8d81fabec3a6b8303088aa9aa9f997bc0f0cf87c"",""author"":{""name"":""Guillaume Lemaitre"",""email"":""e5e78d384e205244ed69377c80930de68a2732ec@gmail.com""},""message"":""DOC move versionadded misplaced (#21162)"",""distinct"":false,""url"":""https://api.github.com/repos/DimitriPapadopoulos/scikit-learn/commits/8d81fabec3a6b8303088aa9aa9f997bc0f0cf87c""},{""sha"":""34e07d181673ec0f4e55eb4c116785632d3645ca"",""author"":{""name"":""Dimitri Papadopoulos Orfanos"",""email"":""cadff36249149a6a16cb05b20ee2bf0e101c0f1f@users.noreply.github.com""},""message"":""MAINT update externals/_lobpcg.py with upstream (#21163)"",""distinct"":false,""url"":""https://api.github.com/repos/DimitriPapadopoulos/scikit-learn/commits/34e07d181673ec0f4e55eb4c116785632d3645ca""},{""sha"":""2e3c32dcc1e99ad753dff4a9aa26657073883158"",""author"":{""name"":""Dimitri Papadopoulos Orfanos"",""email"":""cadff36249149a6a16cb05b20ee2bf0e101c0f1f@users.noreply.github.com""},""message"":""MNT sync externals/_pilutil.py with upstream (#21161)"",""distinct"":false,""url"":""https://api.github.com/repos/DimitriPapadopoulos/scikit-learn/commits/2e3c32dcc1e99ad753dff4a9aa26657073883158""}]",,,,,,,,,,
18163931115,DeleteEvent,true,2021-09-27 12:50:32.000000 UTC,3234522,DimitriPapadopoulos,406690667,DimitriPapadopoulos/scikit-learn,"""externals_utils""","""branch""","""user""",,,,,,,,,,,,,,
18163526610,DeleteEvent,true,2021-09-27 12:24:39.000000 UTC,3234522,DimitriPapadopoulos,406690667,DimitriPapadopoulos/scikit-learn,"""_lobpcg.py""","""branch""","""user""",,,,,,,,,,,,,,
18163712223,PushEvent,true,2021-09-27 12:36:54.000000 UTC,3234522,DimitriPapadopoulos,406690667,DimitriPapadopoulos/scikit-learn,"""refs/heads/externals_utils""",,,8022287020,1,1,"[{""sha"":""e71268f75d5612828524ce28fa9ceab371836019"",""author"":{""name"":""Dimitri Papadopoulos"",""email"":""cadff36249149a6a16cb05b20ee2bf0e101c0f1f@users.noreply.github.com""},""message"":""MAINT move an orphaned vendored file around\n\nFile scipy/misc/pilutil.py has been removed from Scipy 1.3.0, see\nscipy/scipy#9325.\n\nMove _pilutil.py from scipy/externals, which is the location for\nvendored files, to scipy/utils, which is a location for locally\nmaintained files."",""distinct"":true,""url"":""https://api.github.com/repos/DimitriPapadopoulos/scikit-learn/commits/e71268f75d5612828524ce28fa9ceab371836019""}]",,,,,,,,,,
18163998666,PushEvent,true,2021-09-27 12:54:33.000000 UTC,7454015,glemaitre,49886894,glemaitre/scikit-learn,"""refs/heads/is/21134""",,,8022426032,1,1,"[{""sha"":""000c3f85ebe64ce6b8e493bdd027ed88c140dadd"",""author"":{""name"":""Guillaume Lemaitre"",""email"":""e5e78d384e205244ed69377c80930de68a2732ec@gmail.com""},""message"":""DOC add more details for future behaviour"",""distinct"":true,""url"":""https://api.github.com/repos/glemaitre/scikit-learn/commits/000c3f85ebe64ce6b8e493bdd027ed88c140dadd""}]",,,,,,,,,,
18163219008,PushEvent,true,2021-09-27 12:05:33.000000 UTC,13029839,jjerphan,172988086,jjerphan/scikit-learn,"""refs/heads/pairwise_aggregation_cython""",,,8022049091,1,1,"[{""sha"":""1ae16d7da3363c101eae00df62442288afa10719"",""author"":{""name"":""Julien Jerphanion"",""email"":""46f1a0bd5592a2f9244ca321b129902a06b53e03@jjerphan.xyz""},""message"":""Add tests for Neighbors-mixins subclasses"",""distinct"":true,""url"":""https://api.github.com/repos/jjerphan/scikit-learn/commits/1ae16d7da3363c101eae00df62442288afa10719""}]",,,,,,,,,,
18163355252,CreateEvent,true,2021-09-27 12:13:52.000000 UTC,17592531,PhilYue,89759843,PhilYue/dubbo,"""pi/learn3.0""","""branch""","""user""",,,,,,,,,,,,,,
18163134492,PushEvent,true,2021-09-27 12:00:18.000000 UTC,18614574,williamdnapier,357003181,williamdnapier/react,"""refs/heads/master""",,,8022009748,1,1,"[{""sha"":""481e869da20d2fd14fd0d59f4b6ff6bdd9157302"",""author"":{""name"":""williamdnapier"",""email"":""3e778bf73f1ef8f1d0ab370d06ac11bb401e1a70@gmail.com""},""message"":""add comment to redux DataStore.js"",""distinct"":true,""url"":""https://api.github.com/repos/williamdnapier/react/commits/481e869da20d2fd14fd0d59f4b6ff6bdd9157302""}]",,,,,,,,,,
18163531188,PushEvent,true,2021-09-27 12:24:57.000000 UTC,18614574,williamdnapier,357003181,williamdnapier/react,"""refs/heads/master""",,,8022197668,1,1,"[{""sha"":""d1e2e986951e78debfb514466bf3ef7767578179"",""author"":{""name"":""williamdnapier"",""email"":""3e778bf73f1ef8f1d0ab370d06ac11bb401e1a70@gmail.com""},""message"":""add ProductList.js component"",""distinct"":true,""url"":""https://api.github.com/repos/williamdnapier/react/commits/d1e2e986951e78debfb514466bf3ef7767578179""}]",,,,,,,,,,
18163384756,DeleteEvent,true,2021-09-27 12:15:39.000000 UTC,19588788,CrazyHZM,152715619,CrazyHZM/dubbo,"""feature/3.0.3_release""","""branch""","""user""",,,,,,,,,,,,,,
18163705273,PullRequestEvent,true,2021-09-27 12:36:26.000000 UTC,39814207,pull[bot],400825172,nittaya1990/scikit-learn,,,,,,,,"""opened""",26,,,,,,,,
18163782921,PullRequestEvent,true,2021-09-27 12:41:33.000000 UTC,39814207,pull[bot],400825172,nittaya1990/scikit-learn,,,,,,,,"""closed""",26,,,,,,,,
18163985543,CreateEvent,true,2021-09-27 12:53:46.000000 UTC,51381674,vinicius-hrq,410883303,vinicius-hrq/terraform,"""main""","""branch""","""user""",,,,,,,,,,,,,,
18164027958,PushEvent,true,2021-09-27 12:56:14.000000 UTC,51381674,vinicius-hrq,410883303,vinicius-hrq/terraform,"""refs/heads/main""",,,8022440201,1,1,"[{""sha"":""a757d1b7f515fe0b08802ddff23f97e073ddc661"",""author"":{""name"":""vinicius-hrq"",""email"":""2c039208adbfae113fd76b0d03d4944006b16eeb@gmail.com""},""message"":""Criando gitignore"",""distinct"":true,""url"":""https://api.github.com/repos/vinicius-hrq/terraform/commits/a757d1b7f515fe0b08802ddff23f97e073ddc661""}]",,,,,,,,,,
18163493062,PushEvent,true,2021-09-27 12:22:25.000000 UTC,63542705,IlyassElarbaouti,410771754,IlyassElarbaouti/react,"""refs/heads/main""",,,8022179023,1,1,"[{""sha"":""7e9f15f82973293a3e05f5cdc1ee165387bc9d08"",""author"":{""name"":""Ilyass El Arbaouti"",""email"":""1f51e897f7f537232cee0491efc41e0ac45b1c48@gmail.com""},""message"":""task4"",""distinct"":true,""url"":""https://api.github.com/repos/IlyassElarbaouti/react/commits/7e9f15f82973293a3e05f5cdc1ee165387bc9d08""}]",,,,,,,,,,
18163157336,PushEvent,true,2021-09-27 12:01:49.000000 UTC,66944330,hanhyung6376,390994363,hanhyung6376/react,"""refs/heads/react""",,,8022020661,1,1,"[{""sha"":""f83340b3f09a506224766b7e119ec8d53e0c8e59"",""author"":{""name"":""hanhyung6376"",""email"":""2b36d186306872404833282e155655345c2a6ad8@naver.com""},""message"":""."",""distinct"":true,""url"":""https://api.github.com/repos/hanhyung6376/react/commits/f83340b3f09a506224766b7e119ec8d53e0c8e59""}]",,,,,,,,,,
18163862514,CreateEvent,true,2021-09-27 12:46:25.000000 UTC,68117536,SamuelBenedix,410881019,SamuelBenedix/react,"""main""","""branch""","""user""",,,,,,,,,,,,,,
18163862310,CreateEvent,true,2021-09-27 12:46:24.000000 UTC,68117536,SamuelBenedix,410881019,SamuelBenedix/react,,"""repository""","""user""",,,,,,,,,,,,,,
18163204615,PublicEvent,true,2021-09-27 12:04:42.000000 UTC,71174003,sanghoon12,410848073,sanghoon12/opencv,,,,,,,,,,,,,,,,,
18163253994,PushEvent,true,2021-09-27 12:07:42.000000 UTC,83577603,JakobB1,400180414,JakobB1/netbeans,"""refs/heads/main""",,,8022065494,1,1,"[{""sha"":""eefd712212f14e7e4e847c6592682945c57f79ac"",""author"":{""name"":""Jakob Brkić"",""email"":""6deff9977e74ebd8fcc4245ececf4687391de5ee@users.noreply.github.com""},""message"":""obrade/kontrole"",""distinct"":true,""url"":""https://api.github.com/repos/JakobB1/netbeans/commits/eefd712212f14e7e4e847c6592682945c57f79ac""}]",,,,,,,,,,
18163728949,CreateEvent,true,2021-09-27 12:38:00.000000 UTC,86626263,Bappiahammed,410878475,Bappiahammed/react,,"""repository""","""user""",,,,,,,,,,,,,,
18163622645,CreateEvent,true,2021-09-27 12:30:58.000000 UTC,87081649,Raju40703442,410661522,Raju40703442/terraform,"""main""","""branch""","""user""",,,,,,,,,,,,,,
18163642721,WatchEvent,true,2021-09-27 12:32:19.000000 UTC,91473090,petrosnikolaidis,402084312,michaelkolesidis/react,,,,,,,,"""started""",,,,,,,,,
18163759285,WatchEvent,true,2021-09-27 12:40:02.000000 UTC,91473605,nikosalexiou1,409107998,michaelkolesidis/opencv,,,,,,,,"""started""",,,,,,,,,
18163190271,PullRequestReviewCommentEvent,true,2021-09-27 12:03:49.000000 UTC,304757,stoty,20473418,apache/phoenix,,,,,,,,"""created""",1319,,,,,,,,
18163193848,PullRequestReviewEvent,true,2021-09-27 12:04:03.000000 UTC,304757,stoty,20473418,apache/phoenix,,,,,,,,"""created""",1319,,,"""commented""","""CONTRIBUTOR""",,,,
18163200240,PullRequestReviewCommentEvent,true,2021-09-27 12:04:26.000000 UTC,304757,stoty,20473418,apache/phoenix,,,,,,,,"""created""",1319,,,,,,,,
18163264104,PullRequestReviewCommentEvent,true,2021-09-27 12:08:18.000000 UTC,304757,stoty,20473418,apache/phoenix,,,,,,,,"""created""",1319,,,,,,,,
18163264017,PullRequestReviewEvent,true,2021-09-27 12:08:19.000000 UTC,304757,stoty,20473418,apache/phoenix,,,,,,,,"""created""",1319,,,"""commented""","""CONTRIBUTOR""",,,,
18163184957,PullRequestReviewCommentEvent,true,2021-09-27 12:03:30.000000 UTC,304757,stoty,20473418,apache/phoenix,,,,,,,,"""created""",1319,,,,,,,,
18163191874,PullRequestReviewEvent,true,2021-09-27 12:03:55.000000 UTC,304757,stoty,20473418,apache/phoenix,,,,,,,,"""created""",1319,,,"""commented""","""CONTRIBUTOR""",,,,
18163198551,PullRequestReviewEvent,true,2021-09-27 12:04:20.000000 UTC,304757,stoty,20473418,apache/phoenix,,,,,,,,"""created""",1319,,,"""commented""","""CONTRIBUTOR""",,,,
18163198554,PullRequestReviewCommentEvent,true,2021-09-27 12:04:20.000000 UTC,304757,stoty,20473418,apache/phoenix,,,,,,,,"""created""",1319,,,,,,,,
18163187621,PullRequestReviewEvent,true,2021-09-27 12:03:40.000000 UTC,304757,stoty,20473418,apache/phoenix,,,,,,,,"""created""",1319,,,"""commented""","""CONTRIBUTOR""",,,,
18163200226,PullRequestReviewEvent,true,2021-09-27 12:04:26.000000 UTC,304757,stoty,20473418,apache/phoenix,,,,,,,,"""created""",1319,,,"""commented""","""CONTRIBUTOR""",,,,
18163981520,PushEvent,true,2021-09-27 12:53:32.000000 UTC,1341245,asfgit,20473418,apache/phoenix,"""refs/heads/4.16""",,,8022417608,1,1,"[{""sha"":""9bea0453ae02a3b52b5d1dd8ebdb89932054a441"",""author"":{""name"":""Istvan Toth"",""email"":""a03c1e2834d1d2738e22668d816c6ff6b73cf552@apache.org""},""message"":""PHOENIX-6537 Fix CI pipeline and upgrade Yetus (addendum: set JAVA_HOME to Java8)"",""distinct"":true,""url"":""https://api.github.com/repos/apache/phoenix/commits/9bea0453ae02a3b52b5d1dd8ebdb89932054a441""}]",,,,,,,,,,
18163790614,PushEvent,true,2021-09-27 12:42:03.000000 UTC,1341245,asfgit,20473418,apache/phoenix,"""refs/heads/4.x""",,,8022325358,1,1,"[{""sha"":""b3742bed79959e2260ccddf45b0a246d8aadc85f"",""author"":{""name"":""Istvan Toth"",""email"":""a03c1e2834d1d2738e22668d816c6ff6b73cf552@apache.org""},""message"":""PHOENIX-6537 Fix CI pipeline and upgrade Yetus (addendum: set JAVA_HOME to Java8)"",""distinct"":true,""url"":""https://api.github.com/repos/apache/phoenix/commits/b3742bed79959e2260ccddf45b0a246d8aadc85f""}]",,,,,,,,,,
18163813011,PullRequestEvent,true,2021-09-27 12:43:25.000000 UTC,19588788,CrazyHZM,4710920,apache/dubbo,,,,,,,,"""closed""",8938,,,,,,,,
18163831396,DeleteEvent,true,2021-09-27 12:44:31.000000 UTC,19588788,CrazyHZM,4710920,apache/dubbo,"""3.0.3-release""","""branch""","""user""",,,,,,,,,,,,,,
18164036733,PullRequestReviewEvent,true,2021-09-27 12:56:45.000000 UTC,29597,bvaughn,10270250,facebook/react,,,,,,,,"""created""",22437,,,"""approved""","""CONTRIBUTOR""",,,,
18164044420,PushEvent,true,2021-09-27 12:57:12.000000 UTC,29597,bvaughn,10270250,facebook/react,"""refs/heads/main""",,,8022448154,1,1,"[{""sha"":""c9d64e5f4c2b7cc70a618eec78900dbfd6d201e8"",""author"":{""name"":""Behnam Mohammadi"",""email"":""e60bfd15efa0ef0d0b5be4cda8700dbcfca0b68a@live.com""},""message"":""add hasOwnProperty to devTools backend (#22437)"",""distinct"":true,""url"":""https://api.github.com/repos/facebook/react/commits/c9d64e5f4c2b7cc70a618eec78900dbfd6d201e8""}]",,,,,,,,,,
18164047674,WatchEvent,true,2021-09-27 12:57:23.000000 UTC,41041655,sgnilreutr,10270250,facebook/react,,,,,,,,"""started""",,,,,,,,,
18163795769,WatchEvent,true,2021-09-27 12:42:23.000000 UTC,90688656,PhanHuy97,10270250,facebook/react,,,,,,,,"""started""",,,,,,,,,
18163794893,WatchEvent,true,2021-09-27 12:42:20.000000 UTC,90688656,PhanHuy97,10270250,facebook/react,,,,,,,,"""started""",,,,,,,,,
18163495034,IssueCommentEvent,true,2021-09-27 12:22:33.000000 UTC,89061,ogrisel,843222,scikit-learn/scikit-learn,,,,,,,,"""created""",,,,,,,,,
18163360533,IssueCommentEvent,true,2021-09-27 12:14:11.000000 UTC,3234522,DimitriPapadopoulos,843222,scikit-learn/scikit-learn,,,,,,,,"""created""",,,,,,,,,
18163791116,PullRequestReviewCommentEvent,true,2021-09-27 12:42:04.000000 UTC,6538253,skailasa,843222,scikit-learn/scikit-learn,,,,,,,,"""created""",20617,,,,,,,,
18163520962,PushEvent,true,2021-09-27 12:24:16.000000 UTC,7454015,glemaitre,843222,scikit-learn/scikit-learn,"""refs/heads/main""",,,8022192595,1,1,"[{""sha"":""34e07d181673ec0f4e55eb4c116785632d3645ca"",""author"":{""name"":""Dimitri Papadopoulos Orfanos"",""email"":""cadff36249149a6a16cb05b20ee2bf0e101c0f1f@users.noreply.github.com""},""message"":""MAINT update externals/_lobpcg.py with upstream (#21163)"",""distinct"":true,""url"":""https://api.github.com/repos/scikit-learn/scikit-learn/commits/34e07d181673ec0f4e55eb4c116785632d3645ca""}]",,,,,,,,,,
18163739117,PushEvent,true,2021-09-27 12:38:41.000000 UTC,7454015,glemaitre,843222,scikit-learn/scikit-learn,"""refs/heads/main""",,,8022299934,1,1,"[{""sha"":""2e3c32dcc1e99ad753dff4a9aa26657073883158"",""author"":{""name"":""Dimitri Papadopoulos Orfanos"",""email"":""cadff36249149a6a16cb05b20ee2bf0e101c0f1f@users.noreply.github.com""},""message"":""MNT sync externals/_pilutil.py with upstream (#21161)"",""distinct"":true,""url"":""https://api.github.com/repos/scikit-learn/scikit-learn/commits/2e3c32dcc1e99ad753dff4a9aa26657073883158""}]",,,,,,,,,,
18163738421,PullRequestEvent,true,2021-09-27 12:38:39.000000 UTC,7454015,glemaitre,843222,scikit-learn/scikit-learn,,,,,,,,"""closed""",21161,,,,,,,,
18163519547,PullRequestEvent,true,2021-09-27 12:24:11.000000 UTC,7454015,glemaitre,843222,scikit-learn/scikit-learn,,,,,,,,"""closed""",21163,,,,,,,,
18163739602,IssueCommentEvent,true,2021-09-27 12:38:43.000000 UTC,7454015,glemaitre,843222,scikit-learn/scikit-learn,,,,,,,,"""created""",,,,,,,,,
18163812856,IssueCommentEvent,true,2021-09-27 12:43:24.000000 UTC,7454015,glemaitre,843222,scikit-learn/scikit-learn,,,,,,,,"""created""",,,,,,,,,
18163315883,PullRequestReviewCommentEvent,true,2021-09-27 12:11:26.000000 UTC,13029839,jjerphan,843222,scikit-learn/scikit-learn,,,,,,,,"""created""",20254,,,,,,,,
18163659785,WatchEvent,true,2021-09-27 12:33:28.000000 UTC,49121929,RoversCode,843222,scikit-learn/scikit-learn,,,,,,,,"""started""",,,,,,,,,
18163676079,IssueCommentEvent,true,2021-09-27 12:34:32.000000 UTC,35067,jbardin,17728164,hashicorp/terraform,,,,,,,,"""created""",,,,,,,,,
18163815048,IssueCommentEvent,true,2021-09-27 12:43:32.000000 UTC,9071408,zabeloliver,17728164,hashicorp/terraform,,,,,,,,"""created""",,,,,,,,,
18163662699,PushEvent,true,2021-09-27 12:33:40.000000 UTC,266755,jjeffers,4007018,Katello/katello,"""refs/heads/master""",,,8022262244,1,1,"[{""sha"":""eb616046ff5b5d77a3d682ad4d8d9b2ecae68b2a"",""author"":{""name"":""James Jeffers"",""email"":""7e66d8e7404d9fb110ca3890d2026fc5a28e215f@redhat.com""},""message"":""Fixes #32660 - adds an authentication token for repository remote URLS such as SLES repos"",""distinct"":true,""url"":""https://api.github.com/repos/Katello/katello/commits/eb616046ff5b5d77a3d682ad4d8d9b2ecae68b2a""}]",,,,,,,,,,
18164042384,IssueCommentEvent,true,2021-09-27 12:57:05.000000 UTC,395077,jlsherrill,4007018,Katello/katello,,,,,,,,"""created""",,,,,,,,,
18163932241,IssueCommentEvent,true,2021-09-27 12:50:36.000000 UTC,1979598,jturel,4007018,Katello/katello,,,,,,,,"""created""",,,,,,,,,
18163934622,PullRequestEvent,true,2021-09-27 12:50:45.000000 UTC,1979598,jturel,4007018,Katello/katello,,,,,,,,"""closed""",8277,,,,,,,,
18163729414,PushEvent,true,2021-09-27 12:38:02.000000 UTC,21146741,sjha4,4007018,Katello/katello,"""refs/heads/master""",,,8022295307,1,1,"[{""sha"":""28be3d12f9a7fe67ca69d2218ab877f0ec315fd7"",""author"":{""name"":""Samir Jha"",""email"":""a28a3baeadff1a2fb09e654babf4c05e28237412@ncsu.edu""},""message"":""Fixes #33454 - Add repositories node to generic content unit results (#9629)"",""distinct"":true,""url"":""https://api.github.com/repos/Katello/katello/commits/28be3d12f9a7fe67ca69d2218ab877f0ec315fd7""}]",,,,,,,,,,
18163491349,IssueCommentEvent,true,2021-09-27 12:22:19.000000 UTC,4981219,alalek,5108051,opencv/opencv,,,,,,,,"""created""",,,,,,,,,
18163740331,IssueCommentEvent,true,2021-09-27 12:38:46.000000 UTC,4981219,alalek,5108051,opencv/opencv,,,,,,,,"""created""",,,,,,,,,
18163618285,WatchEvent,true,2021-09-27 12:30:41.000000 UTC,38975808,MysteryGenius,16072585,phoenixframework/phoenix,,,,,,,,"""started""",,,,,,,,,
18163185248,PullRequestReviewEvent,true,2021-09-27 12:03:31.000000 UTC,1863771,siddharthkp,121814210,primer/react,,,,,,,,"""created""",1466,,,"""commented""","""CONTRIBUTOR""",,,,
18164004592,IssueCommentEvent,true,2021-09-27 12:54:54.000000 UTC,1863771,siddharthkp,121814210,primer/react,,,,,,,,"""created""",,,,,,,,,
18163185242,PullRequestReviewCommentEvent,true,2021-09-27 12:03:30.000000 UTC,1863771,siddharthkp,121814210,primer/react,,,,,,,,"""created""",1466,,,,,,,,
18164088382,PushEvent,true,2021-09-27 12:59:42.000000 UTC,784056,elrumordelaluz,378192664,aurora-kit/react,"""refs/heads/main""",,,8022469776,1,1,"[{""sha"":""1498f3bbb5159eae688a800aecd5d3700e77dd2b"",""author"":{""name"":""Lionel"",""email"":""a155f6866400f0e011c5f0500d52b5262705a03e@hotmail.com""},""message"":""0.8.1"",""distinct"":true,""url"":""https://api.github.com/repos/aurora-kit/react/commits/1498f3bbb5159eae688a800aecd5d3700e77dd2b""}]",,,,,,,,,,
18163682625,PushEvent,true,2021-09-27 12:34:58.000000 UTC,784056,elrumordelaluz,378192664,aurora-kit/react,"""refs/heads/main""",,,8022272088,1,1,"[{""sha"":""1e19e9717e50de956355b6faf047958c4b859c68"",""author"":{""name"":""Lionel"",""email"":""a155f6866400f0e011c5f0500d52b5262705a03e@hotmail.com""},""message"":""Add Select"",""distinct"":true,""url"":""https://api.github.com/repos/aurora-kit/react/commits/1e19e9717e50de956355b6faf047958c4b859c68""}]",,,,,,,,,,
18163281402,WatchEvent,true,2021-09-27 12:09:22.000000 UTC,44363976,o0pmitev,45717250,tensorflow/tensorflow,,,,,,,,"""started""",,,,,,,,,
18163801335,PushEvent,true,2021-09-27 12:42:42.000000 UTC,56741989,copybara-service[bot],45717250,tensorflow/tensorflow,"""refs/heads/master""",,,8022328175,1,1,"[{""sha"":""75fd1c868956e0aa41efa439dbc04331b7f55e75"",""author"":{""name"":""A. Unique TensorFlower"",""email"":""746aced590a184ef4169166e753f7c211e32e5fc@tensorflow.org""},""message"":""[XLA:TPU] Adding an experimental ApproxTopK op to XLA.\nThis op is only available for the TPU backend.\n\nPiperOrigin-RevId: 399167111\nChange-Id: I034f2d24983b47804ac07f07905e0e463886dd19"",""distinct"":true,""url"":""https://api.github.com/repos/tensorflow/tensorflow/commits/75fd1c868956e0aa41efa439dbc04331b7f55e75""}]",,,,,,,,,,
18163682471,PushEvent,true,2021-09-27 12:34:57.000000 UTC,56741989,copybara-service[bot],45717250,tensorflow/tensorflow,"""refs/heads/master""",,,8022268994,1,1,"[{""sha"":""a163ecfbe2cded83fcf960516754bf78b061e9c0"",""author"":{""name"":""Adrian Kuegel"",""email"":""576389c0b07786a91efdf2778233c297d15750c4@google.com""},""message"":""Enable MLIR generated Sigmoid GPU kernel by default.\n\nPiperOrigin-RevId: 399166253\nChange-Id: If71a566f63108ad5067417e77b2e394287a1f5b8"",""distinct"":true,""url"":""https://api.github.com/repos/tensorflow/tensorflow/commits/a163ecfbe2cded83fcf960516754bf78b061e9c0""}]",,,,,,,,,,
18163569183,WatchEvent,true,2021-09-27 12:27:26.000000 UTC,29884520,corlonmimo,7691631,moby/moby,,,,,,,,"""started""",,,,,,,,,
18163547537,ForkEvent,true,2021-09-27 12:26:00.000000 UTC,26804691,olabamipetaiwo,135786093,typescript-cheatsheets/react,,,,,,,,,,"""olabamipetaiwo/react-1""",,,,,,,
18163996715,PushEvent,true,2021-09-27 12:54:26.000000 UTC,29139614,renovate[bot],243320903,data-provider/react,"""refs/heads/renovate/testing-library-react-12.x""",,,8022425093,1,1,"[{""sha"":""fcbf3950987bf56c70f1ae01fc0db19af66c1f9d"",""author"":{""name"":""Renovate Bot"",""email"":""c71e7261d37a4f6ae4cfb0cbd79081310a237e67@renovateapp.com""},""message"":""chore(deps): update dependency @testing-library/react to v12"",""distinct"":true,""url"":""https://api.github.com/repos/data-provider/react/commits/fcbf3950987bf56c70f1ae01fc0db19af66c1f9d""}]",,,,,,,,,,
18163977655,CreateEvent,true,2021-09-27 12:53:18.000000 UTC,5199868,cesar-richard,313146981,SiMDE-Projects/terraform,"""cesar/addsNewMembers""","""branch""","""user""",,,,,,,,,,,,,,
18164017415,PushEvent,true,2021-09-27 12:55:38.000000 UTC,5199868,cesar-richard,313146981,SiMDE-Projects/terraform,"""refs/heads/cesar/addsNewMembers""",,,8022435163,1,1,"[{""sha"":""ad2cab43353cd9f29ddccf0826a00e06c6a83258"",""author"":{""name"":""César Richard"",""email"":""725435832a26c487871c82cd70f3c99aa0225284@weezevent.com""},""message"":""Fixed N.Bandit username change"",""distinct"":true,""url"":""https://api.github.com/repos/SiMDE-Projects/terraform/commits/ad2cab43353cd9f29ddccf0826a00e06c6a83258""}]",,,,,,,,,,
18164066592,PullRequestEvent,true,2021-09-27 12:58:29.000000 UTC,5199868,cesar-richard,313146981,SiMDE-Projects/terraform,,,,,,,,"""closed""",47,,,,,,,,
18163984938,PullRequestEvent,true,2021-09-27 12:53:44.000000 UTC,5199868,cesar-richard,313146981,SiMDE-Projects/terraform,,,,,,,,"""opened""",47,,,,,,,,
18164051849,CreateEvent,true,2021-09-27 12:57:37.000000 UTC,1177098,digitalsadhu,343817358,fabric-ds/react,"""update_to_fabric_ds""","""branch""","""user""",,,,,,,,,,,,,,
18168459678,PushEvent,true,2021-09-27 17:03:03.000000 UTC,11245037,Qjammer,410871717,Qjammer/moby,"""refs/heads/json-file-partial-logs""",,,8024504534,3,3,"[{""sha"":""9f99a0c10ea2b51765826f4bd93dcac0b51bc0dc"",""author"":{""name"":""Qjammer"",""email"":""3219f57f4250fe3a3d94c265f76883811f2c48e0@gmail.com""},""message"":""Implement test essentials\n\nSigned-off-by: Ramiro Balado <baladoramiro@gmail.com>"",""distinct"":true,""url"":""https://api.github.com/repos/Qjammer/moby/commits/9f99a0c10ea2b51765826f4bd93dcac0b51bc0dc""},{""sha"":""b80f52ddb22c319086ffd0f2b04e45a60132cb46"",""author"":{""name"":""Qjammer"",""email"":""3219f57f4250fe3a3d94c265f76883811f2c48e0@gmail.com""},""message"":""Partial messages are being registered\n\nSigned-off-by: Ramiro Balado <baladoramiro@gmail.com>"",""distinct"":true,""url"":""https://api.github.com/repos/Qjammer/moby/commits/b80f52ddb22c319086ffd0f2b04e45a60132cb46""},{""sha"":""6eeb75b815d28eee77e94c7334621daed28271fa"",""author"":{""name"":""Qjammer"",""email"":""3219f57f4250fe3a3d94c265f76883811f2c48e0@gmail.com""},""message"":""Add id, ordinal and last to partial logs\n\nSigned-off-by: Ramiro Balado <baladoramiro@gmail.com>"",""distinct"":true,""url"":""https://api.github.com/repos/Qjammer/moby/commits/6eeb75b815d28eee77e94c7334621daed28271fa""}]",,,,,,,,,,
18169186309,PushEvent,true,2021-09-27 17:51:36.000000 UTC,3624098,acdlite,45281256,acdlite/react,"""refs/heads/lint-prod-error-codes""",,,8024854777,5,1,"[{""sha"":""2e41568313620ab564425be7e5d777581e2db5d4"",""author"":{""name"":""Brian Vaughn"",""email"":""59942a8ec08225673b377c556396ca24baabd1b2@fb.com""},""message"":""DevTools encoding supports multibyte characters (e.g. \""🟩\"") (#22424)\n\nChanges our text encoding approach to properly support multibyte characters following this algorithm. Based on benchmarking, this new approach is roughly equivalent in terms of performance (sometimes slightly faster, sometimes slightly slower).\r\n\r\nI also considered using TextEncoder/TextDecoder for this, but it was much slower (~85%)."",""distinct"":false,""url"":""https://api.github.com/repos/acdlite/react/commits/2e41568313620ab564425be7e5d777581e2db5d4""},{""sha"":""a00536feeea0dc95bb65fd964c9696719b50279e"",""author"":{""name"":""Andrew Clark"",""email"":""46f1a0bd5592a2f9244ca321b129902a06b53e03@andrewclark.io""},""message"":""Hoist error codes import to module scope\n\nWhen this code was written, the error codes map (`codes.json`) was\ncreated on-the-fly, so we had to lazily require from inside the visitor.\n\nBecause `codes.json` is now checked into source, we can import it a\nsingle time in module scope."",""distinct"":false,""url"":""https://api.github.com/repos/acdlite/react/commits/a00536feeea0dc95bb65fd964c9696719b50279e""},{""sha"":""233f8c2c782a89ee96efe7066e6c6f8b2f5229cb"",""author"":{""name"":""Andrew Clark"",""email"":""46f1a0bd5592a2f9244ca321b129902a06b53e03@andrewclark.io""},""message"":""Minify error constructors in production\n\nWe use a script to minify our error messages in production. Each message\nis assigned an error code, defined in `scripts/error-codes/codes.json`.\nThen our build script replaces the messages with a link to our\nerror decoder page, e.g. https://reactjs.org/docs/error-decoder.html/?invariant=92\n\nThis enables us to write helpful error messages without increasing the\nbundle size.\n\nRight now, the script only works for `invariant` calls. It does not work\nif you throw an Error object. This is an old Facebookism that we don't\nreally need, other than the fact that our error minification script\nrelies on it.\n\nSo, I've updated the script to minify error constructors, too:\n\nInput:\n  Error(`A ${adj} message that contains ${noun}`);\nOutput:\n  Error(formatProdErrorMessage(ERR_CODE, adj, noun));\n\nIt only works for constructors that are literally named Error, though we\ncould add support for other names, too.\n\nAs a next step, I will add a lint rule to enforce that errors written\nthis way must have a corresponding error code."",""distinct"":false,""url"":""https://api.github.com/repos/acdlite/react/commits/233f8c2c782a89ee96efe7066e6c6f8b2f5229cb""},{""sha"":""45a60e0d3e29b59b1a1de4003c05906f3d8d55e8"",""author"":{""name"":""Andrew Clark"",""email"":""46f1a0bd5592a2f9244ca321b129902a06b53e03@andrewclark.io""},""message"":""Minify \""no fallback UI specified\"" error in prod\n\nThis error message wasn't being minified because it doesn't use\ninvariant. The reason it didn't use invariant is because this particular\nerror is created without begin thrown — it doesn't need to be thrown\nbecause it's located inside the error handling part of the runtime.\n\nNow that the error minification script supports Error constructors, we\ncan minify it by assigning it a production error code in\n`scripts/error-codes/codes.json`.\n\nTo support the use of Error constructors more generally, I will add a\nlint rule that enforces each message has a corresponding error code."",""distinct"":false,""url"":""https://api.github.com/repos/acdlite/react/commits/45a60e0d3e29b59b1a1de4003c05906f3d8d55e8""},{""sha"":""6158ba40234c11a5e7f00a4d57837bce5b9af66d"",""author"":{""name"":""Andrew Clark"",""email"":""46f1a0bd5592a2f9244ca321b129902a06b53e03@andrewclark.io""},""message"":""Lint rule to detect unminified errors\n\nAdds a lint rule that detects when an Error constructor is used without\na corresponding production error code.\n\nWe already have this for `invariant`, but not for regular errors, i.e.\n`throw new Error(msg)`. There's also nothing that enforces the use of\n`invariant` besides convention.\n\nThere are some packages where we don't care to minify errors. These are\npackages that run in environments where bundle size is not a concern,\nlike react-pg. I added an override in the ESLint config to ignore these."",""distinct"":true,""url"":""https://api.github.com/repos/acdlite/react/commits/6158ba40234c11a5e7f00a4d57837bce5b9af66d""}]",,,,,,,,,,
18168554052,PushEvent,true,2021-09-27 17:08:41.000000 UTC,3624098,acdlite,45281256,acdlite/react,"""refs/heads/minify-error-messages""",,,8024549196,5,0,"[{""sha"":""c88fb49d37fd01024e0a254a37b7810d107bdd1d"",""author"":{""name"":""Justin Grant"",""email"":""8d98433eeba340cfbd8ad789949e75dfb0df2bb3@users.noreply.github.com""},""message"":""Improve DEV errors if string coercion throws (Temporal.*, Symbol, etc.) (#22064)\n\n* Revise ESLint rules for string coercion\r\n\r\nCurrently, react uses `'' + value` to coerce mixed values to strings.\r\nThis code will throw for Temporal objects or symbols.\r\n\r\nTo make string-coercion safer and to improve user-facing error messages,\r\nThis commit adds a new ESLint rule called `safe-string-coercion`.\r\n\r\nThis rule has two modes: a production mode and a non-production mode.\r\n* If the `isProductionUserAppCode` option is true, then `'' + value`\r\n  coercions are allowed (because they're faster, although they may\r\n  throw) and `String(value)` coercions are disallowed. Exception:\r\n  when building error messages or running DEV-only code in prod\r\n  files, `String()` should be used because it won't throw.\r\n* If the `isProductionUserAppCode` option is false, then `'' + value`\r\n  coercions are disallowed (because they may throw, and in non-prod\r\n  code it's not worth the risk) and `String(value)` are allowed.\r\n\r\nProduction mode is used for all files which will be bundled with\r\ndevelopers' userland apps. Non-prod mode is used for all other React\r\ncode: tests, DEV blocks, devtools extension, etc.\r\n\r\nIn production mode, in addiiton to flagging `String(value)` calls,\r\nthe rule will also flag `'' + value` or `value + ''` coercions that may\r\nthrow. The rule is smart enough to silence itself in the following\r\n\""will never throw\"" cases:\r\n* When the coercion is wrapped in a `typeof` test that restricts to safe\r\n  (non-symbol, non-object) types. Example:\r\n    if (typeof value === 'string' || typeof value === 'number') {\r\n      thisWontReport('' + value);\r\n    }\r\n* When what's being coerced is a unary function result, because unary\r\n   functions never return an object or a symbol.\r\n* When the coerced value is a commonly-used numeric identifier:\r\n  `i`, `idx`, or `lineNumber`.\r\n* When the statement immeidately before the coercion is a DEV-only\r\n  call to a function from shared/CheckStringCoercion.js. This call is a\r\n  no-op in production, but in DEV it will show a console error\r\n  explaining the problem, then will throw right after a long explanatory\r\n  code comment so that debugger users will have an idea what's going on.\r\n  The check function call must be in the following format:\r\n    if (__DEV__) {\r\n      checkXxxxxStringCoercion(value);\r\n    };\r\n\r\nManually disabling the rule is usually not necessary because almost all\r\nprod use of the `'' + value` pattern falls into one of the categories\r\nabove. But in the rare cases where the rule isn't smart enough to detect\r\nsafe usage (e.g. when a coercion is inside a nested ternary operator),\r\nmanually disabling the rule will be needed.\r\n\r\nThe rule should also be manually disabled in prod error handling code\r\nwhere `String(value)` should be used for coercions, because it'd be\r\nbad to throw while building an error message or stack trace!\r\n\r\nThe prod and non-prod modes have differentiated error messages to\r\nexplain how to do a proper coercion in that mode.\r\n\r\nIf a production check call is needed but is missing or incorrect\r\n(e.g. not in a DEV block or not immediately before the coercion), then\r\na context-sensitive error message will be reported so that developers\r\ncan figure out what's wrong and how to fix the problem.\r\n\r\nBecause string coercions are now handled by the `safe-string-coercion`\r\nrule, the `no-primitive-constructor` rule no longer flags `String()`\r\nusage. It still flags `new String(value)` because that usage is almost\r\nalways a bug.\r\n\r\n* Add DEV-only string coercion check functions\r\n\r\nThis commit adds DEV-only functions to check whether coercing\r\nvalues to strings using the `'' + value` pattern will throw. If it will\r\nthrow, these functions will:\r\n1. Display a console error with a friendly error message describing\r\n   the problem and the developer can fix it.\r\n2. Perform the coercion, which will throw. Right before the line where\r\n   the throwing happens, there's a long code comment that will help\r\n   debugger users (or others looking at the exception call stack) figure\r\n   out what happened and how to fix the problem.\r\n\r\nOne of these check functions should be called before all string coercion\r\nof user-provided values, except when the the coercion is guaranteed not\r\nto throw, e.g.\r\n* if inside a typeof check like `if (typeof value === 'string')`\r\n* if coercing the result of a unary function like `+value` or `value++`\r\n* if coercing a variable named in a whitelist of numeric identifiers:\r\n  `i`, `idx`, or `lineNumber`.\r\n\r\nThe new `safe-string-coercion` internal ESLint rule enforces that\r\nthese check functions are called when they are required.\r\n\r\nOnly use these check functions in production code that will be bundled\r\nwith user apps.  For non-prod code (and for production error-handling\r\ncode), use `String(value)` instead which may be a little slower but will\r\nnever throw.\r\n\r\n* Add failing tests for string coercion\r\n\r\nAdded failing tests to verify:\r\n* That input, select, and textarea elements with value and defaultValue\r\n  set to Temporal-like objects which will throw when coerced to string\r\n  using the `'' + value` pattern.\r\n* That text elements will throw for Temporal-like objects\r\n* That dangerouslySetInnerHTML will *not* throw for Temporal-like\r\n  objects because this value is not cast to a string before passing to\r\n  the DOM.\r\n* That keys that are Temporal-like objects will throw\r\n\r\nAll tests above validate the friendly error messages thrown.\r\n\r\n* Use `String(value)` for coercion in non-prod files\r\n\r\nThis commit switches non-production code from `'' + value` (which\r\nthrows for Temporal objects and symbols) to instead use `String(value)`\r\nwhich won't throw for these or other future plus-phobic types.\r\n\r\n\""Non-produciton code\"" includes anything not bundled into user apps:\r\n* Tests and test utilities. Note that I didn't change legacy React\r\n  test fixtures because I assumed it was good for those files to\r\n  act just like old React, including coercion behavior.\r\n* Build scripts\r\n* Dev tools package - In addition to switching to `String`, I also\r\n  removed special-case code for coercing symbols which is now\r\n  unnecessary.\r\n\r\n* Add DEV-only string coercion checks to prod files\r\n\r\nThis commit adds DEV-only function calls to to check if string coercion\r\nusing `'' + value` will throw, which it will if the value is a Temporal\r\nobject or a symbol because those types can't be added with `+`.\r\n\r\nIf it will throw, then in DEV these checks will show a console error\r\nto help the user undertsand what went wrong and how to fix the\r\nproblem. After emitting the console error, the check functions will\r\nretry the coercion which will throw with a call stack that's easy (or\r\nat least easier!) to troubleshoot because the exception happens right\r\nafter a long comment explaining the issue. So whether the user is in\r\na debugger, looking at the browser console, or viewing the in-browser\r\nDEV call stack, it should be easy to understand and fix the problem.\r\n\r\nIn most cases, the safe-string-coercion ESLint rule is smart enough to\r\ndetect when a coercion is safe. But in rare cases (e.g. when a coercion\r\nis inside a ternary) this rule will have to be manually disabled.\r\n\r\nThis commit also switches error-handling code to use `String(value)`\r\nfor coercion, because it's bad to crash when you're trying to build\r\nan error message or a call stack!  Because `String()` is usually\r\ndisallowed by the `safe-string-coercion` ESLint rule in production\r\ncode, the rule must be disabled when `String()` is used."",""distinct"":false,""url"":""https://api.github.com/repos/acdlite/react/commits/c88fb49d37fd01024e0a254a37b7810d107bdd1d""},{""sha"":""2677ebe4b32aae440a5fbb0425d68a7019e91d49"",""author"":{""name"":""Andrew Clark"",""email"":""46f1a0bd5592a2f9244ca321b129902a06b53e03@andrewclark.io""},""message"":""Hoist error codes import to module scope\n\nWhen this code was written, the error codes map (`codes.json`) was\ncreated on-the-fly, so we had to lazily require from inside the visitor.\n\nBecause `codes.json` is now checked into source, we can import it a\nsingle time in module scope."",""distinct"":false,""url"":""https://api.github.com/repos/acdlite/react/commits/2677ebe4b32aae440a5fbb0425d68a7019e91d49""},{""sha"":""0545b59c6b5dbafb4d0624ef41461a86421a809c"",""author"":{""name"":""Andrew Clark"",""email"":""46f1a0bd5592a2f9244ca321b129902a06b53e03@andrewclark.io""},""message"":""Minify error constructors in production\n\nWe use a script to minify our error messages in production. Each message\nis assigned an error code, defined in `scripts/error-codes/codes.json`.\nThen our build script replaces the messages with a link to our\nerror decoder page, e.g. https://reactjs.org/docs/error-decoder.html/?invariant=92\n\nThis enables us to write helpful error messages without increasing the\nbundle size.\n\nRight now, the script only works for `invariant` calls. It does not work\nif you throw an Error object. This is an old Facebookism that we don't\nreally need, other than the fact that our error minification script\nrelies on it.\n\nSo, I've updated the script to minify error constructors, too:\n\nInput:\n  Error(`A ${adj} message that contains ${noun}`);\nOutput:\n  Error(formatProdErrorMessage(ERR_CODE, adj, noun));\n\nIt only works for constructors that are literally named Error, though we\ncould add support for other names, too.\n\nAs a next step, I will add a lint rule to enforce that errors written\nthis way must have a corresponding error code."",""distinct"":false,""url"":""https://api.github.com/repos/acdlite/react/commits/0545b59c6b5dbafb4d0624ef41461a86421a809c""},{""sha"":""bba6bb86aa8074f2e5610b633dc68f4084226fe0"",""author"":{""name"":""Andrew Clark"",""email"":""46f1a0bd5592a2f9244ca321b129902a06b53e03@andrewclark.io""},""message"":""Minify \""no fallback UI specified\"" error in prod\n\nThis error message wasn't being minified because it doesn't use\ninvariant. The reason it didn't use invariant is because this particular\nerror is created without begin thrown — it doesn't need to be thrown\nbecause it's located inside the error handling part of the runtime.\n\nNow that the error minification script supports Error constructors, we\ncan minify it by assigning it a production error code in\n`scripts/error-codes/codes.json`.\n\nTo support the use of Error constructors more generally, I will add a\nlint rule that enforces each message has a corresponding error code."",""distinct"":false,""url"":""https://api.github.com/repos/acdlite/react/commits/bba6bb86aa8074f2e5610b633dc68f4084226fe0""},{""sha"":""62aae4c4c216c1db2005f8eab90d20723e339f5c"",""author"":{""name"":""Andrew Clark"",""email"":""46f1a0bd5592a2f9244ca321b129902a06b53e03@andrewclark.io""},""message"":""Lint rule to detect unminified errors\n\nAdds a lint rule that detects when an Error constructor is used without\na corresponding production error code.\n\nWe already have this for `invariant`, but not for regular errors, i.e.\n`throw new Error(msg)`. There's also nothing that enforces the use of\n`invariant` besides convention.\n\nThere are some packages where we don't care to minify errors. These are\npackages that run in environments where bundle size is not a concern,\nlike react-pg. I added an override in the ESLint config to ignore these."",""distinct"":false,""url"":""https://api.github.com/repos/acdlite/react/commits/62aae4c4c216c1db2005f8eab90d20723e339f5c""}]",,,,,,,,,,
18169112458,PushEvent,true,2021-09-27 17:46:25.000000 UTC,3624098,acdlite,45281256,acdlite/react,"""refs/heads/lint-prod-error-codes""",,,8024819374,0,0,[],,,,,,,,,,
18168544859,PushEvent,true,2021-09-27 17:08:08.000000 UTC,3624098,acdlite,45281256,acdlite/react,"""refs/heads/lint-prod-error-codes""",,,8024544968,5,5,"[{""sha"":""c88fb49d37fd01024e0a254a37b7810d107bdd1d"",""author"":{""name"":""Justin Grant"",""email"":""8d98433eeba340cfbd8ad789949e75dfb0df2bb3@users.noreply.github.com""},""message"":""Improve DEV errors if string coercion throws (Temporal.*, Symbol, etc.) (#22064)\n\n* Revise ESLint rules for string coercion\r\n\r\nCurrently, react uses `'' + value` to coerce mixed values to strings.\r\nThis code will throw for Temporal objects or symbols.\r\n\r\nTo make string-coercion safer and to improve user-facing error messages,\r\nThis commit adds a new ESLint rule called `safe-string-coercion`.\r\n\r\nThis rule has two modes: a production mode and a non-production mode.\r\n* If the `isProductionUserAppCode` option is true, then `'' + value`\r\n  coercions are allowed (because they're faster, although they may\r\n  throw) and `String(value)` coercions are disallowed. Exception:\r\n  when building error messages or running DEV-only code in prod\r\n  files, `String()` should be used because it won't throw.\r\n* If the `isProductionUserAppCode` option is false, then `'' + value`\r\n  coercions are disallowed (because they may throw, and in non-prod\r\n  code it's not worth the risk) and `String(value)` are allowed.\r\n\r\nProduction mode is used for all files which will be bundled with\r\ndevelopers' userland apps. Non-prod mode is used for all other React\r\ncode: tests, DEV blocks, devtools extension, etc.\r\n\r\nIn production mode, in addiiton to flagging `String(value)` calls,\r\nthe rule will also flag `'' + value` or `value + ''` coercions that may\r\nthrow. The rule is smart enough to silence itself in the following\r\n\""will never throw\"" cases:\r\n* When the coercion is wrapped in a `typeof` test that restricts to safe\r\n  (non-symbol, non-object) types. Example:\r\n    if (typeof value === 'string' || typeof value === 'number') {\r\n      thisWontReport('' + value);\r\n    }\r\n* When what's being coerced is a unary function result, because unary\r\n   functions never return an object or a symbol.\r\n* When the coerced value is a commonly-used numeric identifier:\r\n  `i`, `idx`, or `lineNumber`.\r\n* When the statement immeidately before the coercion is a DEV-only\r\n  call to a function from shared/CheckStringCoercion.js. This call is a\r\n  no-op in production, but in DEV it will show a console error\r\n  explaining the problem, then will throw right after a long explanatory\r\n  code comment so that debugger users will have an idea what's going on.\r\n  The check function call must be in the following format:\r\n    if (__DEV__) {\r\n      checkXxxxxStringCoercion(value);\r\n    };\r\n\r\nManually disabling the rule is usually not necessary because almost all\r\nprod use of the `'' + value` pattern falls into one of the categories\r\nabove. But in the rare cases where the rule isn't smart enough to detect\r\nsafe usage (e.g. when a coercion is inside a nested ternary operator),\r\nmanually disabling the rule will be needed.\r\n\r\nThe rule should also be manually disabled in prod error handling code\r\nwhere `String(value)` should be used for coercions, because it'd be\r\nbad to throw while building an error message or stack trace!\r\n\r\nThe prod and non-prod modes have differentiated error messages to\r\nexplain how to do a proper coercion in that mode.\r\n\r\nIf a production check call is needed but is missing or incorrect\r\n(e.g. not in a DEV block or not immediately before the coercion), then\r\na context-sensitive error message will be reported so that developers\r\ncan figure out what's wrong and how to fix the problem.\r\n\r\nBecause string coercions are now handled by the `safe-string-coercion`\r\nrule, the `no-primitive-constructor` rule no longer flags `String()`\r\nusage. It still flags `new String(value)` because that usage is almost\r\nalways a bug.\r\n\r\n* Add DEV-only string coercion check functions\r\n\r\nThis commit adds DEV-only functions to check whether coercing\r\nvalues to strings using the `'' + value` pattern will throw. If it will\r\nthrow, these functions will:\r\n1. Display a console error with a friendly error message describing\r\n   the problem and the developer can fix it.\r\n2. Perform the coercion, which will throw. Right before the line where\r\n   the throwing happens, there's a long code comment that will help\r\n   debugger users (or others looking at the exception call stack) figure\r\n   out what happened and how to fix the problem.\r\n\r\nOne of these check functions should be called before all string coercion\r\nof user-provided values, except when the the coercion is guaranteed not\r\nto throw, e.g.\r\n* if inside a typeof check like `if (typeof value === 'string')`\r\n* if coercing the result of a unary function like `+value` or `value++`\r\n* if coercing a variable named in a whitelist of numeric identifiers:\r\n  `i`, `idx`, or `lineNumber`.\r\n\r\nThe new `safe-string-coercion` internal ESLint rule enforces that\r\nthese check functions are called when they are required.\r\n\r\nOnly use these check functions in production code that will be bundled\r\nwith user apps.  For non-prod code (and for production error-handling\r\ncode), use `String(value)` instead which may be a little slower but will\r\nnever throw.\r\n\r\n* Add failing tests for string coercion\r\n\r\nAdded failing tests to verify:\r\n* That input, select, and textarea elements with value and defaultValue\r\n  set to Temporal-like objects which will throw when coerced to string\r\n  using the `'' + value` pattern.\r\n* That text elements will throw for Temporal-like objects\r\n* That dangerouslySetInnerHTML will *not* throw for Temporal-like\r\n  objects because this value is not cast to a string before passing to\r\n  the DOM.\r\n* That keys that are Temporal-like objects will throw\r\n\r\nAll tests above validate the friendly error messages thrown.\r\n\r\n* Use `String(value)` for coercion in non-prod files\r\n\r\nThis commit switches non-production code from `'' + value` (which\r\nthrows for Temporal objects and symbols) to instead use `String(value)`\r\nwhich won't throw for these or other future plus-phobic types.\r\n\r\n\""Non-produciton code\"" includes anything not bundled into user apps:\r\n* Tests and test utilities. Note that I didn't change legacy React\r\n  test fixtures because I assumed it was good for those files to\r\n  act just like old React, including coercion behavior.\r\n* Build scripts\r\n* Dev tools package - In addition to switching to `String`, I also\r\n  removed special-case code for coercing symbols which is now\r\n  unnecessary.\r\n\r\n* Add DEV-only string coercion checks to prod files\r\n\r\nThis commit adds DEV-only function calls to to check if string coercion\r\nusing `'' + value` will throw, which it will if the value is a Temporal\r\nobject or a symbol because those types can't be added with `+`.\r\n\r\nIf it will throw, then in DEV these checks will show a console error\r\nto help the user undertsand what went wrong and how to fix the\r\nproblem. After emitting the console error, the check functions will\r\nretry the coercion which will throw with a call stack that's easy (or\r\nat least easier!) to troubleshoot because the exception happens right\r\nafter a long comment explaining the issue. So whether the user is in\r\na debugger, looking at the browser console, or viewing the in-browser\r\nDEV call stack, it should be easy to understand and fix the problem.\r\n\r\nIn most cases, the safe-string-coercion ESLint rule is smart enough to\r\ndetect when a coercion is safe. But in rare cases (e.g. when a coercion\r\nis inside a ternary) this rule will have to be manually disabled.\r\n\r\nThis commit also switches error-handling code to use `String(value)`\r\nfor coercion, because it's bad to crash when you're trying to build\r\nan error message or a call stack!  Because `String()` is usually\r\ndisallowed by the `safe-string-coercion` ESLint rule in production\r\ncode, the rule must be disabled when `String()` is used."",""distinct"":true,""url"":""https://api.github.com/repos/acdlite/react/commits/c88fb49d37fd01024e0a254a37b7810d107bdd1d""},{""sha"":""2677ebe4b32aae440a5fbb0425d68a7019e91d49"",""author"":{""name"":""Andrew Clark"",""email"":""46f1a0bd5592a2f9244ca321b129902a06b53e03@andrewclark.io""},""message"":""Hoist error codes import to module scope\n\nWhen this code was written, the error codes map (`codes.json`) was\ncreated on-the-fly, so we had to lazily require from inside the visitor.\n\nBecause `codes.json` is now checked into source, we can import it a\nsingle time in module scope."",""distinct"":true,""url"":""https://api.github.com/repos/acdlite/react/commits/2677ebe4b32aae440a5fbb0425d68a7019e91d49""},{""sha"":""0545b59c6b5dbafb4d0624ef41461a86421a809c"",""author"":{""name"":""Andrew Clark"",""email"":""46f1a0bd5592a2f9244ca321b129902a06b53e03@andrewclark.io""},""message"":""Minify error constructors in production\n\nWe use a script to minify our error messages in production. Each message\nis assigned an error code, defined in `scripts/error-codes/codes.json`.\nThen our build script replaces the messages with a link to our\nerror decoder page, e.g. https://reactjs.org/docs/error-decoder.html/?invariant=92\n\nThis enables us to write helpful error messages without increasing the\nbundle size.\n\nRight now, the script only works for `invariant` calls. It does not work\nif you throw an Error object. This is an old Facebookism that we don't\nreally need, other than the fact that our error minification script\nrelies on it.\n\nSo, I've updated the script to minify error constructors, too:\n\nInput:\n  Error(`A ${adj} message that contains ${noun}`);\nOutput:\n  Error(formatProdErrorMessage(ERR_CODE, adj, noun));\n\nIt only works for constructors that are literally named Error, though we\ncould add support for other names, too.\n\nAs a next step, I will add a lint rule to enforce that errors written\nthis way must have a corresponding error code."",""distinct"":true,""url"":""https://api.github.com/repos/acdlite/react/commits/0545b59c6b5dbafb4d0624ef41461a86421a809c""},{""sha"":""bba6bb86aa8074f2e5610b633dc68f4084226fe0"",""author"":{""name"":""Andrew Clark"",""email"":""46f1a0bd5592a2f9244ca321b129902a06b53e03@andrewclark.io""},""message"":""Minify \""no fallback UI specified\"" error in prod\n\nThis error message wasn't being minified because it doesn't use\ninvariant. The reason it didn't use invariant is because this particular\nerror is created without begin thrown — it doesn't need to be thrown\nbecause it's located inside the error handling part of the runtime.\n\nNow that the error minification script supports Error constructors, we\ncan minify it by assigning it a production error code in\n`scripts/error-codes/codes.json`.\n\nTo support the use of Error constructors more generally, I will add a\nlint rule that enforces each message has a corresponding error code."",""distinct"":true,""url"":""https://api.github.com/repos/acdlite/react/commits/bba6bb86aa8074f2e5610b633dc68f4084226fe0""},{""sha"":""62aae4c4c216c1db2005f8eab90d20723e339f5c"",""author"":{""name"":""Andrew Clark"",""email"":""46f1a0bd5592a2f9244ca321b129902a06b53e03@andrewclark.io""},""message"":""Lint rule to detect unminified errors\n\nAdds a lint rule that detects when an Error constructor is used without\na corresponding production error code.\n\nWe already have this for `invariant`, but not for regular errors, i.e.\n`throw new Error(msg)`. There's also nothing that enforces the use of\n`invariant` besides convention.\n\nThere are some packages where we don't care to minify errors. These are\npackages that run in environments where bundle size is not a concern,\nlike react-pg. I added an override in the ESLint config to ignore these."",""distinct"":true,""url"":""https://api.github.com/repos/acdlite/react/commits/62aae4c4c216c1db2005f8eab90d20723e339f5c""}]",,,,,,,,,,
18169126368,PushEvent,true,2021-09-27 17:47:24.000000 UTC,3624098,acdlite,45281256,acdlite/react,"""refs/heads/codemod-invariant""",,,8024825905,5,4,"[{""sha"":""455f4275d50474e1be6d788464f22c38bb1427cb"",""author"":{""name"":""Andrew Clark"",""email"":""46f1a0bd5592a2f9244ca321b129902a06b53e03@andrewclark.io""},""message"":""Lint rule to detect unminified errors\n\nAdds a lint rule that detects when an Error constructor is used without\na corresponding production error code.\n\nWe already have this for `invariant`, but not for regular errors, i.e.\n`throw new Error(msg)`. There's also nothing that enforces the use of\n`invariant` besides convention.\n\nThere are some packages where we don't care to minify errors. These are\npackages that run in environments where bundle size is not a concern,\nlike react-pg. I added an override in the ESLint config to ignore these."",""distinct"":false,""url"":""https://api.github.com/repos/acdlite/react/commits/455f4275d50474e1be6d788464f22c38bb1427cb""},{""sha"":""b2da862cfcaad2a1382ffd40b9631944df9c904f"",""author"":{""name"":""Andrew Clark"",""email"":""46f1a0bd5592a2f9244ca321b129902a06b53e03@andrewclark.io""},""message"":""Temporarily add invariant codemod script\n\nI'm adding this codemod to the repo temporarily, but I'll revert it\nin the same PR. That way we don't have to check it in but it's still\naccessible (via the PR) if we need it later."",""distinct"":true,""url"":""https://api.github.com/repos/acdlite/react/commits/b2da862cfcaad2a1382ffd40b9631944df9c904f""},{""sha"":""a922fee49780b0b7a8fc105c6e15f6a7744e024c"",""author"":{""name"":""Andrew Clark"",""email"":""46f1a0bd5592a2f9244ca321b129902a06b53e03@andrewclark.io""},""message"":""[Automated] Codemod invariant -> Error\n\nThis commit contains only automated changes:\n\nnpx jscodeshift -t scripts/codemod-invariant.js packages --ignore-pattern=\""node_modules/**/*\""\nyarn linc --fix\nyarn prettier\n\nI will do any manual touch ups in separate commits so they're easier\nto review."",""distinct"":true,""url"":""https://api.github.com/repos/acdlite/react/commits/a922fee49780b0b7a8fc105c6e15f6a7744e024c""},{""sha"":""35c4e9f2e37fdad1383e20e27511a5901a8c717d"",""author"":{""name"":""Andrew Clark"",""email"":""46f1a0bd5592a2f9244ca321b129902a06b53e03@andrewclark.io""},""message"":""Remove temporary codemod script\n\nThis reverts the codemod script and ESLint config I added temporarily\nin order to perform the invariant codemod."",""distinct"":true,""url"":""https://api.github.com/repos/acdlite/react/commits/35c4e9f2e37fdad1383e20e27511a5901a8c717d""},{""sha"":""0e034372a9569c0bb00b3c29005348b2c909c2eb"",""author"":{""name"":""Andrew Clark"",""email"":""46f1a0bd5592a2f9244ca321b129902a06b53e03@andrewclark.io""},""message"":""Manual touch ups\n\nA few manual changes I made after the codemod ran."",""distinct"":true,""url"":""https://api.github.com/repos/acdlite/react/commits/0e034372a9569c0bb00b3c29005348b2c909c2eb""}]",,,,,,,,,,
18168524001,PushEvent,true,2021-09-27 17:06:51.000000 UTC,3624098,acdlite,45281256,acdlite/react,"""refs/heads/minify-error-messages""",,,8024535220,2,2,"[{""sha"":""c9d64e5f4c2b7cc70a618eec78900dbfd6d201e8"",""author"":{""name"":""Behnam Mohammadi"",""email"":""e60bfd15efa0ef0d0b5be4cda8700dbcfca0b68a@live.com""},""message"":""add hasOwnProperty to devTools backend (#22437)"",""distinct"":true,""url"":""https://api.github.com/repos/acdlite/react/commits/c9d64e5f4c2b7cc70a618eec78900dbfd6d201e8""},{""sha"":""05726d72ccd3940a927462d520d0d2674012ad85"",""author"":{""name"":""Andrew Clark"",""email"":""46f1a0bd5592a2f9244ca321b129902a06b53e03@andrewclark.io""},""message"":""[Fix] Errors should not \""unsuspend\"" a transition (#22423)\n\nIf an error is thrown during a transition where we would have otherwise\r\nsuspended without showing a fallback (i.e. during a refresh), we should\r\nstill suspend.\r\n\r\nThe current behavior is that the error will force the fallback to\r\nappear, even if it's completely unrelated to the component that errored,\r\nwhich breaks the contract of `startTransition`."",""distinct"":true,""url"":""https://api.github.com/repos/acdlite/react/commits/05726d72ccd3940a927462d520d0d2674012ad85""}]",,,,,,,,,,
18168800574,PushEvent,true,2021-09-27 17:24:38.000000 UTC,29597,bvaughn,74410855,bvaughn/react,"""refs/heads/devtools-multi-byte-characters""",,,8024665951,1,1,"[{""sha"":""b2553f3d28b0a77a19ef35a0763eef8a05fca72b"",""author"":{""name"":""Brian Vaughn"",""email"":""59942a8ec08225673b377c556396ca24baabd1b2@fb.com""},""message"":""Re-added encoded string LRU cache"",""distinct"":true,""url"":""https://api.github.com/repos/bvaughn/react/commits/b2553f3d28b0a77a19ef35a0763eef8a05fca72b""}]",,,,,,,,,,
18168483100,IssueCommentEvent,true,2021-09-27 17:04:26.000000 UTC,49699333,dependabot[bot],277925762,jewertow/kuma,,,,,,,,"""created""",,,,,,,,,
18168610003,DeleteEvent,true,2021-09-27 17:12:10.000000 UTC,49699333,dependabot[bot],277925762,jewertow/kuma,"""dependabot/go_modules/pkg/plugins/resources/k8s/native/sigs.k8s.io/controller-runtime-0.10.0""","""branch""","""user""",,,,,,,,,,,,,,
18168609325,IssueCommentEvent,true,2021-09-27 17:12:07.000000 UTC,49699333,dependabot[bot],277925762,jewertow/kuma,,,,,,,,"""created""",,,,,,,,,
18168609649,IssueCommentEvent,true,2021-09-27 17:12:09.000000 UTC,49699333,dependabot[bot],277925762,jewertow/kuma,,,,,,,,"""created""",,,,,,,,,
18168609137,PullRequestEvent,true,2021-09-27 17:12:07.000000 UTC,49699333,dependabot[bot],277925762,jewertow/kuma,,,,,,,,"""opened""",116,,,,,,,,
18168483344,PullRequestEvent,true,2021-09-27 17:04:27.000000 UTC,49699333,dependabot[bot],277925762,jewertow/kuma,,,,,,,,"""closed""",106,,,,,,,,
18168979739,WatchEvent,true,2021-09-27 17:36:55.000000 UTC,62284645,mattfromeurope,21743740,kasper/phoenix,,,,,,,,"""started""",,,,,,,,,
18169071959,PushEvent,true,2021-09-27 17:43:29.000000 UTC,42040499,sameer1999,410983715,sameer1999/react,"""refs/heads/main""",,,8024800445,1,1,"[{""sha"":""7d2d131b8bf2b756a8ca5a09d27c82b455a2f828"",""author"":{""name"":""sameer1999"",""email"":""b34752f68cb2efa35359ca363f08a82012c16bb6@users.noreply.github.com""},""message"":""Add files via upload"",""distinct"":true,""url"":""https://api.github.com/repos/sameer1999/react/commits/7d2d131b8bf2b756a8ca5a09d27c82b455a2f828""}]",,,,,,,,,,
18169047136,PushEvent,true,2021-09-27 17:41:39.000000 UTC,42040499,sameer1999,410983715,sameer1999/react,"""refs/heads/main""",,,8024788735,1,1,"[{""sha"":""a5abbd8defc7a9f131e7f464046662429069f3cc"",""author"":{""name"":""sameer1999"",""email"":""b34752f68cb2efa35359ca363f08a82012c16bb6@users.noreply.github.com""},""message"":""Add files via upload"",""distinct"":true,""url"":""https://api.github.com/repos/sameer1999/react/commits/a5abbd8defc7a9f131e7f464046662429069f3cc""}]",,,,,,,,,,
18169286739,PushEvent,true,2021-09-27 17:58:34.000000 UTC,10806414,ycchien313,407426502,ycchien313/react,"""refs/heads/main""",,,8024901778,1,1,"[{""sha"":""23ad6de8d2a367bfbe1396534d0dfce585c275e9"",""author"":{""name"":""YiChieh"",""email"":""377017c76876c97a06699c8b297174fc42bfaa76@gmail.com""},""message"":""feat. section-vote of mobile"",""distinct"":true,""url"":""https://api.github.com/repos/ycchien313/react/commits/23ad6de8d2a367bfbe1396534d0dfce585c275e9""}]",,,,,,,,,,
18168739417,PullRequestEvent,true,2021-09-27 17:20:30.000000 UTC,39814207,pull[bot],226506162,rizalgowandy/moby,,,,,,,,"""opened""",531,,,,,,,,
18168948104,PushEvent,true,2021-09-27 17:34:42.000000 UTC,6425824,josephsavona,410969971,josephsavona/react,"""refs/heads/main""",,,8024739601,1,1,"[{""sha"":""c88fb49d37fd01024e0a254a37b7810d107bdd1d"",""author"":{""name"":""Justin Grant"",""email"":""8d98433eeba340cfbd8ad789949e75dfb0df2bb3@users.noreply.github.com""},""message"":""Improve DEV errors if string coercion throws (Temporal.*, Symbol, etc.) (#22064)\n\n* Revise ESLint rules for string coercion\r\n\r\nCurrently, react uses `'' + value` to coerce mixed values to strings.\r\nThis code will throw for Temporal objects or symbols.\r\n\r\nTo make string-coercion safer and to improve user-facing error messages,\r\nThis commit adds a new ESLint rule called `safe-string-coercion`.\r\n\r\nThis rule has two modes: a production mode and a non-production mode.\r\n* If the `isProductionUserAppCode` option is true, then `'' + value`\r\n  coercions are allowed (because they're faster, although they may\r\n  throw) and `String(value)` coercions are disallowed. Exception:\r\n  when building error messages or running DEV-only code in prod\r\n  files, `String()` should be used because it won't throw.\r\n* If the `isProductionUserAppCode` option is false, then `'' + value`\r\n  coercions are disallowed (because they may throw, and in non-prod\r\n  code it's not worth the risk) and `String(value)` are allowed.\r\n\r\nProduction mode is used for all files which will be bundled with\r\ndevelopers' userland apps. Non-prod mode is used for all other React\r\ncode: tests, DEV blocks, devtools extension, etc.\r\n\r\nIn production mode, in addiiton to flagging `String(value)` calls,\r\nthe rule will also flag `'' + value` or `value + ''` coercions that may\r\nthrow. The rule is smart enough to silence itself in the following\r\n\""will never throw\"" cases:\r\n* When the coercion is wrapped in a `typeof` test that restricts to safe\r\n  (non-symbol, non-object) types. Example:\r\n    if (typeof value === 'string' || typeof value === 'number') {\r\n      thisWontReport('' + value);\r\n    }\r\n* When what's being coerced is a unary function result, because unary\r\n   functions never return an object or a symbol.\r\n* When the coerced value is a commonly-used numeric identifier:\r\n  `i`, `idx`, or `lineNumber`.\r\n* When the statement immeidately before the coercion is a DEV-only\r\n  call to a function from shared/CheckStringCoercion.js. This call is a\r\n  no-op in production, but in DEV it will show a console error\r\n  explaining the problem, then will throw right after a long explanatory\r\n  code comment so that debugger users will have an idea what's going on.\r\n  The check function call must be in the following format:\r\n    if (__DEV__) {\r\n      checkXxxxxStringCoercion(value);\r\n    };\r\n\r\nManually disabling the rule is usually not necessary because almost all\r\nprod use of the `'' + value` pattern falls into one of the categories\r\nabove. But in the rare cases where the rule isn't smart enough to detect\r\nsafe usage (e.g. when a coercion is inside a nested ternary operator),\r\nmanually disabling the rule will be needed.\r\n\r\nThe rule should also be manually disabled in prod error handling code\r\nwhere `String(value)` should be used for coercions, because it'd be\r\nbad to throw while building an error message or stack trace!\r\n\r\nThe prod and non-prod modes have differentiated error messages to\r\nexplain how to do a proper coercion in that mode.\r\n\r\nIf a production check call is needed but is missing or incorrect\r\n(e.g. not in a DEV block or not immediately before the coercion), then\r\na context-sensitive error message will be reported so that developers\r\ncan figure out what's wrong and how to fix the problem.\r\n\r\nBecause string coercions are now handled by the `safe-string-coercion`\r\nrule, the `no-primitive-constructor` rule no longer flags `String()`\r\nusage. It still flags `new String(value)` because that usage is almost\r\nalways a bug.\r\n\r\n* Add DEV-only string coercion check functions\r\n\r\nThis commit adds DEV-only functions to check whether coercing\r\nvalues to strings using the `'' + value` pattern will throw. If it will\r\nthrow, these functions will:\r\n1. Display a console error with a friendly error message describing\r\n   the problem and the developer can fix it.\r\n2. Perform the coercion, which will throw. Right before the line where\r\n   the throwing happens, there's a long code comment that will help\r\n   debugger users (or others looking at the exception call stack) figure\r\n   out what happened and how to fix the problem.\r\n\r\nOne of these check functions should be called before all string coercion\r\nof user-provided values, except when the the coercion is guaranteed not\r\nto throw, e.g.\r\n* if inside a typeof check like `if (typeof value === 'string')`\r\n* if coercing the result of a unary function like `+value` or `value++`\r\n* if coercing a variable named in a whitelist of numeric identifiers:\r\n  `i`, `idx`, or `lineNumber`.\r\n\r\nThe new `safe-string-coercion` internal ESLint rule enforces that\r\nthese check functions are called when they are required.\r\n\r\nOnly use these check functions in production code that will be bundled\r\nwith user apps.  For non-prod code (and for production error-handling\r\ncode), use `String(value)` instead which may be a little slower but will\r\nnever throw.\r\n\r\n* Add failing tests for string coercion\r\n\r\nAdded failing tests to verify:\r\n* That input, select, and textarea elements with value and defaultValue\r\n  set to Temporal-like objects which will throw when coerced to string\r\n  using the `'' + value` pattern.\r\n* That text elements will throw for Temporal-like objects\r\n* That dangerouslySetInnerHTML will *not* throw for Temporal-like\r\n  objects because this value is not cast to a string before passing to\r\n  the DOM.\r\n* That keys that are Temporal-like objects will throw\r\n\r\nAll tests above validate the friendly error messages thrown.\r\n\r\n* Use `String(value)` for coercion in non-prod files\r\n\r\nThis commit switches non-production code from `'' + value` (which\r\nthrows for Temporal objects and symbols) to instead use `String(value)`\r\nwhich won't throw for these or other future plus-phobic types.\r\n\r\n\""Non-produciton code\"" includes anything not bundled into user apps:\r\n* Tests and test utilities. Note that I didn't change legacy React\r\n  test fixtures because I assumed it was good for those files to\r\n  act just like old React, including coercion behavior.\r\n* Build scripts\r\n* Dev tools package - In addition to switching to `String`, I also\r\n  removed special-case code for coercing symbols which is now\r\n  unnecessary.\r\n\r\n* Add DEV-only string coercion checks to prod files\r\n\r\nThis commit adds DEV-only function calls to to check if string coercion\r\nusing `'' + value` will throw, which it will if the value is a Temporal\r\nobject or a symbol because those types can't be added with `+`.\r\n\r\nIf it will throw, then in DEV these checks will show a console error\r\nto help the user undertsand what went wrong and how to fix the\r\nproblem. After emitting the console error, the check functions will\r\nretry the coercion which will throw with a call stack that's easy (or\r\nat least easier!) to troubleshoot because the exception happens right\r\nafter a long comment explaining the issue. So whether the user is in\r\na debugger, looking at the browser console, or viewing the in-browser\r\nDEV call stack, it should be easy to understand and fix the problem.\r\n\r\nIn most cases, the safe-string-coercion ESLint rule is smart enough to\r\ndetect when a coercion is safe. But in rare cases (e.g. when a coercion\r\nis inside a ternary) this rule will have to be manually disabled.\r\n\r\nThis commit also switches error-handling code to use `String(value)`\r\nfor coercion, because it's bad to crash when you're trying to build\r\nan error message or a call stack!  Because `String()` is usually\r\ndisallowed by the `safe-string-coercion` ESLint rule in production\r\ncode, the rule must be disabled when `String()` is used."",""distinct"":true,""url"":""https://api.github.com/repos/josephsavona/react/commits/c88fb49d37fd01024e0a254a37b7810d107bdd1d""}]",,,,,,,,,,
18168713506,PushEvent,true,2021-09-27 17:18:47.000000 UTC,47391,joshrose,139760380,joshrose/tensorflow,"""refs/heads/master""",,,8024624312,10,10,"[{""sha"":""a163ecfbe2cded83fcf960516754bf78b061e9c0"",""author"":{""name"":""Adrian Kuegel"",""email"":""576389c0b07786a91efdf2778233c297d15750c4@google.com""},""message"":""Enable MLIR generated Sigmoid GPU kernel by default.\n\nPiperOrigin-RevId: 399166253\nChange-Id: If71a566f63108ad5067417e77b2e394287a1f5b8"",""distinct"":true,""url"":""https://api.github.com/repos/joshrose/tensorflow/commits/a163ecfbe2cded83fcf960516754bf78b061e9c0""},{""sha"":""75fd1c868956e0aa41efa439dbc04331b7f55e75"",""author"":{""name"":""A. Unique TensorFlower"",""email"":""746aced590a184ef4169166e753f7c211e32e5fc@tensorflow.org""},""message"":""[XLA:TPU] Adding an experimental ApproxTopK op to XLA.\nThis op is only available for the TPU backend.\n\nPiperOrigin-RevId: 399167111\nChange-Id: I034f2d24983b47804ac07f07905e0e463886dd19"",""distinct"":true,""url"":""https://api.github.com/repos/joshrose/tensorflow/commits/75fd1c868956e0aa41efa439dbc04331b7f55e75""},{""sha"":""5ce3ff1f6ffa5bb46e516e697130e6e7a61fda64"",""author"":{""name"":""A. Unique TensorFlower"",""email"":""746aced590a184ef4169166e753f7c211e32e5fc@tensorflow.org""},""message"":""Go: Update generated wrapper functions for TensorFlow ops.\n\nPiperOrigin-RevId: 399168366\nChange-Id: Ib5def1f249633d34e3f9cdcfa56a0affd0843f07"",""distinct"":true,""url"":""https://api.github.com/repos/joshrose/tensorflow/commits/5ce3ff1f6ffa5bb46e516e697130e6e7a61fda64""},{""sha"":""7dc26e5fe5139b77de7886c965d04465a7228dc5"",""author"":{""name"":""A. Unique TensorFlower"",""email"":""746aced590a184ef4169166e753f7c211e32e5fc@tensorflow.org""},""message"":""[MLIR] Move `assuming_all` ops over assuming regions for broadcast propagation\n\nMoving `assuming_all` ops over assuming region unblocks merging assuming\nregions.\n\nPiperOrigin-RevId: 399170560\nChange-Id: I1a791a04cde1fb157ece57c3822e3e1e054ef4a9"",""distinct"":true,""url"":""https://api.github.com/repos/joshrose/tensorflow/commits/7dc26e5fe5139b77de7886c965d04465a7228dc5""},{""sha"":""89363b5e083a5c9faa12660cd05c1d79c6ea9f36"",""author"":{""name"":""Chris Jones"",""email"":""44ec8a9a96520629f1de8b28e6ff976a9fe79756@google.com""},""message"":""[XLA:GPU] Add new compiler pass to concatenate all-reduce operands into a single, contiguous buffer.\n\nPiperOrigin-RevId: 399184237\nChange-Id: I15711e85c2f5460ebe9c965ae90d4802563c2f95"",""distinct"":true,""url"":""https://api.github.com/repos/joshrose/tensorflow/commits/89363b5e083a5c9faa12660cd05c1d79c6ea9f36""},{""sha"":""bd603378e951780e868ec8155ab4311eb635245b"",""author"":{""name"":""A. Unique TensorFlower"",""email"":""746aced590a184ef4169166e753f7c211e32e5fc@tensorflow.org""},""message"":""Go: Update generated wrapper functions for TensorFlow ops.\n\nPiperOrigin-RevId: 399188060\nChange-Id: I2735533093eedafd1832cf6577d6439650c7858c"",""distinct"":true,""url"":""https://api.github.com/repos/joshrose/tensorflow/commits/bd603378e951780e868ec8155ab4311eb635245b""},{""sha"":""707c5e821f126f55f4b83ed6990795bc5605c0d9"",""author"":{""name"":""A. Unique TensorFlower"",""email"":""746aced590a184ef4169166e753f7c211e32e5fc@tensorflow.org""},""message"":""Update TFRT dependency to use revision\nhttp://github.com/tensorflow/runtime/commit/e62088ed5996b46e92fa0887451802cf4e007d7d.\n\nPiperOrigin-RevId: 399189082\nChange-Id: I4805b982ee25cfde7026f590550fd4a174ec090a"",""distinct"":true,""url"":""https://api.github.com/repos/joshrose/tensorflow/commits/707c5e821f126f55f4b83ed6990795bc5605c0d9""},{""sha"":""fc5d6058e6e0dc097ce7e0b331bd48a33c45b383"",""author"":{""name"":""Itai Zukerman"",""email"":""926c149cc28b17036268aac28997d867b307ddaf@google.com""},""message"":""Internal change only.\n\nPiperOrigin-RevId: 399197401\nChange-Id: I594e48a585e95406fe3754c4cd339a3fd23eb5cf"",""distinct"":true,""url"":""https://api.github.com/repos/joshrose/tensorflow/commits/fc5d6058e6e0dc097ce7e0b331bd48a33c45b383""},{""sha"":""ec2cc392f3a78d5cda64a36c615572693a80c8d7"",""author"":{""name"":""Zachary Garrett"",""email"":""89ff30759f71dfd168a6c9a0c3bdb0e8a9ef2e27@google.com""},""message"":""Replace deprecated `absl::Status::error_message` call with `absl::Status::message`.\n\nPiperOrigin-RevId: 399198325\nChange-Id: Ib4a5e1d3a5e1447fefe9de428946341522a021a4"",""distinct"":true,""url"":""https://api.github.com/repos/joshrose/tensorflow/commits/ec2cc392f3a78d5cda64a36c615572693a80c8d7""},{""sha"":""730c91f4d78b835a8eb4fbe89fe4889d52eeb4bb"",""author"":{""name"":""George Karpenkov"",""email"":""bbf3fb1cea1ba929a95f09c9e20513124012c8d3@google.com""},""message"":""[XLA] Update a list of known issues for jit_compile=True\n\nPiperOrigin-RevId: 399214105\nChange-Id: Ia6b0d7a03384458f47277b8a9c1cc64d562fec5e"",""distinct"":true,""url"":""https://api.github.com/repos/joshrose/tensorflow/commits/730c91f4d78b835a8eb4fbe89fe4889d52eeb4bb""}]",,,,,,,,,,
18169097983,DeleteEvent,true,2021-09-27 17:45:22.000000 UTC,147145,WyriHaximus,391980572,WyriHaximus/terraform,"""stable-naming-generation-for-minio-buckets""","""branch""","""user""",,,,,,,,,,,,,,
18168921436,PullRequestEvent,true,2021-09-27 17:32:53.000000 UTC,147145,WyriHaximus,391980572,WyriHaximus/terraform,,,,,,,,"""opened""",6,,,,,,,,
18169097904,PushEvent,true,2021-09-27 17:45:22.000000 UTC,147145,WyriHaximus,391980572,WyriHaximus/terraform,"""refs/heads/main""",,,8024812526,2,2,"[{""sha"":""9a67d1dfb822107881c612e30f12982910c40549"",""author"":{""name"":""Cees-Jan Kiewiet"",""email"":""3c3ecfc161606d8b294b0bff7557930c557236c6@gmail.com""},""message"":""Stable naming generation for minio bucket policies"",""distinct"":true,""url"":""https://api.github.com/repos/WyriHaximus/terraform/commits/9a67d1dfb822107881c612e30f12982910c40549""},{""sha"":""f57ec7f49665209636898e2c464e9055978a654d"",""author"":{""name"":""Cees-Jan Kiewiet"",""email"":""3c3ecfc161606d8b294b0bff7557930c557236c6@gmail.com""},""message"":""Merge pull request #6 from WyriHaximus/stable-naming-generation-for-minio-buckets"",""distinct"":true,""url"":""https://api.github.com/repos/WyriHaximus/terraform/commits/f57ec7f49665209636898e2c464e9055978a654d""}]",,,,,,,,,,
18169027482,IssueCommentEvent,true,2021-09-27 17:40:14.000000 UTC,41898282,github-actions[bot],391980572,WyriHaximus/terraform,,,,,,,,"""created""",,,,,,,,,
18169025262,PushEvent,true,2021-09-27 17:40:05.000000 UTC,39814207,pull[bot],376927945,johnperez416/tensorflow,"""refs/heads/master""",,,8024778032,1000,5921,"[{""sha"":""ea814decfe2847f8409e1486f64ac1694e91e011"",""author"":{""name"":""A. Unique TensorFlower"",""email"":""746aced590a184ef4169166e753f7c211e32e5fc@tensorflow.org""},""message"":""Update TFRT dependency to use revision\nhttp://github.com/tensorflow/runtime/commit/c209cfd0fb4298a3f34397959bdb8e4df66dee79.\n\nPiperOrigin-RevId: 395475995\nChange-Id: Ie160e5009f9a01be015ac62542706002e8b0aacb"",""distinct"":true,""url"":""https://api.github.com/repos/johnperez416/tensorflow/commits/ea814decfe2847f8409e1486f64ac1694e91e011""},{""sha"":""4af918b09e865ea9c358209392afc6dfbf737309"",""author"":{""name"":""TensorFlower Gardener"",""email"":""746aced590a184ef4169166e753f7c211e32e5fc@tensorflow.org""},""message"":""Merge pull request #51852 from dfki-albo:userange_analysis\n\nPiperOrigin-RevId: 395477237\nChange-Id: I53dd2f3f0aa0e27171e9dc1ee4ed8ba71a9389b9"",""distinct"":true,""url"":""https://api.github.com/repos/johnperez416/tensorflow/commits/4af918b09e865ea9c358209392afc6dfbf737309""},{""sha"":""81d08dab9d3d08d4da4ed269a4ae292a04b2a506"",""author"":{""name"":""Sagun Bajra"",""email"":""8e269ab859de84ffd69b56346bf76b0e8ce1bd3b@google.com""},""message"":""Updates the regex matcher in BincountTest.test_shape_function\n\nPiperOrigin-RevId: 395493334\nChange-Id: I73b2031c55a8e6e8964abb0433357bd75e86c287"",""distinct"":true,""url"":""https://api.github.com/repos/johnperez416/tensorflow/commits/81d08dab9d3d08d4da4ed269a4ae292a04b2a506""},{""sha"":""93ff53b4f1684b2279eb7a137c83fd2c38403d56"",""author"":{""name"":""A. Unique TensorFlower"",""email"":""746aced590a184ef4169166e753f7c211e32e5fc@tensorflow.org""},""message"":""Go: Update generated wrapper functions for TensorFlow ops.\n\nPiperOrigin-RevId: 395494310\nChange-Id: I43f65215c8a377765732a29a7afffd21b1d34290"",""distinct"":true,""url"":""https://api.github.com/repos/johnperez416/tensorflow/commits/93ff53b4f1684b2279eb7a137c83fd2c38403d56""},{""sha"":""91b439d4465e49c0723f59ba46dda91e1c2e40f1"",""author"":{""name"":""Edward Loper"",""email"":""4e70de59cddd527517e9ce09eb7412beeffcbd1a@google.com""},""message"":""Update Function.__get__ to properly handle the case where `self` is a CompositeTensor.\n\nPiperOrigin-RevId: 395501035\nChange-Id: I007038cc7bd9a9c5fafde85432f5510110e39666"",""distinct"":true,""url"":""https://api.github.com/repos/johnperez416/tensorflow/commits/91b439d4465e49c0723f59ba46dda91e1c2e40f1""},{""sha"":""1caea7d9925b3100c2f1e1b323c3079a5b2eac59"",""author"":{""name"":""Edward Loper"",""email"":""4e70de59cddd527517e9ce09eb7412beeffcbd1a@google.com""},""message"":""ExtensionType: If a field is annotated with type TensorShape, then convert its value using as_shape; and if a field is annotated with type DType, then convert its value using as_dtype.\n\nPiperOrigin-RevId: 395501075\nChange-Id: Id5657aa651f0bc80c09f26fb2c343f223d34c4d9"",""distinct"":true,""url"":""https://api.github.com/repos/johnperez416/tensorflow/commits/1caea7d9925b3100c2f1e1b323c3079a5b2eac59""},{""sha"":""a3297b72683d0305049a3e1d11d33a1faab1b856"",""author"":{""name"":""TensorFlower Gardener"",""email"":""746aced590a184ef4169166e753f7c211e32e5fc@tensorflow.org""},""message"":""Merge pull request #51806 from cbalint13:master\n\nPiperOrigin-RevId: 395501746\nChange-Id: I6465be8b5f5bfd11e4e92494bda4d135916d0ba9"",""distinct"":true,""url"":""https://api.github.com/repos/johnperez416/tensorflow/commits/a3297b72683d0305049a3e1d11d33a1faab1b856""},{""sha"":""32f82e53099483da528987dd917392bd66c1770f"",""author"":{""name"":""HanBin Yoon"",""email"":""024f177e31598ae518222a68ff45c86a00c86bd8@google.com""},""message"":""Supply 'opaque' string via attribute instead of ExecutionContext for CustomCall via BefThunk.\n\nPiperOrigin-RevId: 395508116\nChange-Id: Ic0e87bedb95893301da37191fc101fbc279e22ef"",""distinct"":true,""url"":""https://api.github.com/repos/johnperez416/tensorflow/commits/32f82e53099483da528987dd917392bd66c1770f""},{""sha"":""86b1d613792d33f7c0d296ff84b11a3dad20faab"",""author"":{""name"":""Andrew Audibert"",""email"":""23f2b5dd93c922fa4b806faa35ad0644038a966e@google.com""},""message"":""[MLIR][KernelGen] Fix GPU module cache and make it a kernel resource\n\nThis fixes a subtle bug in the GPU module caches, which assumed that no two GPU\nmodules are loaded from the same memory location. When JIT-compiling kernels,\nhowever, this can (and did) happen, which previously lead to a false cache hit,\nresulting in the use of an incorrect GPU kernel.\n\nMaking the GPU module cache a kernel resource binds its lifetime to that of the\nkernel context and also to that of the JIT cache....\n\nPiperOrigin-RevId: 395508555\nChange-Id: I4f3e3be47d643a57c4e7a1237ac5f95b2c143c53"",""distinct"":true,""url"":""https://api.github.com/repos/johnperez416/tensorflow/commits/86b1d613792d33f7c0d296ff84b11a3dad20faab""},{""sha"":""6cfb888ddd2fe9ca93f1fc63cbdd30dffa6b2627"",""author"":{""name"":""Chuanhao Zhuge"",""email"":""2df560f87cba785bae78536bb6567a32ee2f9ce7@google.com""},""message"":""Set the correct default device for a function.\n\nThis fixes the incorrect default device name being used in multi-client use cases.\n\nPiperOrigin-RevId: 395510781\nChange-Id: Ia8fe5aad4d6d1f95b157ec35b110dba6242d709d"",""distinct"":true,""url"":""https://api.github.com/repos/johnperez416/tensorflow/commits/6cfb888ddd2fe9ca93f1fc63cbdd30dffa6b2627""},{""sha"":""a43f1c5e4dc3bd2955df13c844d0d7a6e8eac628"",""author"":{""name"":""Reed Wanderman-Milne"",""email"":""75734eae9db3e4fb4d6c671d22722b468d1a389b@google.com""},""message"":""When determinism is enabled, raise error in tf.timestamp.\n\nA FailedPrecondition error is raised. InvalidArgument is used for random ops when the seed isn't specified, but that doesn't apply here as there are no arguments.\n\ntf.timestamp is mostly used to seed random ops. It is also occasionally used for measuring the performance of some part of the model. The latter case is a legitimate use case when determinism is used, but we must raise an error to guard against the former case.\n\nPiperOrigin-RevId: 395516238\nChange-Id: I2ca33fede24a674793d128bbbd73179a9b3c3d16"",""distinct"":true,""url"":""https://api.github.com/repos/johnperez416/tensorflow/commits/a43f1c5e4dc3bd2955df13c844d0d7a6e8eac628""},{""sha"":""663726225804571055aad7fb920fae14338f5710"",""author"":{""name"":""Marat Dukhan"",""email"":""c43d6c752720d378dbe370061dcb158d82e02389@google.com""},""message"":""[XNNPACK] Support quantized SUB operator\n\nPiperOrigin-RevId: 395516269\nChange-Id: I3e2881d5f50a4db9239dd0af676df9c91d71974c"",""distinct"":true,""url"":""https://api.github.com/repos/johnperez416/tensorflow/commits/663726225804571055aad7fb920fae14338f5710""},{""sha"":""769d983a7451ca6a62157dbed1e39f6406d20bbd"",""author"":{""name"":""Smit Hinsu"",""email"":""0f9dce5f2da36d8473ff9a50fbb0e06a148c5fae@google.com""},""message"":""Clear compilation result before calling the old bridge for op by op compilation\n\nThere might be some partial results from the MLIR bridge that needs to cleared out.\n\nPiperOrigin-RevId: 395522416\nChange-Id: I2bb14ff0848f4f3e429abe9792b4a7af965a0313"",""distinct"":true,""url"":""https://api.github.com/repos/johnperez416/tensorflow/commits/769d983a7451ca6a62157dbed1e39f6406d20bbd""},{""sha"":""429b7387abf635759d7ab20796c7ca076ac574d7"",""author"":{""name"":""A. Unique TensorFlower"",""email"":""746aced590a184ef4169166e753f7c211e32e5fc@tensorflow.org""},""message"":""Go: Update generated wrapper functions for TensorFlow ops.\n\nPiperOrigin-RevId: 395526405\nChange-Id: I016aa6af925186fa3aeb886e2111c83bffef537a"",""distinct"":true,""url"":""https://api.github.com/repos/johnperez416/tensorflow/commits/429b7387abf635759d7ab20796c7ca076ac574d7""},{""sha"":""740f3a7499462dc444abf7f37f58d22fa5040a7f"",""author"":{""name"":""Yang Chen"",""email"":""b1c859b0203793580f6fafdc9e88d8c10428cc59@google.com""},""message"":""[tf.data service] Remove the forward compat check for target workers.\n\nPiperOrigin-RevId: 395528421\nChange-Id: I17667cb99942fc7227ef36539843fe36c6f4a72a"",""distinct"":true,""url"":""https://api.github.com/repos/johnperez416/tensorflow/commits/740f3a7499462dc444abf7f37f58d22fa5040a7f""},{""sha"":""8aea0d87c80c9b32fd69809407922f645c380f10"",""author"":{""name"":""Reed Wanderman-Milne"",""email"":""75734eae9db3e4fb4d6c671d22722b468d1a389b@google.com""},""message"":""Remove incorrect documentation from tf.math.add_n.\n\nThe documentation previously incorrectly implied accumulate_n did not wait for all its inputs to be ready. The commit https://github.com/tensorflow/tensorflow/commit/292d3094313136b77bb5f444561bc3ffc529b246 caused accumulate_n to do the same thing as add_n.\n\nPiperOrigin-RevId: 395531673\nChange-Id: I48dddc89f1cafd9ff0c41fb2f0d1d4a507b55e6e"",""distinct"":true,""url"":""https://api.github.com/repos/johnperez416/tensorflow/commits/8aea0d87c80c9b32fd69809407922f645c380f10""},{""sha"":""403980266d0ad200cbafe32ecc69829ed6fb383d"",""author"":{""name"":""A. Unique TensorFlower"",""email"":""746aced590a184ef4169166e753f7c211e32e5fc@tensorflow.org""},""message"":""[NNAPI] Support Conv2d op version 5\n\nPiperOrigin-RevId: 395532290\nChange-Id: I301eb48745d273f8312793c8b39f489fcf654664"",""distinct"":true,""url"":""https://api.github.com/repos/johnperez416/tensorflow/commits/403980266d0ad200cbafe32ecc69829ed6fb383d""},{""sha"":""a1d58a9f50c594b311c0998429d25d3cc5e392e5"",""author"":{""name"":""A. Unique TensorFlower"",""email"":""746aced590a184ef4169166e753f7c211e32e5fc@tensorflow.org""},""message"":""Do not invoke Tensor Tracer v1 API's with TF2 models.\n\nPiperOrigin-RevId: 395537793\nChange-Id: I9ea999e4a23ce5c63d392d8605029f322d664c45"",""distinct"":true,""url"":""https://api.github.com/repos/johnperez416/tensorflow/commits/a1d58a9f50c594b311c0998429d25d3cc5e392e5""},{""sha"":""5e4adb9583a5b1652e33c18ce73c16cfbdab958f"",""author"":{""name"":""Reed Wanderman-Milne"",""email"":""75734eae9db3e4fb4d6c671d22722b468d1a389b@google.com""},""message"":""Rewrite ParallelMapDataset in make_deterministic.\n\nThis makes calling Dataset.map deterministic when stateful ops are in the map_fn (assuming the user doesn't pass deterministic=False to map or tf.data.Options).\n\nUnfortunately, this can make a model's input pipeline very very slow when determinism is enabled. For example, on the official resnet50 model with 8 V100s, performance drops from 5199 images/sec to 331 images/sec, making performance only 6% of what it is without determinism. The input pipeline is probably even slower than 6% of it's original speed, as the model is bottlenecked by the GPU without determinism and by the input pipeline with determinism. In the future, I hope to improve performance when determinism is enabled.\n\nPiperOrigin-RevId: 395542882\nChange-Id: If76a3d6b2508717cf72bb2f410b100df462f6105"",""distinct"":true,""url"":""https://api.github.com/repos/johnperez416/tensorflow/commits/5e4adb9583a5b1652e33c18ce73c16cfbdab958f""},{""sha"":""3e1ed682f70f90506d46c2399dcdad3bae58c260"",""author"":{""name"":""Peter Hawkins"",""email"":""34b19541630131950b5f204f2c5f2c647a3a7475@google.com""},""message"":""[JAX] Include the function name in the error message when hash/equality of a static argument fails.\n\nPiperOrigin-RevId: 395550728\nChange-Id: Ibb33eb766f0016e29536154e9d1fce3b17595dc9"",""distinct"":true,""url"":""https://api.github.com/repos/johnperez416/tensorflow/commits/3e1ed682f70f90506d46c2399dcdad3bae58c260""}]",,,,,,,,,,
18168656914,PushEvent,true,2021-09-27 17:15:12.000000 UTC,41898282,github-actions[bot],159692533,smalltalkman/tensorflow,"""refs/heads/master""",,,8024597405,1,1,"[{""sha"":""730c91f4d78b835a8eb4fbe89fe4889d52eeb4bb"",""author"":{""name"":""George Karpenkov"",""email"":""bbf3fb1cea1ba929a95f09c9e20513124012c8d3@google.com""},""message"":""[XLA] Update a list of known issues for jit_compile=True\n\nPiperOrigin-RevId: 399214105\nChange-Id: Ia6b0d7a03384458f47277b8a9c1cc64d562fec5e"",""distinct"":true,""url"":""https://api.github.com/repos/smalltalkman/tensorflow/commits/730c91f4d78b835a8eb4fbe89fe4889d52eeb4bb""}]",,,,,,,,,,
18168576819,PushEvent,true,2021-09-27 17:10:07.000000 UTC,3979925,surahman,399218236,surahman/incubator-heron,"""refs/heads/3707-ConfigMap-Support""",,,8024559601,1,1,"[{""sha"":""f0e91263ffd4c79d912c7150125ffab3c6713710"",""author"":{""name"":""Saad Ur Rahman"",""email"":""9999a4936214c24e1f260e8d63e35dcf2173cc3d@gmail.com""},""message"":""Merge branch '3707-Config-Map-Support-dev' into 3707-ConfigMap-Support"",""distinct"":true,""url"":""https://api.github.com/repos/surahman/incubator-heron/commits/f0e91263ffd4c79d912c7150125ffab3c6713710""}]",,,,,,,,,,
18169152354,PushEvent,true,2021-09-27 17:49:14.000000 UTC,4741199,stefan-niedermann,409554011,stefan-niedermann/phoenix,"""refs/heads/master""",,,8024838228,1,1,"[{""sha"":""fb5d42f1ccbf0b2e044c808bb1884f03cd979534"",""author"":{""name"":""Stefan Niedermann"",""email"":""59bd0a3ff43b32849b319e645d4798d8a5d1e889@niedermann.it""},""message"":""Try without synchronized-promise"",""distinct"":true,""url"":""https://api.github.com/repos/stefan-niedermann/phoenix/commits/fb5d42f1ccbf0b2e044c808bb1884f03cd979534""}]",,,,,,,,,,
18168507412,PushEvent,true,2021-09-27 17:05:53.000000 UTC,4741199,stefan-niedermann,409554011,stefan-niedermann/phoenix,"""refs/heads/master""",,,8024527519,2,2,"[{""sha"":""a2f3cda03ba9f7be9ea5acb907d98f2e6ca640c7"",""author"":{""name"":""Stefan Niedermann"",""email"":""59bd0a3ff43b32849b319e645d4798d8a5d1e889@niedermann.it""},""message"":""Use npm for build process"",""distinct"":true,""url"":""https://api.github.com/repos/stefan-niedermann/phoenix/commits/a2f3cda03ba9f7be9ea5acb907d98f2e6ca640c7""},{""sha"":""db3e566c775c935415f3ecfce230e4b6a6d52ede"",""author"":{""name"":""Stefan Niedermann"",""email"":""59bd0a3ff43b32849b319e645d4798d8a5d1e889@niedermann.it""},""message"":""Merge branch 'master' of github.com:stefan-niedermann/phoenix"",""distinct"":true,""url"":""https://api.github.com/repos/stefan-niedermann/phoenix/commits/db3e566c775c935415f3ecfce230e4b6a6d52ede""}]",,,,,,,,,,
18168739089,PushEvent,true,2021-09-27 17:20:29.000000 UTC,4741199,stefan-niedermann,409554011,stefan-niedermann/phoenix,"""refs/heads/master""",,,8024636391,1,1,"[{""sha"":""88466d95411d44371ed60a6688c5a61034bb3769"",""author"":{""name"":""Stefan Niedermann"",""email"":""59bd0a3ff43b32849b319e645d4798d8a5d1e889@niedermann.it""},""message"":""Use synchronized-promise for build"",""distinct"":true,""url"":""https://api.github.com/repos/stefan-niedermann/phoenix/commits/88466d95411d44371ed60a6688c5a61034bb3769""}]",,,,,,,,,,
18168853551,PullRequestEvent,true,2021-09-27 17:28:19.000000 UTC,2179736,matthiasblaesing,102083576,apache/netbeans,,,,,,,,"""closed""",3194,,,,,,,,
18168854177,PushEvent,true,2021-09-27 17:28:21.000000 UTC,2179736,matthiasblaesing,102083576,apache/netbeans,"""refs/heads/master""",,,8024692705,2,2,"[{""sha"":""8684f6835fc432326a21568ca4fb3a45a1bd81ae"",""author"":{""name"":""Benjamin Asbach"",""email"":""1307ba72d1865cb99d5f442233b19c162bebded8@impl.it""},""message"":""NETBEANS-5722: Added `com.sun.java.swing.plaf.motif` to exported modules\n\nThe module is not exported by OpenJDK. Without the manual export NetBeans\nis unable to invoke `MotifFileChooserUI.createUI(JComponent)` and falls back\nto `MetalFileChooser` which is also unable to create as the Look and Feel\nfor Metal was not initialized."",""distinct"":true,""url"":""https://api.github.com/repos/apache/netbeans/commits/8684f6835fc432326a21568ca4fb3a45a1bd81ae""},{""sha"":""843223dad0f34b4a1d2895451c4cd77728fcd477"",""author"":{""name"":""Matthias Bläsing"",""email"":""2733b4844ad39354bd21fd2bca55a8804e19a60d@doppel-helix.eu""},""message"":""Merge pull request #3194 from asbachb/NETBEANS-5722\n\nNETBEANS-5722: Added `com.sun.java.swing.plaf.motif` to exported modules"",""distinct"":true,""url"":""https://api.github.com/repos/apache/netbeans/commits/843223dad0f34b4a1d2895451c4cd77728fcd477""}]",,,,,,,,,,
18168494422,PullRequestEvent,true,2021-09-27 17:05:08.000000 UTC,3624098,acdlite,10270250,facebook/react,,,,,,,,"""closed""",22064,,,,,,,,
18169112654,PullRequestEvent,true,2021-09-27 17:46:26.000000 UTC,3624098,acdlite,10270250,facebook/react,,,,,,,,"""closed""",22429,,,,,,,,
18169300133,IssueCommentEvent,true,2021-09-27 17:59:27.000000 UTC,29597,bvaughn,10270250,facebook/react,,,,,,,,"""created""",,,,,,,,,
18168973688,PullRequestReviewEvent,true,2021-09-27 17:36:30.000000 UTC,29597,bvaughn,10270250,facebook/react,,,,,,,,"""created""",22380,,,"""changes_requested""","""CONTRIBUTOR""",,,,
18168410066,ForkEvent,true,2021-09-27 17:00:06.000000 UTC,87527463,pawan-meena,10270250,facebook/react,,,,,,,,,,"""pawan-meena/react""",,,,,,,
18168422520,WatchEvent,true,2021-09-27 17:00:51.000000 UTC,89676555,GayathmiKariyapperuma,10270250,facebook/react,,,,,,,,"""started""",,,,,,,,,
18168893650,IssueCommentEvent,true,2021-09-27 17:31:02.000000 UTC,29597,bvaughn,10270250,facebook/react,,,,,,,,"""created""",,,,,,,,,
18168718226,ForkEvent,true,2021-09-27 17:19:06.000000 UTC,75686258,Haider-Ali-Dev,10270250,facebook/react,,,,,,,,,,"""Haider-Ali-Dev/react""",,,,,,,
18168497596,PushEvent,true,2021-09-27 17:05:18.000000 UTC,3624098,acdlite,10270250,facebook/react,"""refs/heads/main""",,,8024522855,1,1,"[{""sha"":""c88fb49d37fd01024e0a254a37b7810d107bdd1d"",""author"":{""name"":""Justin Grant"",""email"":""8d98433eeba340cfbd8ad789949e75dfb0df2bb3@users.noreply.github.com""},""message"":""Improve DEV errors if string coercion throws (Temporal.*, Symbol, etc.) (#22064)\n\n* Revise ESLint rules for string coercion\r\n\r\nCurrently, react uses `'' + value` to coerce mixed values to strings.\r\nThis code will throw for Temporal objects or symbols.\r\n\r\nTo make string-coercion safer and to improve user-facing error messages,\r\nThis commit adds a new ESLint rule called `safe-string-coercion`.\r\n\r\nThis rule has two modes: a production mode and a non-production mode.\r\n* If the `isProductionUserAppCode` option is true, then `'' + value`\r\n  coercions are allowed (because they're faster, although they may\r\n  throw) and `String(value)` coercions are disallowed. Exception:\r\n  when building error messages or running DEV-only code in prod\r\n  files, `String()` should be used because it won't throw.\r\n* If the `isProductionUserAppCode` option is false, then `'' + value`\r\n  coercions are disallowed (because they may throw, and in non-prod\r\n  code it's not worth the risk) and `String(value)` are allowed.\r\n\r\nProduction mode is used for all files which will be bundled with\r\ndevelopers' userland apps. Non-prod mode is used for all other React\r\ncode: tests, DEV blocks, devtools extension, etc.\r\n\r\nIn production mode, in addiiton to flagging `String(value)` calls,\r\nthe rule will also flag `'' + value` or `value + ''` coercions that may\r\nthrow. The rule is smart enough to silence itself in the following\r\n\""will never throw\"" cases:\r\n* When the coercion is wrapped in a `typeof` test that restricts to safe\r\n  (non-symbol, non-object) types. Example:\r\n    if (typeof value === 'string' || typeof value === 'number') {\r\n      thisWontReport('' + value);\r\n    }\r\n* When what's being coerced is a unary function result, because unary\r\n   functions never return an object or a symbol.\r\n* When the coerced value is a commonly-used numeric identifier:\r\n  `i`, `idx`, or `lineNumber`.\r\n* When the statement immeidately before the coercion is a DEV-only\r\n  call to a function from shared/CheckStringCoercion.js. This call is a\r\n  no-op in production, but in DEV it will show a console error\r\n  explaining the problem, then will throw right after a long explanatory\r\n  code comment so that debugger users will have an idea what's going on.\r\n  The check function call must be in the following format:\r\n    if (__DEV__) {\r\n      checkXxxxxStringCoercion(value);\r\n    };\r\n\r\nManually disabling the rule is usually not necessary because almost all\r\nprod use of the `'' + value` pattern falls into one of the categories\r\nabove. But in the rare cases where the rule isn't smart enough to detect\r\nsafe usage (e.g. when a coercion is inside a nested ternary operator),\r\nmanually disabling the rule will be needed.\r\n\r\nThe rule should also be manually disabled in prod error handling code\r\nwhere `String(value)` should be used for coercions, because it'd be\r\nbad to throw while building an error message or stack trace!\r\n\r\nThe prod and non-prod modes have differentiated error messages to\r\nexplain how to do a proper coercion in that mode.\r\n\r\nIf a production check call is needed but is missing or incorrect\r\n(e.g. not in a DEV block or not immediately before the coercion), then\r\na context-sensitive error message will be reported so that developers\r\ncan figure out what's wrong and how to fix the problem.\r\n\r\nBecause string coercions are now handled by the `safe-string-coercion`\r\nrule, the `no-primitive-constructor` rule no longer flags `String()`\r\nusage. It still flags `new String(value)` because that usage is almost\r\nalways a bug.\r\n\r\n* Add DEV-only string coercion check functions\r\n\r\nThis commit adds DEV-only functions to check whether coercing\r\nvalues to strings using the `'' + value` pattern will throw. If it will\r\nthrow, these functions will:\r\n1. Display a console error with a friendly error message describing\r\n   the problem and the developer can fix it.\r\n2. Perform the coercion, which will throw. Right before the line where\r\n   the throwing happens, there's a long code comment that will help\r\n   debugger users (or others looking at the exception call stack) figure\r\n   out what happened and how to fix the problem.\r\n\r\nOne of these check functions should be called before all string coercion\r\nof user-provided values, except when the the coercion is guaranteed not\r\nto throw, e.g.\r\n* if inside a typeof check like `if (typeof value === 'string')`\r\n* if coercing the result of a unary function like `+value` or `value++`\r\n* if coercing a variable named in a whitelist of numeric identifiers:\r\n  `i`, `idx`, or `lineNumber`.\r\n\r\nThe new `safe-string-coercion` internal ESLint rule enforces that\r\nthese check functions are called when they are required.\r\n\r\nOnly use these check functions in production code that will be bundled\r\nwith user apps.  For non-prod code (and for production error-handling\r\ncode), use `String(value)` instead which may be a little slower but will\r\nnever throw.\r\n\r\n* Add failing tests for string coercion\r\n\r\nAdded failing tests to verify:\r\n* That input, select, and textarea elements with value and defaultValue\r\n  set to Temporal-like objects which will throw when coerced to string\r\n  using the `'' + value` pattern.\r\n* That text elements will throw for Temporal-like objects\r\n* That dangerouslySetInnerHTML will *not* throw for Temporal-like\r\n  objects because this value is not cast to a string before passing to\r\n  the DOM.\r\n* That keys that are Temporal-like objects will throw\r\n\r\nAll tests above validate the friendly error messages thrown.\r\n\r\n* Use `String(value)` for coercion in non-prod files\r\n\r\nThis commit switches non-production code from `'' + value` (which\r\nthrows for Temporal objects and symbols) to instead use `String(value)`\r\nwhich won't throw for these or other future plus-phobic types.\r\n\r\n\""Non-produciton code\"" includes anything not bundled into user apps:\r\n* Tests and test utilities. Note that I didn't change legacy React\r\n  test fixtures because I assumed it was good for those files to\r\n  act just like old React, including coercion behavior.\r\n* Build scripts\r\n* Dev tools package - In addition to switching to `String`, I also\r\n  removed special-case code for coercing symbols which is now\r\n  unnecessary.\r\n\r\n* Add DEV-only string coercion checks to prod files\r\n\r\nThis commit adds DEV-only function calls to to check if string coercion\r\nusing `'' + value` will throw, which it will if the value is a Temporal\r\nobject or a symbol because those types can't be added with `+`.\r\n\r\nIf it will throw, then in DEV these checks will show a console error\r\nto help the user undertsand what went wrong and how to fix the\r\nproblem. After emitting the console error, the check functions will\r\nretry the coercion which will throw with a call stack that's easy (or\r\nat least easier!) to troubleshoot because the exception happens right\r\nafter a long comment explaining the issue. So whether the user is in\r\na debugger, looking at the browser console, or viewing the in-browser\r\nDEV call stack, it should be easy to understand and fix the problem.\r\n\r\nIn most cases, the safe-string-coercion ESLint rule is smart enough to\r\ndetect when a coercion is safe. But in rare cases (e.g. when a coercion\r\nis inside a ternary) this rule will have to be manually disabled.\r\n\r\nThis commit also switches error-handling code to use `String(value)`\r\nfor coercion, because it's bad to crash when you're trying to build\r\nan error message or a call stack!  Because `String()` is usually\r\ndisallowed by the `safe-string-coercion` ESLint rule in production\r\ncode, the rule must be disabled when `String()` is used."",""distinct"":true,""url"":""https://api.github.com/repos/facebook/react/commits/c88fb49d37fd01024e0a254a37b7810d107bdd1d""}]",,,,,,,,,,
18168802806,PullRequestReviewCommentEvent,true,2021-09-27 17:24:46.000000 UTC,29597,bvaughn,10270250,facebook/react,,,,,,,,"""created""",22424,,,,,,,,
18168922448,ForkEvent,true,2021-09-27 17:32:57.000000 UTC,91140575,hasancho,10270250,facebook/react,,,,,,,,,,"""hasancho/react""",,,,,,,
18168657389,WatchEvent,true,2021-09-27 17:15:14.000000 UTC,15971419,Nandolinhares,10270250,facebook/react,,,,,,,,"""started""",,,,,,,,,
18169059181,IssueCommentEvent,true,2021-09-27 17:42:33.000000 UTC,29597,bvaughn,10270250,facebook/react,,,,,,,,"""created""",,,,,,,,,
18168524177,PullRequestEvent,true,2021-09-27 17:06:51.000000 UTC,3624098,acdlite,10270250,facebook/react,,,,,,,,"""closed""",22428,,,,,,,,
18168717274,IssuesEvent,true,2021-09-27 17:19:02.000000 UTC,29597,bvaughn,10270250,facebook/react,,,,,,,,"""closed""",,,,,,,,,
18169305944,IssueCommentEvent,true,2021-09-27 17:59:51.000000 UTC,45209708,ksoze84,10270250,facebook/react,,,,,,,,"""created""",,,,,,,,,
18168560071,PullRequestEvent,true,2021-09-27 17:09:04.000000 UTC,3624098,acdlite,10270250,facebook/react,,,,,,,,"""reopened""",22428,,,,,,,,
18168717209,IssueCommentEvent,true,2021-09-27 17:19:02.000000 UTC,29597,bvaughn,10270250,facebook/react,,,,,,,,"""created""",,,,,,,,,
18168947520,IssuesEvent,true,2021-09-27 17:34:40.000000 UTC,29597,bvaughn,10270250,facebook/react,,,,,,,,"""closed""",,,,,,,,,
18169121188,WatchEvent,true,2021-09-27 17:47:01.000000 UTC,83034016,estiakjoni,17728164,hashicorp/terraform,,,,,,,,"""started""",,,,,,,,,
18169128975,PullRequestReviewEvent,true,2021-09-27 17:47:34.000000 UTC,395077,jlsherrill,4007018,Katello/katello,,,,,,,,"""created""",9667,,,"""commented""","""MEMBER""",,,,
18169216325,IssueCommentEvent,true,2021-09-27 17:53:43.000000 UTC,395077,jlsherrill,4007018,Katello/katello,,,,,,,,"""created""",,,,,,,,,
18169220946,WatchEvent,true,2021-09-27 17:54:02.000000 UTC,68078404,priyanshm07,5108051,opencv/opencv,,,,,,,,"""started""",,,,,,,,,
18169283140,ForkEvent,true,2021-09-27 17:58:20.000000 UTC,87140247,fazilmd11,5108051,opencv/opencv,,,,,,,,,,"""fazilmd11/opencv""",,,,,,,
18169069192,WatchEvent,true,2021-09-27 17:43:16.000000 UTC,1547072,cescobaz,16072585,phoenixframework/phoenix,,,,,,,,"""started""",,,,,,,,,
18168635940,PushEvent,true,2021-09-27 17:13:50.000000 UTC,21195,jfuchs,121814210,primer/react,"""refs/heads/jfuchs/list-items-as""",,,8024587522,1,1,"[{""sha"":""c3d59463d8d0d591fb86dc6f68cb7ec2392e08a2"",""author"":{""name"":""Jonathan Fuchs"",""email"":""90953393b00a913928ea80c24abf4ec53baa1a46@github.com""},""message"":""Add back key"",""distinct"":true,""url"":""https://api.github.com/repos/primer/react/commits/c3d59463d8d0d591fb86dc6f68cb7ec2392e08a2""}]",,,,,,,,,,
18168488044,PullRequestEvent,true,2021-09-27 17:04:44.000000 UTC,49699333,dependabot[bot],1352520,mdn/kuma,,,,,,,,"""opened""",7988,,,,,,,,
18168488463,IssueCommentEvent,true,2021-09-27 17:04:46.000000 UTC,49699333,dependabot[bot],1352520,mdn/kuma,,,,,,,,"""created""",,,,,,,,,
18168476819,PullRequestEvent,true,2021-09-27 17:04:04.000000 UTC,49699333,dependabot[bot],1352520,mdn/kuma,,,,,,,,"""opened""",7987,,,,,,,,
18168488837,DeleteEvent,true,2021-09-27 17:04:47.000000 UTC,49699333,dependabot[bot],1352520,mdn/kuma,"""dependabot/pip/newrelic-6.10.0.165""","""branch""","""user""",,,,,,,,,,,,,,
18168477119,CreateEvent,true,2021-09-27 17:04:05.000000 UTC,49699333,dependabot[bot],1352520,mdn/kuma,"""dependabot/pip/elasticsearch-7.15.0""","""branch""","""user""",,,,,,,,,,,,,,
18168930830,PushEvent,true,2021-09-27 17:33:31.000000 UTC,56741989,copybara-service[bot],45717250,tensorflow/tensorflow,"""refs/heads/master""",,,8024729015,1,1,"[{""sha"":""9f3428bf8fc5eaaea388a93e775521e80513bbaa"",""author"":{""name"":""Karim Nosir"",""email"":""b18ad2d0fce287112ab07dfc92c989dd2697c06d@google.com""},""message"":""[lite] Update analyze-variables pass to allow resource to be passed to TFLite control flow ops (If, While, CallOnce) these pass the resources for other ops inside the functions, if any of the other ops that use the resources are not supported we shouldn't enable variables. This should be handled since we inspect all ops in the graph.\n\nPiperOrigin-RevId: 399222824\nChange-Id: I0546d8abc9f72d3d9f0247e72910b6bfaf24f339"",""distinct"":true,""url"":""https://api.github.com/repos/tensorflow/tensorflow/commits/9f3428bf8fc5eaaea388a93e775521e80513bbaa""}]",,,,,,,,,,
18169262788,PushEvent,true,2021-09-27 17:56:59.000000 UTC,56741989,copybara-service[bot],45717250,tensorflow/tensorflow,"""refs/heads/master""",,,8024888715,1,1,"[{""sha"":""b7ae5f28b4b55098ae64ed2bcab21f6e29d5abee"",""author"":{""name"":""Loren Maggiore"",""email"":""732e634f45d84bb523433be99816fb1504e48096@google.com""},""message"":""Simplify MemcpyRewritePattern by using the MemcpyOpAdaptor.\n\nPiperOrigin-RevId: 399226638\nChange-Id: Iebccf00cdce622d33e40f8a98704d09d8139dbed"",""distinct"":true,""url"":""https://api.github.com/repos/tensorflow/tensorflow/commits/b7ae5f28b4b55098ae64ed2bcab21f6e29d5abee""}]",,,,,,,,,,
18168603774,IssueCommentEvent,true,2021-09-27 17:11:46.000000 UTC,12016207,trentlo,45717250,tensorflow/tensorflow,,,,,,,,"""created""",,,,,,,,,
18168887929,WatchEvent,true,2021-09-27 17:30:38.000000 UTC,88909614,JordanCautious,45717250,tensorflow/tensorflow,,,,,,,,"""started""",,,,,,,,,
18169106934,PushEvent,true,2021-09-27 17:46:02.000000 UTC,56741989,copybara-service[bot],45717250,tensorflow/tensorflow,"""refs/heads/master""",,,8024815214,1,1,"[{""sha"":""3d8ec6b4caba1af7c4ee5955a9bb035296ac13f2"",""author"":{""name"":""Kuangyuan Chen"",""email"":""aa926aa014ad01d64759a4230e567ab87731ebc4@google.com""},""message"":""Internal TFRT change\n\nPiperOrigin-RevId: 399225347\nChange-Id: I5cfcbb6d5fd4723ef548320ca82cb0844422795b"",""distinct"":true,""url"":""https://api.github.com/repos/tensorflow/tensorflow/commits/3d8ec6b4caba1af7c4ee5955a9bb035296ac13f2""}]",,,,,,,,,,
18168845173,PullRequestReviewEvent,true,2021-09-27 17:27:44.000000 UTC,348959,cheshire,45717250,tensorflow/tensorflow,,,,,,,,"""created""",51353,,,"""approved""","""MEMBER""",,,,
18169245558,CreateEvent,true,2021-09-27 17:55:47.000000 UTC,6027,jhaynie,390171312,pinpt/react,"""image-speedups""","""branch""","""user""",,,,,,,,,,,,,,
18168540321,PullRequestEvent,true,2021-09-27 17:07:50.000000 UTC,11245037,Qjammer,7691631,moby/moby,,,,,,,,"""opened""",42890,,,,,,,,
18169179651,PullRequestEvent,true,2021-09-27 17:51:09.000000 UTC,16622747,10sa,97969812,NebulousCloud/helix,,,,,,,,"""closed""",242,,,,,,,,
18168434924,CreateEvent,true,2021-09-27 17:01:36.000000 UTC,45942572,SiarheiSakharevich,337402726,saby/react,"""21.5100/mergerator/270921_200125""","""branch""","""user""",,,,,,,,,,,,,,
18157213019,IssuesEvent,true,2021-09-27 04:20:46.000000 UTC,19588788,CrazyHZM,4710920,apache/dubbo,,,,,,,,"""closed""",,,,,,,,,
18157487237,WatchEvent,true,2021-09-27 04:58:02.000000 UTC,45851782,on3dd,16072585,phoenixframework/phoenix,,,,,,,,"""started""",,,,,,,,,
18157192163,PushEvent,true,2021-09-27 04:18:13.000000 UTC,43738445,seokyoungkim,386197947,seokyoungkim/terraform,"""refs/heads/main""",,,8019231016,1,1,"[{""sha"":""431c8c5e182fad0f2b9dfe7463afd65e772f5a8e"",""author"":{""name"":""root"",""email"":""dc76e9f0c0006e8f919e0c515c66dbba3982f785@bastion.novalocal""},""message"":""updates"",""distinct"":true,""url"":""https://api.github.com/repos/seokyoungkim/terraform/commits/431c8c5e182fad0f2b9dfe7463afd65e772f5a8e""}]",,,,,,,,,,
18157259083,PushEvent,true,2021-09-27 04:26:20.000000 UTC,40652892,zrlw,382837484,zrlw/dubbo,"""refs/heads/patch-MultiMessageHandler""",,,8019263211,4,1,"[{""sha"":""84346e7ac5652a43d30c2dc97380de059b0b9ffd"",""author"":{""name"":""earthchen"",""email"":""3e0bd8c7f32133a058973e69e24ef8c7f65fc316@duobei.com""},""message"":""[3.0-Triple] Add handler for reset frame (#8871)\n\n* handler rst frame\r\n\r\n* fix license\r\n\r\n* fix style\r\n\r\n* Move CancelContext into ServiceContext\r\n\r\n* optimize rst frame handler\r\n\r\n* change CancellationContext sync method\r\n\r\n* remove unreachable code\r\n\r\n* fix checkstyle"",""distinct"":false,""url"":""https://api.github.com/repos/zrlw/dubbo/commits/84346e7ac5652a43d30c2dc97380de059b0b9ffd""},{""sha"":""6a79caffe59396acea7ebacecbc4388917065512"",""author"":{""name"":""earthchen"",""email"":""3e0bd8c7f32133a058973e69e24ef8c7f65fc316@duobei.com""},""message"":""optimize triple server send frame error handler (#8922)"",""distinct"":false,""url"":""https://api.github.com/repos/zrlw/dubbo/commits/6a79caffe59396acea7ebacecbc4388917065512""},{""sha"":""8e4d9f694ccf990b386b5feb7490e89fb2334268"",""author"":{""name"":""Lei Zhiyuan"",""email"":""ae64b05349075ebed9aa2e04ab1c255c769ba1ee@gmail.com""},""message"":""fix: registry cast to AbstractRegistry error in telnet (#8619)\n\n* chore:add @Override for some methods\r\n\r\n* chore:delete unused import\r\n\r\n* chore:checkstyle"",""distinct"":false,""url"":""https://api.github.com/repos/zrlw/dubbo/commits/8e4d9f694ccf990b386b5feb7490e89fb2334268""},{""sha"":""63b6c02a0b093ac551650feb2d950f376d1434dd"",""author"":{""name"":""zrlw"",""email"":""c3ee052b6ab7be3c31be82ee641dda519078ac4b@sina.com""},""message"":""Merge branch '3.0' into patch-MultiMessageHandler"",""distinct"":true,""url"":""https://api.github.com/repos/zrlw/dubbo/commits/63b6c02a0b093ac551650feb2d950f376d1434dd""}]",,,,,,,,,,
18157399628,PushEvent,true,2021-09-27 04:45:41.000000 UTC,68405781,rameshaol1,401517723,rameshaol1/terraform,"""refs/heads/master""",,,8019333200,1,1,"[{""sha"":""e688f7d0390864d0689e8f1e34e1b9adcc2bd660"",""author"":{""name"":""Ramesh Kasula"",""email"":""6e10a99df20249d5bdeef8674417531c0a64b232@gmail.com""},""message"":""commented  aws secret key  variable"",""distinct"":true,""url"":""https://api.github.com/repos/rameshaol1/terraform/commits/e688f7d0390864d0689e8f1e34e1b9adcc2bd660""}]",,,,,,,,,,
18157273713,PushEvent,true,2021-09-27 04:28:08.000000 UTC,11639412,GulajavaMinistudio,186142742,GulajavaMinistudio/tensorflow,"""refs/heads/master""",,,8019270273,14,14,"[{""sha"":""fbe0f4cc644284d03058629f6d821b28792ba8f1"",""author"":{""name"":""A. Unique TensorFlower"",""email"":""746aced590a184ef4169166e753f7c211e32e5fc@tensorflow.org""},""message"":""Go: Update generated wrapper functions for TensorFlow ops.\n\nPiperOrigin-RevId: 398961234\nChange-Id: Iab85cf2e863511acbc90f3a199891ad770f10cbc"",""distinct"":true,""url"":""https://api.github.com/repos/GulajavaMinistudio/tensorflow/commits/fbe0f4cc644284d03058629f6d821b28792ba8f1""},{""sha"":""9f20526122e4fc84f74b224db0a4c7101d9421dd"",""author"":{""name"":""A. Unique TensorFlower"",""email"":""746aced590a184ef4169166e753f7c211e32e5fc@tensorflow.org""},""message"":""Go: Update generated wrapper functions for TensorFlow ops.\n\nPiperOrigin-RevId: 398970202\nChange-Id: I1482ad70dc9deeebdd29ad8577be15ec0ecbf399"",""distinct"":true,""url"":""https://api.github.com/repos/GulajavaMinistudio/tensorflow/commits/9f20526122e4fc84f74b224db0a4c7101d9421dd""},{""sha"":""9f46ec76df5754fb9f6103bbf82bc8a5038f71dc"",""author"":{""name"":""A. Unique TensorFlower"",""email"":""746aced590a184ef4169166e753f7c211e32e5fc@tensorflow.org""},""message"":""Go: Update generated wrapper functions for TensorFlow ops.\n\nPiperOrigin-RevId: 398988524\nChange-Id: Ie0bc89d0593129eac4ebac6de6633100650c9ca1"",""distinct"":true,""url"":""https://api.github.com/repos/GulajavaMinistudio/tensorflow/commits/9f46ec76df5754fb9f6103bbf82bc8a5038f71dc""},{""sha"":""4516c9dd4b2a47d14c0d2aa1516ca0fbd79aecec"",""author"":{""name"":""A. Unique TensorFlower"",""email"":""746aced590a184ef4169166e753f7c211e32e5fc@tensorflow.org""},""message"":""compat: Update forward compatibility horizon to 2021-09-26\n\nPiperOrigin-RevId: 399008805\nChange-Id: Ieee4bfa9d3afd046df47eb5972136592ae3e7a20"",""distinct"":true,""url"":""https://api.github.com/repos/GulajavaMinistudio/tensorflow/commits/4516c9dd4b2a47d14c0d2aa1516ca0fbd79aecec""},{""sha"":""67535121544bf0f702df3b2fd97ee130cff9fe5f"",""author"":{""name"":""A. Unique TensorFlower"",""email"":""746aced590a184ef4169166e753f7c211e32e5fc@tensorflow.org""},""message"":""Update GraphDef version to 901.\n\nPiperOrigin-RevId: 399008806\nChange-Id: I1d91cb1a207f040a1841037dc6c1ff6eba9d6c6b"",""distinct"":true,""url"":""https://api.github.com/repos/GulajavaMinistudio/tensorflow/commits/67535121544bf0f702df3b2fd97ee130cff9fe5f""},{""sha"":""2d165079cf95b9945619d6b294681d605ad3e2fe"",""author"":{""name"":""A. Unique TensorFlower"",""email"":""746aced590a184ef4169166e753f7c211e32e5fc@tensorflow.org""},""message"":""Go: Update generated wrapper functions for TensorFlow ops.\n\nPiperOrigin-RevId: 399017587\nChange-Id: I0e3c064d79a0554ef5ade59a1f83b9f41e16ac5a"",""distinct"":true,""url"":""https://api.github.com/repos/GulajavaMinistudio/tensorflow/commits/2d165079cf95b9945619d6b294681d605ad3e2fe""},{""sha"":""37cacc485defb9855c4983326cbed48da684b8e5"",""author"":{""name"":""Blake Hechtman"",""email"":""b7e6ede6c0dce642aea514111977e2ba2248ed91@google.com""},""message"":""[XLA] Correctly handle the types of zeros in dot and convolution since they natively support mixed precision.\n\nPiperOrigin-RevId: 399032916\nChange-Id: Id55552d05f4fe6f14f9be7628d1c9d86e03fa646"",""distinct"":true,""url"":""https://api.github.com/repos/GulajavaMinistudio/tensorflow/commits/37cacc485defb9855c4983326cbed48da684b8e5""},{""sha"":""be2e72640722086b8382054a5ad438ee997fbc5d"",""author"":{""name"":""A. Unique TensorFlower"",""email"":""746aced590a184ef4169166e753f7c211e32e5fc@tensorflow.org""},""message"":""Go: Update generated wrapper functions for TensorFlow ops.\n\nPiperOrigin-RevId: 399054855\nChange-Id: Ic2149ac84967db0c9ae2f044c0ccb8888366f2d2"",""distinct"":true,""url"":""https://api.github.com/repos/GulajavaMinistudio/tensorflow/commits/be2e72640722086b8382054a5ad438ee997fbc5d""},{""sha"":""305d30ce6130d0d621746a59dc3116c5824ab523"",""author"":{""name"":""Mehdi Amini"",""email"":""808100943be7b7010123d78912f654820a5ee1c1@google.com""},""message"":""Fix MSAN failure in TF-XLA lowering\n\nThis is an issue with an ArrayRef with content going out of scope at the end of the expression.\n\nPiperOrigin-RevId: 399055398\nChange-Id: Ieb7c4c1ce3cf77b5000553fb13b254961f187bd3"",""distinct"":true,""url"":""https://api.github.com/repos/GulajavaMinistudio/tensorflow/commits/305d30ce6130d0d621746a59dc3116c5824ab523""},{""sha"":""e05e0f6068c55056c7be00e7c4e8281cafde59cf"",""author"":{""name"":""A. Unique TensorFlower"",""email"":""746aced590a184ef4169166e753f7c211e32e5fc@tensorflow.org""},""message"":""Go: Update generated wrapper functions for TensorFlow ops.\n\nPiperOrigin-RevId: 399083662\nChange-Id: I7025a7710ac2582f05cdcd4116b654fddc658a53"",""distinct"":true,""url"":""https://api.github.com/repos/GulajavaMinistudio/tensorflow/commits/e05e0f6068c55056c7be00e7c4e8281cafde59cf""},{""sha"":""9aecb36fa51c64e07b38e00639bec87a992c3170"",""author"":{""name"":""Jing Dong"",""email"":""d30e2b8d11e514c224487cb7c6b7b0ab8b9fd9fd@google.com""},""message"":""Move tpu_runner out of experimental directory as it is now being deployed in prodution.\n\nWe will move the test files and tpu_fused_kernel directory out of the experimental directory in follow up CLs.\n\nPiperOrigin-RevId: 399087254\nChange-Id: Ifddeb5f7eba9ae87eaf8edcc4a914aa17ebb3e63"",""distinct"":true,""url"":""https://api.github.com/repos/GulajavaMinistudio/tensorflow/commits/9aecb36fa51c64e07b38e00639bec87a992c3170""},{""sha"":""d9d2b4498923dde31cce0e7d2f0e0f828a591a98"",""author"":{""name"":""Thai Nguyen"",""email"":""77c7cb715bbfb6a72d1c8dd380160fd6eb2ba9c0@google.com""},""message"":""Refactoring: Move all metric-related code to a common directory\n\nThis makes the file structure cleaner as it collects all metric-related file under \""lite/python/\"" and it makes more sense for \""converter_error_data.proto\"" to stay under a directory named \""metrics\"" than \""metrics_wrapper\"".\n\nBesides, at the moment, if we want to add a new metric-related file, we have to choose between adding it to \""metrics_wrapper\"" (which might not match the purpose of the new file) and \""lite/python/\"" (which is too general and already crowded). Having a \""metrics\"" directory will fill that gap.\n\nPiperOrigin-RevId: 399091254\nChange-Id: I789eca7d8699b2c786b6c4b6e8f2c6daf8f9a369"",""distinct"":true,""url"":""https://api.github.com/repos/GulajavaMinistudio/tensorflow/commits/d9d2b4498923dde31cce0e7d2f0e0f828a591a98""},{""sha"":""866bade85dec9a231350201fb147f9381eee55c7"",""author"":{""name"":""Stella Laurenzo"",""email"":""6e272f397544edbefaff5c117839061e3c31e01f@google.com""},""message"":""Remove deprecation on int64 type.\n\nI have half a million lines of log-spew in my CI from this and clearly there has been ~no effort in the codebase to actually stop using it. Please do not deprecate such a critical type until at least its own codebase has substantially migrated off of it.\n\nPiperOrigin-RevId: 399093429\nChange-Id: I807d9e6c79c4c33f4a50f88ba28fe5fda194ddd4"",""distinct"":true,""url"":""https://api.github.com/repos/GulajavaMinistudio/tensorflow/commits/866bade85dec9a231350201fb147f9381eee55c7""},{""sha"":""3c4c088222f5a3c3650f7e39a2aa44a24f160f48"",""author"":{""name"":""Gulajava Ministudio"",""email"":""1ff73c2ceb395acef4afc3587c2f4722188e378a@users.noreply.github.com""},""message"":""Merge pull request #552 from tensorflow/master\n\nCreate a new pull request by comparing"",""distinct"":true,""url"":""https://api.github.com/repos/GulajavaMinistudio/tensorflow/commits/3c4c088222f5a3c3650f7e39a2aa44a24f160f48""}]",,,,,,,,,,
18157334025,PullRequestEvent,true,2021-09-27 04:36:16.000000 UTC,40652892,zrlw,4710920,apache/dubbo,,,,,,,,"""reopened""",8882,,,,,,,,
18157334600,PullRequestEvent,true,2021-09-27 04:36:21.000000 UTC,37929162,mergify[bot],175425051,kumahq/kuma,,,,,,,,"""opened""",2836,,,,,,,,
18157327366,PushEvent,true,2021-09-27 04:35:20.000000 UTC,68405781,rameshaol1,401517723,rameshaol1/terraform,"""refs/heads/master""",,,8019297078,1,1,"[{""sha"":""3e01569c693f76877b2365a236a5e08979ea47d9"",""author"":{""name"":""Ramesh Kasula"",""email"":""6e10a99df20249d5bdeef8674417531c0a64b232@gmail.com""},""message"":""modified files for nginx"",""distinct"":true,""url"":""https://api.github.com/repos/rameshaol1/terraform/commits/3e01569c693f76877b2365a236a5e08979ea47d9""}]",,,,,,,,,,
18157330068,PushEvent,true,2021-09-27 04:35:42.000000 UTC,9917,jpeach,175425051,kumahq/kuma,"""refs/heads/master""",,,8019298437,1,1,"[{""sha"":""511eeb99307ee4a524c213b60ce542ec789087e7"",""author"":{""name"":""James Peach"",""email"":""cfb385863e43a54966ce6ee8158f84aabd7009b9@konghq.com""},""message"":""feat(kuma-cp) add GatewayRoute route generation (#2782)\n\nAdd machinery to generate Envoy routes from GatewayRoute resources. This\r\nis split into a generator that translates GatewayRoute resources into a\r\ngeneric route table structure, and a generator that translates the generic\r\nstructure into Envoy resources. The generic route table structure provides\r\nan API-independent way to configure Envoy.\r\n\r\nThis change only generates routes (not cluster or endpoints), but the full\r\nsemantics of GatewayRoute are supported, including path prefix matches,\r\nmultiple match criteria and correct route match ordering.\r\n\r\nSigned-off-by: James Peach <james.peach@konghq.com>"",""distinct"":true,""url"":""https://api.github.com/repos/kumahq/kuma/commits/511eeb99307ee4a524c213b60ce542ec789087e7""}]",,,,,,,,,,
18157247523,PullRequestEvent,true,2021-09-27 04:24:59.000000 UTC,11639412,GulajavaMinistudio,186142742,GulajavaMinistudio/tensorflow,,,,,,,,"""opened""",552,,,,,,,,
18157106437,PushEvent,true,2021-09-27 04:08:22.000000 UTC,86995,jaredLunde,220740627,dash-ui/react,"""refs/heads/main""",,,8019191076,1,1,"[{""sha"":""a780a58cbcf9fc1191d6d4b0c4d817a35c7481ad"",""author"":{""name"":""Jared Lunde"",""email"":""f6e551735549ff947a67517b75512f56835f474b@gmail.com""},""message"":""chore: fix lint script"",""distinct"":true,""url"":""https://api.github.com/repos/dash-ui/react/commits/a780a58cbcf9fc1191d6d4b0c4d817a35c7481ad""}]",,,,,,,,,,
18157280417,WatchEvent,true,2021-09-27 04:29:01.000000 UTC,837213,mike1o1,16072585,phoenixframework/phoenix,,,,,,,,"""started""",,,,,,,,,
18157334547,CreateEvent,true,2021-09-27 04:36:20.000000 UTC,37929162,mergify[bot],175425051,kumahq/kuma,"""mergify/bp/release-1.3/pr-2782""","""branch""","""user""",,,,,,,,,,,,,,
18157184761,IssuesEvent,true,2021-09-27 04:17:20.000000 UTC,19588788,CrazyHZM,4710920,apache/dubbo,,,,,,,,"""closed""",,,,,,,,,
18157447460,PushEvent,true,2021-09-27 04:52:32.000000 UTC,56741989,copybara-service[bot],45717250,tensorflow/tensorflow,"""refs/heads/master""",,,8019356496,1,1,"[{""sha"":""e37a3a8341b1d4a600d82abe5daa8d79ad5f59cd"",""author"":{""name"":""A. Unique TensorFlower"",""email"":""746aced590a184ef4169166e753f7c211e32e5fc@tensorflow.org""},""message"":""Go: Update generated wrapper functions for TensorFlow ops.\n\nPiperOrigin-RevId: 399104960\nChange-Id: I49bb85868f907fcefe5da405f0978242e9337999"",""distinct"":true,""url"":""https://api.github.com/repos/tensorflow/tensorflow/commits/e37a3a8341b1d4a600d82abe5daa8d79ad5f59cd""}]",,,,,,,,,,
18157256444,IssueCommentEvent,true,2021-09-27 04:26:02.000000 UTC,19588788,CrazyHZM,4710920,apache/dubbo,,,,,,,,"""created""",,,,,,,,,
18157255702,ForkEvent,true,2021-09-27 04:25:58.000000 UTC,48327342,jjia0522,10270250,facebook/react,,,,,,,,,,"""jjia0522/react""",,,,,,,
18157348320,PushEvent,true,2021-09-27 04:38:15.000000 UTC,50351133,Sasayaki7,381237919,Sasayaki7/opencv,"""refs/heads/master""",,,8019307448,1,1,"[{""sha"":""aecc54c0a7fff3e1948fa12c1223fe375c363e66"",""author"":{""name"":""Sasayaki7"",""email"":""ef7c4f528132578296dc539ec8a4989ce6e6ad10@hotmail.com""},""message"":""added cors"",""distinct"":true,""url"":""https://api.github.com/repos/Sasayaki7/opencv/commits/aecc54c0a7fff3e1948fa12c1223fe375c363e66""}]",,,,,,,,,,
18157488709,PushEvent,true,2021-09-27 04:58:15.000000 UTC,10150602,Corefinder89,379685044,Corefinder89/phoenix,"""refs/heads/configmgmt""",,,8019378067,1,1,"[{""sha"":""6b7dc0187a9c45578716c44356894b1e5c945ed5"",""author"":{""name"":""Corefinder89"",""email"":""2ae758db3ad47a04c09cf8112cb9f028ac9e4c1f@outlook.com""},""message"":""Add playbook.yml mods for db config"",""distinct"":true,""url"":""https://api.github.com/repos/Corefinder89/phoenix/commits/6b7dc0187a9c45578716c44356894b1e5c945ed5""}]",,,,,,,,,,
18157041901,DeleteEvent,true,2021-09-27 04:01:40.000000 UTC,45942572,SiarheiSakharevich,337402726,saby/react,"""21.5100/mergerator/270921_070130""","""branch""","""user""",,,,,,,,,,,,,,
18157183809,WatchEvent,true,2021-09-27 04:17:14.000000 UTC,28055438,Leihb,10270250,facebook/react,,,,,,,,"""started""",,,,,,,,,
18157287049,ForkEvent,true,2021-09-27 04:29:53.000000 UTC,64147100,MohammedNayaz,5108051,opencv/opencv,,,,,,,,,,"""MohammedNayaz/opencv""",,,,,,,
18157298427,WatchEvent,true,2021-09-27 04:31:20.000000 UTC,55495220,thienkt,135786093,typescript-cheatsheets/react,,,,,,,,"""started""",,,,,,,,,
18157414287,CreateEvent,true,2021-09-27 04:47:51.000000 UTC,10150602,Corefinder89,379685044,Corefinder89/phoenix,"""configmgmt""","""branch""","""user""",,,,,,,,,,,,,,
18157449181,PullRequestReviewEvent,true,2021-09-27 04:52:46.000000 UTC,9917,jpeach,175425051,kumahq/kuma,,,,,,,,"""created""",2819,,,"""commented""","""CONTRIBUTOR""",,,,
18157462929,PushEvent,true,2021-09-27 04:54:38.000000 UTC,68405781,rameshaol1,401517723,rameshaol1/terraform,"""refs/heads/master""",,,8019365038,1,1,"[{""sha"":""fdd16e13d0964d9194cfbe67d56390dc5e4ca11d"",""author"":{""name"":""Ramesh Kasula"",""email"":""6e10a99df20249d5bdeef8674417531c0a64b232@gmail.com""},""message"":""USERNAME spelling correction"",""distinct"":true,""url"":""https://api.github.com/repos/rameshaol1/terraform/commits/fdd16e13d0964d9194cfbe67d56390dc5e4ca11d""}]",,,,,,,,,,
18157085363,IssueCommentEvent,true,2021-09-27 04:06:10.000000 UTC,3624098,acdlite,10270250,facebook/react,,,,,,,,"""created""",,,,,,,,,
18157231237,PushEvent,true,2021-09-27 04:23:00.000000 UTC,40652892,zrlw,382837484,zrlw/dubbo,"""refs/heads/3.0""",,,8019249695,1,1,"[{""sha"":""8e4d9f694ccf990b386b5feb7490e89fb2334268"",""author"":{""name"":""Lei Zhiyuan"",""email"":""ae64b05349075ebed9aa2e04ab1c255c769ba1ee@gmail.com""},""message"":""fix: registry cast to AbstractRegistry error in telnet (#8619)\n\n* chore:add @Override for some methods\r\n\r\n* chore:delete unused import\r\n\r\n* chore:checkstyle"",""distinct"":true,""url"":""https://api.github.com/repos/zrlw/dubbo/commits/8e4d9f694ccf990b386b5feb7490e89fb2334268""}]",,,,,,,,,,
18157239268,WatchEvent,true,2021-09-27 04:23:58.000000 UTC,26427048,leochoo,135786093,typescript-cheatsheets/react,,,,,,,,"""started""",,,,,,,,,
18157284546,CreateEvent,true,2021-09-27 04:29:33.000000 UTC,90497087,harishbunicorn,410741348,harishbunicorn/react,,"""repository""","""user""",,,,,,,,,,,,,,
18157449953,PullRequestEvent,true,2021-09-27 04:52:52.000000 UTC,417268,pksjce,121814210,primer/react,,,,,,,,"""opened""",1466,,,,,,,,
18157193675,WatchEvent,true,2021-09-27 04:18:25.000000 UTC,72373184,ShlokMohta,45717250,tensorflow/tensorflow,,,,,,,,"""started""",,,,,,,,,
18157256221,WatchEvent,true,2021-09-27 04:26:01.000000 UTC,33369354,cobed95,17728164,hashicorp/terraform,,,,,,,,"""started""",,,,,,,,,
18157270357,PullRequestEvent,true,2021-09-27 04:27:43.000000 UTC,11639412,GulajavaMinistudio,186142742,GulajavaMinistudio/tensorflow,,,,,,,,"""closed""",552,,,,,,,,
18157192295,IssueCommentEvent,true,2021-09-27 04:18:14.000000 UTC,19588788,CrazyHZM,4710920,apache/dubbo,,,,,,,,"""created""",,,,,,,,,
18157371257,ForkEvent,true,2021-09-27 04:41:30.000000 UTC,29221564,Alekhine51,268424739,helix-editor/helix,,,,,,,,,,"""Alekhine51/helix""",,,,,,,
18157407843,PushEvent,true,2021-09-27 04:46:52.000000 UTC,90497087,harishbunicorn,410741348,harishbunicorn/react,"""refs/heads/main""",,,8019337262,1,1,"[{""sha"":""9b0e3f90669ec898724dbce51e0cb0d0af400b2c"",""author"":{""name"":""harishbunicorn"",""email"":""33e835687f3e557c0a245ef8caf27db456798ef5@gmail.com""},""message"":""first javascript program"",""distinct"":true,""url"":""https://api.github.com/repos/harishbunicorn/react/commits/9b0e3f90669ec898724dbce51e0cb0d0af400b2c""}]",,,,,,,,,,
18157430045,PushEvent,true,2021-09-27 04:50:08.000000 UTC,9917,jpeach,370223521,jpeach/kuma,"""refs/heads/feat/gateway-route-clusters""",,,8019348428,6,2,"[{""sha"":""9e82ca5edc2ec671edbe8807232a1b075c17692b"",""author"":{""name"":""Bart Smykla"",""email"":""1510bcc82b444bd3d94fed33ba1fa2e72fc0e429@smykla.com""},""message"":""chore(*) small adjustments for windows compilation (#2827)\n\nHad to move config.go to separate package as when it was in istio\r\ndirictory, when compiling for windows it was failing as it was\r\ntrying to compile all transparent proxy logic, which is unix os\r\nspecific\r\n\r\nAlso adjusted sockets code to produce valid paths of unix sockets\r\nfor envoy logs for any os\r\n\r\nSigned-off-by: Bart Smykla <bartek@smykla.com>"",""distinct"":false,""url"":""https://api.github.com/repos/jpeach/kuma/commits/9e82ca5edc2ec671edbe8807232a1b075c17692b""},{""sha"":""281197217c6e416b2a8521a4f38deaf9b3023ac9"",""author"":{""name"":""Mike"",""email"":""53b3d0470b05de37d2250f66cb4dc127ca343f1d@users.noreply.github.com""},""message"":""docs(OWNERS.md) add Mike Beaumont (#2831)\n\nSigned-off-by: Michael Beaumont <mjboamail@gmail.com>"",""distinct"":false,""url"":""https://api.github.com/repos/jpeach/kuma/commits/281197217c6e416b2a8521a4f38deaf9b3023ac9""},{""sha"":""4bf896a4c0eac0839a232a221e7d49fe6af1202b"",""author"":{""name"":""Mike"",""email"":""53b3d0470b05de37d2250f66cb4dc127ca343f1d@users.noreply.github.com""},""message"":""fix(kumactl) Only warn about version compatibility where it makes sense (#2828)\n\n* fix(kumactl) Add method to check server version compatibility\r\n\r\nAlso remove logging with the k8s logger\r\n\r\nSigned-off-by: Michael Beaumont <mjboamail@gmail.com>\r\n\r\n* fix(kumactl) Only warn about version compatibility where it makes sense\r\n\r\nWarn for: apply, delete, generate, get, inspect\r\nDon't warn for: completion, config, install, uninstall, version\r\n\r\nSigned-off-by: Michael Beaumont <mjboamail@gmail.com>"",""distinct"":false,""url"":""https://api.github.com/repos/jpeach/kuma/commits/4bf896a4c0eac0839a232a221e7d49fe6af1202b""},{""sha"":""13df4cfb3e448c47783ece9d16cb911867014a4f"",""author"":{""name"":""James Peach"",""email"":""cfb385863e43a54966ce6ee8158f84aabd7009b9@konghq.com""},""message"":""fix(kuma-cp) remove insight update rate limit burst (#2825)\n\nThe token burst that is configured for the insight update rate limit\r\nallows the update rate to burst up to 50 times before stabilizing to the\r\ndesired rate. This would typically happen when kuma-cp starts up and all\r\nthe dataplanes reconnect, which is precisely the time when you want the\r\nrate limit to apply for operational stability.\r\n\r\nSigned-off-by: James Peach <james.peach@konghq.com>"",""distinct"":false,""url"":""https://api.github.com/repos/jpeach/kuma/commits/13df4cfb3e448c47783ece9d16cb911867014a4f""},{""sha"":""511eeb99307ee4a524c213b60ce542ec789087e7"",""author"":{""name"":""James Peach"",""email"":""cfb385863e43a54966ce6ee8158f84aabd7009b9@konghq.com""},""message"":""feat(kuma-cp) add GatewayRoute route generation (#2782)\n\nAdd machinery to generate Envoy routes from GatewayRoute resources. This\r\nis split into a generator that translates GatewayRoute resources into a\r\ngeneric route table structure, and a generator that translates the generic\r\nstructure into Envoy resources. The generic route table structure provides\r\nan API-independent way to configure Envoy.\r\n\r\nThis change only generates routes (not cluster or endpoints), but the full\r\nsemantics of GatewayRoute are supported, including path prefix matches,\r\nmultiple match criteria and correct route match ordering.\r\n\r\nSigned-off-by: James Peach <james.peach@konghq.com>"",""distinct"":true,""url"":""https://api.github.com/repos/jpeach/kuma/commits/511eeb99307ee4a524c213b60ce542ec789087e7""},{""sha"":""3cc2c4ce76185e15d82c05a40c94508d8210e31a"",""author"":{""name"":""James Peach"",""email"":""cfb385863e43a54966ce6ee8158f84aabd7009b9@konghq.com""},""message"":""feat(kuma-cp) generate GatewayRoute clusters\n\nAdd cluster and load assignment support to the GatewayRoute generator.\nThis makes simple end-to-end Gateway configurations work.\n\nSigned-off-by: James Peach <james.peach@konghq.com>"",""distinct"":true,""url"":""https://api.github.com/repos/jpeach/kuma/commits/3cc2c4ce76185e15d82c05a40c94508d8210e31a""}]",,,,,,,,,,
18157262127,CreateEvent,true,2021-09-27 04:26:42.000000 UTC,67869620,dylan1607,410740884,dylan1607/react,,"""repository""","""user""",,,,,,,,,,,,,,
18157067882,CreateEvent,true,2021-09-27 04:04:24.000000 UTC,91447374,csterry34,410736756,csterry34/react,,"""repository""","""user""",,,,,,,,,,,,,,
18157233759,WatchEvent,true,2021-09-27 04:23:18.000000 UTC,12890610,wfs498121294,5108051,opencv/opencv,,,,,,,,"""started""",,,,,,,,,
18157256486,IssuesEvent,true,2021-09-27 04:26:03.000000 UTC,19588788,CrazyHZM,4710920,apache/dubbo,,,,,,,,"""closed""",,,,,,,,,
18157068497,CreateEvent,true,2021-09-27 04:04:29.000000 UTC,91447374,csterry34,410736756,csterry34/react,"""main""","""branch""","""user""",,,,,,,,,,,,,,
18157207460,IssuesEvent,true,2021-09-27 04:20:05.000000 UTC,19588788,CrazyHZM,4710920,apache/dubbo,,,,,,,,"""closed""",,,,,,,,,
18157234035,ForkEvent,true,2021-09-27 04:23:20.000000 UTC,73719189,Adam-sHub,17728164,hashicorp/terraform,,,,,,,,,,"""Adam-sHub/terraform""",,,,,,,
18157355336,ForkEvent,true,2021-09-27 04:39:17.000000 UTC,5343978,vestigegroup,135786093,typescript-cheatsheets/react,,,,,,,,,,"""vestigegroup/react-1""",,,,,,,
18157045955,PushEvent,true,2021-09-27 04:02:04.000000 UTC,25278283,x-shadow-man,401980464,x-shadow-man/dubbo,"""refs/heads/feature/remove-configServerPipeline-SimpleChannelInboundHandler""",,,8019164014,5,1,"[{""sha"":""1750ba63733a5f2f0b4b3f6a0e7b51bab761228b"",""author"":{""name"":""Smile"",""email"":""69465755f95757ad0d2d2e64e6853de1499ae734@qq.com""},""message"":""Merge branch '3.0' into 3.0"",""distinct"":false,""url"":""https://api.github.com/repos/x-shadow-man/dubbo/commits/1750ba63733a5f2f0b4b3f6a0e7b51bab761228b""},{""sha"":""770d23ef2308526c5965d32cd98d525ec7e4e002"",""author"":{""name"":""x-shadow-man"",""email"":""69465755f95757ad0d2d2e64e6853de1499ae734@qq.com""},""message"":""1.merge 3.0"",""distinct"":false,""url"":""https://api.github.com/repos/x-shadow-man/dubbo/commits/770d23ef2308526c5965d32cd98d525ec7e4e002""},{""sha"":""48a0ce948bbd3a9d88fe1ba5201a7af84370147f"",""author"":{""name"":""x-shadow-man"",""email"":""69465755f95757ad0d2d2e64e6853de1499ae734@qq.com""},""message"":""Merge remote-tracking branch 'origin/3.0' into 3.0\n\n# Conflicts:\n#\tdubbo-rpc/dubbo-rpc-triple/src/main/java/org/apache/dubbo/rpc/protocol/tri/TripleHttp2Protocol.java"",""distinct"":false,""url"":""https://api.github.com/repos/x-shadow-man/dubbo/commits/48a0ce948bbd3a9d88fe1ba5201a7af84370147f""},{""sha"":""0fbfaa19a4b5fe55c7f325070ea806267064d6c4"",""author"":{""name"":""x-shadow-man"",""email"":""69465755f95757ad0d2d2e64e6853de1499ae734@qq.com""},""message"":""1.merge 3.0 resolve conflicts"",""distinct"":false,""url"":""https://api.github.com/repos/x-shadow-man/dubbo/commits/0fbfaa19a4b5fe55c7f325070ea806267064d6c4""},{""sha"":""d82ac1f307b38f94a3023f8cfbf83a0b36fbbd33"",""author"":{""name"":""x-shadow-man"",""email"":""69465755f95757ad0d2d2e64e6853de1499ae734@qq.com""},""message"":""1.merge 3.0 resolve conflicts"",""distinct"":true,""url"":""https://api.github.com/repos/x-shadow-man/dubbo/commits/d82ac1f307b38f94a3023f8cfbf83a0b36fbbd33""}]",,,,,,,,,,
18157479078,IssueCommentEvent,true,2021-09-27 04:56:53.000000 UTC,41898282,github-actions[bot],121814210,primer/react,,,,,,,,"""created""",,,,,,,,,
18157336221,WatchEvent,true,2021-09-27 04:36:34.000000 UTC,5810880,zaozaoniao,10270250,facebook/react,,,,,,,,"""started""",,,,,,,,,
18157284642,CreateEvent,true,2021-09-27 04:29:34.000000 UTC,90497087,harishbunicorn,410741348,harishbunicorn/react,"""main""","""branch""","""user""",,,,,,,,,,,,,,
18157333680,PullRequestEvent,true,2021-09-27 04:36:13.000000 UTC,40652892,zrlw,4710920,apache/dubbo,,,,,,,,"""closed""",8882,,,,,,,,
18157430246,PushEvent,true,2021-09-27 04:50:10.000000 UTC,32175777,Hyperion101010,405708897,Hyperion101010/react,"""refs/heads/fix-22309""",,,8019348506,2,2,"[{""sha"":""31295d865432cdaf66680c4cb7f65b4bc0683dfc"",""author"":{""name"":""Hyperion101010"",""email"":""0425d40d43ff1abea722980a881d1141ad75b342@gmail.com""},""message"":""Fix missing else in ReactDOMServerFormatConfig.js\n\n Removed else statement from ReactDOMServerFormatConfig.js\n Else statement was redundant since value is set anyways.\n Solves bug 22309."",""distinct"":true,""url"":""https://api.github.com/repos/Hyperion101010/react/commits/31295d865432cdaf66680c4cb7f65b4bc0683dfc""},{""sha"":""391e2d10276e831f21fbb8fdf02325751c5c6a3c"",""author"":{""name"":""Hyperion101010"",""email"":""0425d40d43ff1abea722980a881d1141ad75b342@gmail.com""},""message"":""Fix missing else in ReactDOMServerFormatConfig.js\n\n Added comments for the changes made."",""distinct"":true,""url"":""https://api.github.com/repos/Hyperion101010/react/commits/391e2d10276e831f21fbb8fdf02325751c5c6a3c""}]",,,,,,,,,,
18157321011,WatchEvent,true,2021-09-27 04:34:28.000000 UTC,842306,likern,268424739,helix-editor/helix,,,,,,,,"""started""",,,,,,,,,
18157329969,PullRequestEvent,true,2021-09-27 04:35:41.000000 UTC,9917,jpeach,175425051,kumahq/kuma,,,,,,,,"""closed""",2782,,,,,,,,
18157450210,IssueCommentEvent,true,2021-09-27 04:52:55.000000 UTC,49419645,changeset-bot[bot],121814210,primer/react,,,,,,,,"""created""",,,,,,,,,
18157158767,CreateEvent,true,2021-09-27 04:14:11.000000 UTC,91447374,csterry34,410736756,csterry34/react,"""react""","""branch""","""user""",,,,,,,,,,,,,,
18157034293,PushEvent,true,2021-09-27 04:00:55.000000 UTC,86995,jaredLunde,220740627,dash-ui/react,"""refs/heads/main""",,,8019158979,1,1,"[{""sha"":""3cc67874bfbfcb94eeea7d2049532185898c96c5"",""author"":{""name"":""Jared Lunde"",""email"":""f6e551735549ff947a67517b75512f56835f474b@gmail.com""},""message"":""chore: fix lint script"",""distinct"":true,""url"":""https://api.github.com/repos/dash-ui/react/commits/3cc67874bfbfcb94eeea7d2049532185898c96c5""}]",,,,,,,,,,
18157273349,CreateEvent,true,2021-09-27 04:28:05.000000 UTC,67869620,dylan1607,410740884,dylan1607/react,"""tailwind""","""branch""","""user""",,,,,,,,,,,,,,
18157449205,PullRequestReviewCommentEvent,true,2021-09-27 04:52:46.000000 UTC,9917,jpeach,175425051,kumahq/kuma,,,,,,,,"""created""",2819,,,,,,,,
18157085899,PushEvent,true,2021-09-27 04:06:13.000000 UTC,41898282,github-actions[bot],45717250,tensorflow/tensorflow,"""refs/heads/nightly""",,,8019181958,0,0,[],,,,,,,,,,
18157106546,WatchEvent,true,2021-09-27 04:08:23.000000 UTC,62200015,FAArik,410736425,FAArik/opencv,,,,,,,,"""started""",,,,,,,,,
18157401563,CreateEvent,true,2021-09-27 04:45:59.000000 UTC,417268,pksjce,121814210,primer/react,"""issue/1433""","""branch""","""user""",,,,,,,,,,,,,,
18157443667,PushEvent,true,2021-09-27 04:52:01.000000 UTC,68405781,rameshaol1,401517723,rameshaol1/terraform,"""refs/heads/master""",,,8019355413,1,1,"[{""sha"":""9de26e11dded7edde160d5474240ecc43c87e641"",""author"":{""name"":""Ramesh Kasula"",""email"":""6e10a99df20249d5bdeef8674417531c0a64b232@gmail.com""},""message"":""added aws access key line"",""distinct"":true,""url"":""https://api.github.com/repos/rameshaol1/terraform/commits/9de26e11dded7edde160d5474240ecc43c87e641""}]",,,,,,,,,,
18157192332,IssuesEvent,true,2021-09-27 04:18:14.000000 UTC,19588788,CrazyHZM,4710920,apache/dubbo,,,,,,,,"""closed""",,,,,,,,,
18157355087,WatchEvent,true,2021-09-27 04:39:15.000000 UTC,5343978,vestigegroup,135786093,typescript-cheatsheets/react,,,,,,,,"""started""",,,,,,,,,
18157444987,PushEvent,true,2021-09-27 04:52:11.000000 UTC,10150602,Corefinder89,379685044,Corefinder89/phoenix,"""refs/heads/configmgmt""",,,8019356099,1,1,"[{""sha"":""9075379e082a6825afc05fdd6b7efd43aeb280f7"",""author"":{""name"":""Corefinder89"",""email"":""2ae758db3ad47a04c09cf8112cb9f028ac9e4c1f@outlook.com""},""message"":""Remove no_log:true from db config"",""distinct"":true,""url"":""https://api.github.com/repos/Corefinder89/phoenix/commits/9075379e082a6825afc05fdd6b7efd43aeb280f7""}]",,,,,,,,,,
18157213008,IssueCommentEvent,true,2021-09-27 04:20:46.000000 UTC,19588788,CrazyHZM,4710920,apache/dubbo,,,,,,,,"""created""",,,,,,,,,
18157027911,PushEvent,true,2021-09-27 04:00:09.000000 UTC,25278283,x-shadow-man,401980464,x-shadow-man/dubbo,"""refs/heads/3.0""",,,8019155667,26,1,"[{""sha"":""eb574aaf71b9db1d60a8755dd1e2f90b95e00058"",""author"":{""name"":""Gong Dewei"",""email"":""81673e8206ed2e185b06d10bb889a21018ea963c@qq.com""},""message"":"" [3.0] Support start module in background (#8869)\n\n* Move ModuleConfig to ModuleConfigManager, support start module in background\r\n\r\n* copy referAsync/exportAsync option to ModuleConfig\r\n\r\n* Fix scope model of ModuleConfig and try get export/refer thread num from all public modules\r\n\r\n* Fix ConfigManagerTest\r\n\r\n* Fix module config bean register"",""distinct"":false,""url"":""https://api.github.com/repos/x-shadow-man/dubbo/commits/eb574aaf71b9db1d60a8755dd1e2f90b95e00058""},{""sha"":""c4566a34ff1ab4432e234f637244a0d2a47ca9c6"",""author"":{""name"":""candy"",""email"":""ca59fe927eabdd212a348dce8ce8ccbae73e940f@users.noreply.github.com""},""message"":""[3.0] Fix CountDownLatch not being released(#8845) (#8878)"",""distinct"":false,""url"":""https://api.github.com/repos/x-shadow-man/dubbo/commits/c4566a34ff1ab4432e234f637244a0d2a47ca9c6""},{""sha"":""ab53b5a164d2ecc4b7ee48e4fcb185443cbd499d"",""author"":{""name"":""candy"",""email"":""ca59fe927eabdd212a348dce8ce8ccbae73e940f@users.noreply.github.com""},""message"":""[3.0] Fix when subscribing, the check configuration section is unavailable (#8879)"",""distinct"":false,""url"":""https://api.github.com/repos/x-shadow-man/dubbo/commits/ab53b5a164d2ecc4b7ee48e4fcb185443cbd499d""},{""sha"":""9b83abdc7b7a9d85e35831f0854b4ba99c327e07"",""author"":{""name"":""plusmancn"",""email"":""e1f79e23dc8f8917af8e5b86fb4ebcfc97fe0042@gmail.com""},""message"":""Optimize some UnitTest case cost time sharply (#8844)\n\n* fix: remove BeforeEach/AfterEach in Curator5ZookeeperClientTest\r\n\r\n* feat: change zk timeout from 500 to 1000ms"",""distinct"":false,""url"":""https://api.github.com/repos/x-shadow-man/dubbo/commits/9b83abdc7b7a9d85e35831f0854b4ba99c327e07""},{""sha"":""eba466e0c8959f821c6c76d888bb6a55a2dfef3c"",""author"":{""name"":""Gong Dewei"",""email"":""81673e8206ed2e185b06d10bb889a21018ea963c@qq.com""},""message"":""[3.0] improve unit test efficiency (#8877)\n\n* speed up maven building, disable update snapshot, remove unnecessary repositories\r\n\r\n* reduce shutdown wait time\r\n\r\n* update maven version to fix build error such as \""java.lang.IllegalStateException: Entry [id:..][route:{s}->...][state:null] has not been leased from this pool\"", see\r\n https://issues.apache.org/jira/browse/HTTPCORE-634 (httpcore 4.4.14)\r\n\r\n* add shutdown timeout for netty4\r\n\r\n* fix scope model\r\n\r\n* read server shutdown wait time before destroy\r\n\r\n* Add shutdown timeout for triple protocol\r\n\r\n* Improve register center of tests\r\n\r\n* set shutdown wait time as attribute of ProtocolServer\r\n\r\n* Fix reconnect and close\r\n\r\n* fix closePromise"",""distinct"":false,""url"":""https://api.github.com/repos/x-shadow-man/dubbo/commits/eba466e0c8959f821c6c76d888bb6a55a2dfef3c""},{""sha"":""0d550f9e083216f31e254595c289ebda8ab04d11"",""author"":{""name"":""Albumen Kevin"",""email"":""bbabf03ee0d7702e3da35298bd27899c57dc84be@gmail.com""},""message"":""Fix Class.forName when publish ServiceDefinition (#8894)"",""distinct"":false,""url"":""https://api.github.com/repos/x-shadow-man/dubbo/commits/0d550f9e083216f31e254595c289ebda8ab04d11""},{""sha"":""32f89ffedc5337df819bcff2b9b7137d44b11649"",""author"":{""name"":""passer"",""email"":""686cad1337990e250f41efb73818db7be9cd03c8@gmail.com""},""message"":""[3.0] TimeoutCheckTask should be cancelled when DefaultFuture has been cancelled (#8897) (#8898)"",""distinct"":false,""url"":""https://api.github.com/repos/x-shadow-man/dubbo/commits/32f89ffedc5337df819bcff2b9b7137d44b11649""},{""sha"":""33e99de36e529a951b8fffa70a5d54a4b72f44cd"",""author"":{""name"":""Wang Chengming"",""email"":""797b11b27820feac74f983f7807e06052f220378@qq.com""},""message"":""remove meaningless code (#8887)"",""distinct"":false,""url"":""https://api.github.com/repos/x-shadow-man/dubbo/commits/33e99de36e529a951b8fffa70a5d54a4b72f44cd""},{""sha"":""62733201e9241c7429e61f4e9210e21109fd2ca7"",""author"":{""name"":""Albumen Kevin"",""email"":""bbabf03ee0d7702e3da35298bd27899c57dc84be@gmail.com""},""message"":""Try Load Class from interface parameter (#8905)"",""distinct"":false,""url"":""https://api.github.com/repos/x-shadow-man/dubbo/commits/62733201e9241c7429e61f4e9210e21109fd2ca7""},{""sha"":""5e5b62618d8c4ad72f9f2949ec72f9189032a7f8"",""author"":{""name"":""Albumen Kevin"",""email"":""bbabf03ee0d7702e3da35298bd27899c57dc84be@gmail.com""},""message"":""Add ModuleModel Qualifier for SpringBean Initializer (#8904)"",""distinct"":false,""url"":""https://api.github.com/repos/x-shadow-man/dubbo/commits/5e5b62618d8c4ad72f9f2949ec72f9189032a7f8""},{""sha"":""5567a626a52d057c6d31d192c921f9bc89341921"",""author"":{""name"":""Albumen Kevin"",""email"":""bbabf03ee0d7702e3da35298bd27899c57dc84be@gmail.com""},""message"":""Convert TimeoutException when invoke timeout (#8906)"",""distinct"":false,""url"":""https://api.github.com/repos/x-shadow-man/dubbo/commits/5567a626a52d057c6d31d192c921f9bc89341921""},{""sha"":""8891dd0982ab7603fcec6f443f88100ff543c64a"",""author"":{""name"":""吴治国"",""email"":""c2afb11e880b85295785b3e97dad4d8b30891e7d@startdt.com""},""message"":""[3.0] Refactor MetricsConfig (#8785)\n\n* refactor metrics config and add empty prometheus implementation\r\n* Fix attribute name"",""distinct"":false,""url"":""https://api.github.com/repos/x-shadow-man/dubbo/commits/8891dd0982ab7603fcec6f443f88100ff543c64a""},{""sha"":""e68d89e00d64c2e1448ed4684e2b2f94078ee376"",""author"":{""name"":""Gong Dewei"",""email"":""81673e8206ed2e185b06d10bb889a21018ea963c@qq.com""},""message"":""[3.0] socks proxy filtering local address (#8876)"",""distinct"":false,""url"":""https://api.github.com/repos/x-shadow-man/dubbo/commits/e68d89e00d64c2e1448ed4684e2b2f94078ee376""},{""sha"":""0643a7ce7e8af1e469ff76a0d5624a28c5a17da4"",""author"":{""name"":""earthchen"",""email"":""3e0bd8c7f32133a058973e69e24ef8c7f65fc316@duobei.com""},""message"":""TimeoutCheckTask should be cancelled when DefaultFuture2 has been cancelled (#8901)"",""distinct"":false,""url"":""https://api.github.com/repos/x-shadow-man/dubbo/commits/0643a7ce7e8af1e469ff76a0d5624a28c5a17da4""},{""sha"":""849dd7865322e98ff1cd7332003eb44d48a2bfa3"",""author"":{""name"":""Albumen Kevin"",""email"":""bbabf03ee0d7702e3da35298bd27899c57dc84be@gmail.com""},""message"":""Support Multi Subscribe for Service Discovery (#8908)\n\n* Support Multi Subscribe for Service Discovery\r\n\r\n* fix import"",""distinct"":false,""url"":""https://api.github.com/repos/x-shadow-man/dubbo/commits/849dd7865322e98ff1cd7332003eb44d48a2bfa3""},{""sha"":""9e346bc341320172bd37587a944d9880f3ba203d"",""author"":{""name"":""Albumen Kevin"",""email"":""bbabf03ee0d7702e3da35298bd27899c57dc84be@gmail.com""},""message"":""Fix delay export not work for ServiceConfig (#8912)"",""distinct"":false,""url"":""https://api.github.com/repos/x-shadow-man/dubbo/commits/9e346bc341320172bd37587a944d9880f3ba203d""},{""sha"":""9ecb955b9490b8c14df0773143e4f130f84e9418"",""author"":{""name"":""Wang Chengming"",""email"":""797b11b27820feac74f983f7807e06052f220378@qq.com""},""message"":""fix MergeableClusterInvoker NPE (#8891)"",""distinct"":false,""url"":""https://api.github.com/repos/x-shadow-man/dubbo/commits/9ecb955b9490b8c14df0773143e4f130f84e9418""},{""sha"":""5fb4a50add69c4bcf40a41f22d32f6ff72aa45f7"",""author"":{""name"":""灼华"",""email"":""a8b877bbbd92cbfe203c6864a2a681c8dace2279@users.noreply.github.com""},""message"":""Add test case for ServiceInstanceMetadataUtilsTest (#8914)\n\n* Add test case for ServiceInstanceMetadataUtilsTest\r\n\r\n* ApplicationModel reset"",""distinct"":false,""url"":""https://api.github.com/repos/x-shadow-man/dubbo/commits/5fb4a50add69c4bcf40a41f22d32f6ff72aa45f7""},{""sha"":""bba0a7613672791df341b41b3ab3e9eb135326cb"",""author"":{""name"":""zrlw"",""email"":""c3ee052b6ab7be3c31be82ee641dda519078ac4b@sina.com""},""message"":""add destroy() calling to close tomcat server port (#8920)"",""distinct"":false,""url"":""https://api.github.com/repos/x-shadow-man/dubbo/commits/bba0a7613672791df341b41b3ab3e9eb135326cb""},{""sha"":""35c2d7ec7e8b56624c23954abfa1a209034d291e"",""author"":{""name"":""灼华"",""email"":""a8b877bbbd92cbfe203c6864a2a681c8dace2279@users.noreply.github.com""},""message"":""Add unit test for CuratorFrameworkUtils and AbstractServiceDiscoveryFactory (#8886)"",""distinct"":false,""url"":""https://api.github.com/repos/x-shadow-man/dubbo/commits/35c2d7ec7e8b56624c23954abfa1a209034d291e""}]",,,,,,,,,,
18157041939,CreateEvent,true,2021-09-27 04:01:40.000000 UTC,45942572,SiarheiSakharevich,337402726,saby/react,"""21.5100/mergerator/270921_070130""","""branch""","""user""",,,,,,,,,,,,,,
18157051462,ForkEvent,true,2021-09-27 04:02:40.000000 UTC,62200015,FAArik,5108051,opencv/opencv,,,,,,,,,,"""FAArik/opencv""",,,,,,,
18157430581,PushEvent,true,2021-09-27 04:50:12.000000 UTC,3979925,surahman,399218236,surahman/incubator-heron,"""refs/heads/3707-Config-Map-Support-dev""",,,8019348696,1,1,"[{""sha"":""df53d29b4bbd13ad045f8cf9ef6188e0d2d04f16"",""author"":{""name"":""Saad Ur Rahman"",""email"":""9999a4936214c24e1f260e8d63e35dcf2173cc3d@gmail.com""},""message"":""[Kubernetes] bug fix for missing delimiter in <getPodTemplateLocation>."",""distinct"":true,""url"":""https://api.github.com/repos/surahman/incubator-heron/commits/df53d29b4bbd13ad045f8cf9ef6188e0d2d04f16""}]",,,,,,,,,,
18157481767,IssueCommentEvent,true,2021-09-27 04:57:16.000000 UTC,32175777,Hyperion101010,10270250,facebook/react,,,,,,,,"""created""",,,,,,,,,
18155792639,PullRequestEvent,true,2021-09-27 01:15:26.000000 UTC,49699333,dependabot[bot],220740627,dash-ui/react,,,,,,,,"""closed""",5,,,,,,,,
18156119156,ForkEvent,true,2021-09-27 01:59:09.000000 UTC,37140865,RELOAD22,7691631,moby/moby,,,,,,,,,,"""RELOAD22/moby""",,,,,,,
18155868079,PushEvent,true,2021-09-27 01:24:01.000000 UTC,86995,jaredLunde,220740627,dash-ui/react,"""refs/heads/main""",,,8018588871,1,1,"[{""sha"":""b5ba3de9661748336e60e1de9cb6686566b05440"",""author"":{""name"":""Jared Lunde"",""email"":""f6e551735549ff947a67517b75512f56835f474b@gmail.com""},""message"":""chore: update lockfile"",""distinct"":true,""url"":""https://api.github.com/repos/dash-ui/react/commits/b5ba3de9661748336e60e1de9cb6686566b05440""}]",,,,,,,,,,
18155977044,WatchEvent,true,2021-09-27 01:38:22.000000 UTC,42257786,joan726,45717250,tensorflow/tensorflow,,,,,,,,"""started""",,,,,,,,,
18155995206,PullRequestEvent,true,2021-09-27 01:40:55.000000 UTC,40652892,zrlw,4710920,apache/dubbo,,,,,,,,"""opened""",8931,,,,,,,,
18155854147,PushEvent,true,2021-09-27 01:22:19.000000 UTC,86995,jaredLunde,220740627,dash-ui/react,"""refs/heads/main""",,,8018582663,1,1,"[{""sha"":""c802bd9d07cc33e90c3781aba2b77d84218d42dd"",""author"":{""name"":""Jared Lunde"",""email"":""f6e551735549ff947a67517b75512f56835f474b@gmail.com""},""message"":""ci: add missing deps"",""distinct"":true,""url"":""https://api.github.com/repos/dash-ui/react/commits/c802bd9d07cc33e90c3781aba2b77d84218d42dd""}]",,,,,,,,,,
18155794354,DeleteEvent,true,2021-09-27 01:15:37.000000 UTC,49699333,dependabot[bot],220740627,dash-ui/react,"""dependabot/npm_and_yarn/y18n-4.0.1""","""branch""","""user""",,,,,,,,,,,,,,
18155792701,DeleteEvent,true,2021-09-27 01:15:26.000000 UTC,49699333,dependabot[bot],220740627,dash-ui/react,"""dependabot/npm_and_yarn/handlebars-4.7.7""","""branch""","""user""",,,,,,,,,,,,,,
18155795140,IssueCommentEvent,true,2021-09-27 01:15:43.000000 UTC,49699333,dependabot[bot],220740627,dash-ui/react,,,,,,,,"""created""",,,,,,,,,
18156020365,CreateEvent,true,2021-09-27 01:44:27.000000 UTC,27476957,nowsdt,410502599,nowsdt/dubbo,"""dubbo-2.6.5""","""branch""","""user""",,,,,,,,,,,,,,
18156064914,IssueCommentEvent,true,2021-09-27 01:51:04.000000 UTC,7434837,owen200008,4710920,apache/dubbo,,,,,,,,"""created""",,,,,,,,,
18155877471,PushEvent,true,2021-09-27 01:25:13.000000 UTC,52500170,waguilars,410693779,waguilars/react,"""refs/heads/main""",,,8018593179,1,1,"[{""sha"":""45502f2db8148fbec4a822616a9d63b908a2f178"",""author"":{""name"":""Wilson Aguilar"",""email"":""5572750ff3e348fdf1eea976e0a77729adfc7742@est.ups.edu.ec""},""message"":"":memo: Add commands"",""distinct"":true,""url"":""https://api.github.com/repos/waguilars/react/commits/45502f2db8148fbec4a822616a9d63b908a2f178""}]",,,,,,,,,,
18156016415,ForkEvent,true,2021-09-27 01:43:52.000000 UTC,25431865,1697184654,4576305,openzipkin/zipkin,,,,,,,,,,"""1697184654/zipkin""",,,,,,,
18155793313,IssueCommentEvent,true,2021-09-27 01:15:30.000000 UTC,49699333,dependabot[bot],220740627,dash-ui/react,,,,,,,,"""created""",,,,,,,,,
18155887576,PushEvent,true,2021-09-27 01:26:28.000000 UTC,49369835,renedonaire,393704521,renedonaire/react,"""refs/heads/Entrega_Final""",,,8018597864,2,2,"[{""sha"":""c8e77e3e185c12c751ebcca11fdf44fdac368db0"",""author"":{""name"":""René Donaire"",""email"":""15ecc98d33a5f058e5ee62f43585c915775d3b48@gmail.com""},""message"":""Singular y plural del cart checkout"",""distinct"":true,""url"":""https://api.github.com/repos/renedonaire/react/commits/c8e77e3e185c12c751ebcca11fdf44fdac368db0""},{""sha"":""4505a269bd7931b356a14cef70d5e87bace19055"",""author"":{""name"":""René Donaire"",""email"":""15ecc98d33a5f058e5ee62f43585c915775d3b48@gmail.com""},""message"":""Solo muestra productos con stock"",""distinct"":true,""url"":""https://api.github.com/repos/renedonaire/react/commits/4505a269bd7931b356a14cef70d5e87bace19055""}]",,,,,,,,,,
18155820411,PushEvent,true,2021-09-27 01:18:26.000000 UTC,3460267,adam2392,197068409,neurodata/scikit-learn,"""refs/heads/main""",,,8018568181,1,1,"[{""sha"":""f33fb0af65380e3360cfc9dd7f291ab59e2ef63b"",""author"":{""name"":""Gabor Kertesz"",""email"":""a420acb60728d9b47dbf2bb97df4acf77d07e5fb@arm.com""},""message"":""FIX Fixes test for checking gitignore and Cython templates (#20997)"",""distinct"":true,""url"":""https://api.github.com/repos/neurodata/scikit-learn/commits/f33fb0af65380e3360cfc9dd7f291ab59e2ef63b""}]",,,,,,,,,,
18155794279,PullRequestEvent,true,2021-09-27 01:15:37.000000 UTC,49699333,dependabot[bot],220740627,dash-ui/react,,,,,,,,"""closed""",4,,,,,,,,
18155799831,IssueCommentEvent,true,2021-09-27 01:16:15.000000 UTC,49699333,dependabot[bot],220740627,dash-ui/react,,,,,,,,"""created""",,,,,,,,,
18155800227,DeleteEvent,true,2021-09-27 01:16:17.000000 UTC,49699333,dependabot[bot],220740627,dash-ui/react,"""dependabot/npm_and_yarn/ws-7.4.6""","""branch""","""user""",,,,,,,,,,,,,,
18155782771,IssueCommentEvent,true,2021-09-27 01:14:16.000000 UTC,49699333,dependabot[bot],220740627,dash-ui/react,,,,,,,,"""created""",,,,,,,,,
18155857762,DeleteEvent,true,2021-09-27 01:22:46.000000 UTC,55792941,tuanvuPresent,238422175,tuanvuPresent/react,"""dependabot/npm_and_yarn/axios-0.21.1""","""branch""","""user""",,,,,,,,,,,,,,
18156039047,IssuesEvent,true,2021-09-27 01:47:14.000000 UTC,19359640,NoRedsquare,4710920,apache/dubbo,,,,,,,,"""opened""",,,,,,,,,
18155689777,DeleteEvent,true,2021-09-27 01:03:04.000000 UTC,2007864,xavvvier,262900980,xavvvier/helix,"""ui""","""branch""","""user""",,,,,,,,,,,,,,
18155724984,IssueCommentEvent,true,2021-09-27 01:07:34.000000 UTC,6317291,zq-david-wang,7691631,moby/moby,,,,,,,,"""created""",,,,,,,,,
18155853720,IssuesEvent,true,2021-09-27 01:22:16.000000 UTC,40652892,zrlw,4710920,apache/dubbo,,,,,,,,"""opened""",,,,,,,,,
18155982297,WatchEvent,true,2021-09-27 01:39:06.000000 UTC,88066247,Agul2020,410435710,Agul2020/opencv,,,,,,,,"""started""",,,,,,,,,
18155666782,WatchEvent,true,2021-09-27 01:00:05.000000 UTC,64879376,nimacuncunzhang,45717250,tensorflow/tensorflow,,,,,,,,"""started""",,,,,,,,,
18156065936,CreateEvent,true,2021-09-27 01:51:12.000000 UTC,27476957,nowsdt,410502599,nowsdt/dubbo,"""dubbo-2.6.1""","""branch""","""user""",,,,,,,,,,,,,,
18155686371,DeleteEvent,true,2021-09-27 01:02:39.000000 UTC,2007864,xavvvier,262900980,xavvvier/helix,"""master""","""branch""","""user""",,,,,,,,,,,,,,
18155678551,CreateEvent,true,2021-09-27 01:01:35.000000 UTC,45942572,SiarheiSakharevich,337402726,saby/react,"""21.5100/mergerator/270921_040124""","""branch""","""user""",,,,,,,,,,,,,,
18155802658,PushEvent,true,2021-09-27 01:16:32.000000 UTC,52500170,waguilars,410693779,waguilars/react,"""refs/heads/main""",,,8018560849,1,1,"[{""sha"":""5c36ce86526e324abdde603b2cfa20a11f693a47"",""author"":{""name"":""Wilson Aguilar"",""email"":""5572750ff3e348fdf1eea976e0a77729adfc7742@est.ups.edu.ec""},""message"":"":memo: Update README"",""distinct"":true,""url"":""https://api.github.com/repos/waguilars/react/commits/5c36ce86526e324abdde603b2cfa20a11f693a47""}]",,,,,,,,,,
18156074482,PushEvent,true,2021-09-27 01:52:32.000000 UTC,43994656,haoyann,340824984,haoyann/dubbo,"""refs/heads/master""",,,8018688186,17,17,"[{""sha"":""d3773a774eeaed66d4997519805c14c3f5fb15de"",""author"":{""name"":""changfu"",""email"":""f4d94bcc7a92a9d45de109fe96f47267530c7808@gmail.com""},""message"":""fix issue-8715 on master: failback retries=0 should only invoke once (#8743)"",""distinct"":true,""url"":""https://api.github.com/repos/haoyann/dubbo/commits/d3773a774eeaed66d4997519805c14c3f5fb15de""},{""sha"":""b7fa549cfa816bee280b1a2a2e17d91d59118599"",""author"":{""name"":""changfu"",""email"":""f4d94bcc7a92a9d45de109fe96f47267530c7808@gmail.com""},""message"":""fix issue-8726 on master: improve code readability (#8749)"",""distinct"":true,""url"":""https://api.github.com/repos/haoyann/dubbo/commits/b7fa549cfa816bee280b1a2a2e17d91d59118599""},{""sha"":""55dec926bbe325b6b78b16d6db761a268b0d00ac"",""author"":{""name"":""zrlw"",""email"":""c3ee052b6ab7be3c31be82ee641dda519078ac4b@sina.com""},""message"":""close client immediately when destroy unused invoker (#8756)"",""distinct"":true,""url"":""https://api.github.com/repos/haoyann/dubbo/commits/55dec926bbe325b6b78b16d6db761a268b0d00ac""},{""sha"":""e63a7bebf5bd50fd66699e6594b4dd31b3324166"",""author"":{""name"":""zrlw"",""email"":""c3ee052b6ab7be3c31be82ee641dda519078ac4b@sina.com""},""message"":""fix destroy NullPointerException and doOverrideIfNecessary (#8683)\n\nIllegalStateException"",""distinct"":true,""url"":""https://api.github.com/repos/haoyann/dubbo/commits/e63a7bebf5bd50fd66699e6594b4dd31b3324166""},{""sha"":""05b20327bc2e487704524cea1d9235abd261f296"",""author"":{""name"":""Albumen Kevin"",""email"":""bbabf03ee0d7702e3da35298bd27899c57dc84be@gmail.com""},""message"":""[2.7] Update Hessian Lite Version (#8780)"",""distinct"":true,""url"":""https://api.github.com/repos/haoyann/dubbo/commits/05b20327bc2e487704524cea1d9235abd261f296""},{""sha"":""2f93930c83ff576ef65d008d03325482a695a319"",""author"":{""name"":""candy"",""email"":""ca59fe927eabdd212a348dce8ce8ccbae73e940f@users.noreply.github.com""},""message"":""[master] DefaultFuture turn off logging optimization for Channel(issue #8695) (#8778)"",""distinct"":true,""url"":""https://api.github.com/repos/haoyann/dubbo/commits/2f93930c83ff576ef65d008d03325482a695a319""},{""sha"":""f8f6995b565250557eed548995ae1a6f12b8c1d5"",""author"":{""name"":""yizhenqiang"",""email"":""7777781050a8633784c90ca3e79ac896f17a4fd7@163.com""},""message"":""Use MapUtils instead of AttachmentsAdapter (#8772)\n\n* Use MapUtils instead of AttachmentsAdapter"",""distinct"":true,""url"":""https://api.github.com/repos/haoyann/dubbo/commits/f8f6995b565250557eed548995ae1a6f12b8c1d5""},{""sha"":""921e113fb756c04d934286fa93183969c35553a5"",""author"":{""name"":""Albumen Kevin"",""email"":""bbabf03ee0d7702e3da35298bd27899c57dc84be@gmail.com""},""message"":""[2.7] Change default step to FORCE_INTERFACE (#8836)"",""distinct"":true,""url"":""https://api.github.com/repos/haoyann/dubbo/commits/921e113fb756c04d934286fa93183969c35553a5""},{""sha"":""5313beec34b4fa53eb6e156ecef5cd5f4ecdd9e7"",""author"":{""name"":""zrlw"",""email"":""c3ee052b6ab7be3c31be82ee641dda519078ac4b@sina.com""},""message"":""fix StringIndexOutOfBoundsException at addParam() (#8801)"",""distinct"":true,""url"":""https://api.github.com/repos/haoyann/dubbo/commits/5313beec34b4fa53eb6e156ecef5cd5f4ecdd9e7""},{""sha"":""e39e4945c2f2b1ed3d6a457020e783a9a09ed288"",""author"":{""name"":""zrlw"",""email"":""c3ee052b6ab7be3c31be82ee641dda519078ac4b@sina.com""},""message"":""[master] do not show the warning at first replaceWithLazyClient() (#8815)\n\n* not warning at first replaceWithLazyClient()\r\n\r\n* fix UT test_counter_error\r\n\r\n* fix LazyConnectExchangeClient\r\n\r\n* fix ReferenceCountExchangeClientTest\r\n\r\n* change warning period variable name\r\n\r\n* change variable name warningPeriod"",""distinct"":true,""url"":""https://api.github.com/repos/haoyann/dubbo/commits/e39e4945c2f2b1ed3d6a457020e783a9a09ed288""},{""sha"":""039525adfc0b76ef038db0e4ba574ce837eaa2f0"",""author"":{""name"":""zrlw"",""email"":""c3ee052b6ab7be3c31be82ee641dda519078ac4b@sina.com""},""message"":""[master] add zookeeper node data created event check (#8834)\n\n* add zookeeper node data created event check\r\n\r\n* add NodeCreated process\r\n\r\n* add missed else condition"",""distinct"":true,""url"":""https://api.github.com/repos/haoyann/dubbo/commits/039525adfc0b76ef038db0e4ba574ce837eaa2f0""},{""sha"":""6dc17306957524c48df1798856d376c43b04cfeb"",""author"":{""name"":""changfu"",""email"":""f4d94bcc7a92a9d45de109fe96f47267530c7808@gmail.com""},""message"":""fix #8770: provider remove @Lazy support. (#8854)"",""distinct"":true,""url"":""https://api.github.com/repos/haoyann/dubbo/commits/6dc17306957524c48df1798856d376c43b04cfeb""},{""sha"":""47053e5a41e5d4610e2c71994031d1502b7928ce"",""author"":{""name"":""candy"",""email"":""ca59fe927eabdd212a348dce8ce8ccbae73e940f@users.noreply.github.com""},""message"":""[master] Remove useless code. (#8858)"",""distinct"":true,""url"":""https://api.github.com/repos/haoyann/dubbo/commits/47053e5a41e5d4610e2c71994031d1502b7928ce""},{""sha"":""15d16f629aaf06002ea40003b1a05f1a24c79097"",""author"":{""name"":""zrlw"",""email"":""c3ee052b6ab7be3c31be82ee641dda519078ac4b@sina.com""},""message"":""fix NPE (#8837)"",""distinct"":true,""url"":""https://api.github.com/repos/haoyann/dubbo/commits/15d16f629aaf06002ea40003b1a05f1a24c79097""},{""sha"":""f175e9843a3872ebc6567bfa1ca610a76b920b0c"",""author"":{""name"":""changfu"",""email"":""f4d94bcc7a92a9d45de109fe96f47267530c7808@gmail.com""},""message"":""fix #8855 remove @Service in java doc and comment (#8856)\n\n* fix #8855 remove @Service in java doc and comment\r\n\r\n* recovery wrong fix"",""distinct"":true,""url"":""https://api.github.com/repos/haoyann/dubbo/commits/f175e9843a3872ebc6567bfa1ca610a76b920b0c""},{""sha"":""db175899d73966f52bbd1a9043503ca749a107e8"",""author"":{""name"":""candy"",""email"":""ca59fe927eabdd212a348dce8ce8ccbae73e940f@users.noreply.github.com""},""message"":""[2.7.x] Fix CountDownLatch not being released(#8845) (#8862)"",""distinct"":true,""url"":""https://api.github.com/repos/haoyann/dubbo/commits/db175899d73966f52bbd1a9043503ca749a107e8""},{""sha"":""d1644b760d3b2f997daa532752b9cd0603eb93ef"",""author"":{""name"":""zrlw"",""email"":""c3ee052b6ab7be3c31be82ee641dda519078ac4b@sina.com""},""message"":""[master] add destroy() calling to close tomcat server port (#8921)\n\n* add destroy() calling to close tomcat server port\r\n\r\n* improve javadoc for isPortInUsed()"",""distinct"":true,""url"":""https://api.github.com/repos/haoyann/dubbo/commits/d1644b760d3b2f997daa532752b9cd0603eb93ef""}]",,,,,,,,,,
18156104775,WatchEvent,true,2021-09-27 01:57:08.000000 UTC,14799063,876843240,10270250,facebook/react,,,,,,,,"""started""",,,,,,,,,
18156116268,IssueCommentEvent,true,2021-09-27 01:58:46.000000 UTC,40652892,zrlw,4710920,apache/dubbo,,,,,,,,"""created""",,,,,,,,,
18155791197,DeleteEvent,true,2021-09-27 01:15:16.000000 UTC,49699333,dependabot[bot],220740627,dash-ui/react,"""dependabot/npm_and_yarn/ini-1.3.8""","""branch""","""user""",,,,,,,,,,,,,,
18155794107,IssueCommentEvent,true,2021-09-27 01:15:36.000000 UTC,49699333,dependabot[bot],220740627,dash-ui/react,,,,,,,,"""created""",,,,,,,,,
18155795266,PullRequestEvent,true,2021-09-27 01:15:44.000000 UTC,49699333,dependabot[bot],220740627,dash-ui/react,,,,,,,,"""closed""",9,,,,,,,,
18156112358,IssueCommentEvent,true,2021-09-27 01:58:12.000000 UTC,43994656,haoyann,4710920,apache/dubbo,,,,,,,,"""created""",,,,,,,,,
18156123761,IssueCommentEvent,true,2021-09-27 01:59:50.000000 UTC,7434837,owen200008,4710920,apache/dubbo,,,,,,,,"""created""",,,,,,,,,
18156038340,IssueCommentEvent,true,2021-09-27 01:47:08.000000 UTC,41898282,github-actions[bot],15861701,apache/helix,,,,,,,,"""created""",,,,,,,,,
18155666327,PushEvent,true,2021-09-27 01:00:02.000000 UTC,86995,jaredLunde,220740627,dash-ui/react,"""refs/heads/main""",,,8018501322,1,1,"[{""sha"":""67320318dde40aebed5f635fadfb526e99683c8c"",""author"":{""name"":""Jared Lunde"",""email"":""f6e551735549ff947a67517b75512f56835f474b@gmail.com""},""message"":""chore: remove standard-version dep"",""distinct"":true,""url"":""https://api.github.com/repos/dash-ui/react/commits/67320318dde40aebed5f635fadfb526e99683c8c""}]",,,,,,,,,,
18155678501,DeleteEvent,true,2021-09-27 01:01:34.000000 UTC,45942572,SiarheiSakharevich,337402726,saby/react,"""21.5100/mergerator/270921_040124""","""branch""","""user""",,,,,,,,,,,,,,
18155753713,CreateEvent,true,2021-09-27 01:10:56.000000 UTC,87591109,konguss,410702110,konguss/terraform,,"""repository""","""user""",,,,,,,,,,,,,,
18155967653,WatchEvent,true,2021-09-27 01:37:03.000000 UTC,53281158,Sayanta66,175425051,kumahq/kuma,,,,,,,,"""started""",,,,,,,,,
18155981940,WatchEvent,true,2021-09-27 01:39:03.000000 UTC,53847508,chent57,4710920,apache/dubbo,,,,,,,,"""started""",,,,,,,,,
18155794867,DeleteEvent,true,2021-09-27 01:15:41.000000 UTC,49699333,dependabot[bot],220740627,dash-ui/react,"""dependabot/npm_and_yarn/tmpl-1.0.5""","""branch""","""user""",,,,,,,,,,,,,,
18155782968,DeleteEvent,true,2021-09-27 01:14:17.000000 UTC,49699333,dependabot[bot],220740627,dash-ui/react,"""dependabot/npm_and_yarn/browserslist-4.16.6""","""branch""","""user""",,,,,,,,,,,,,,
18155792418,IssueCommentEvent,true,2021-09-27 01:15:24.000000 UTC,49699333,dependabot[bot],220740627,dash-ui/react,,,,,,,,"""created""",,,,,,,,,
18155790837,IssueCommentEvent,true,2021-09-27 01:15:13.000000 UTC,49699333,dependabot[bot],220740627,dash-ui/react,,,,,,,,"""created""",,,,,,,,,
18155918177,PushEvent,true,2021-09-27 01:30:17.000000 UTC,3460267,adam2392,197068409,neurodata/scikit-learn,"""refs/heads/obliquetrees""",,,8018612007,90,2,"[{""sha"":""8bf3aa58df6b29f3afa49e0b8976c37359e534a0"",""author"":{""name"":""Guillaume Lemaitre"",""email"":""e5e78d384e205244ed69377c80930de68a2732ec@gmail.com""},""message"":""FIX change the meaning of include_boundaries in check_scalar (#20921)\n\nCo-authored-by: Jérémie du Boisberranger <34657725+jeremiedbb@users.noreply.github.com>\r\nCo-authored-by: Olivier Grisel <olivier.grisel@ensta.org>"",""distinct"":false,""url"":""https://api.github.com/repos/neurodata/scikit-learn/commits/8bf3aa58df6b29f3afa49e0b8976c37359e534a0""},{""sha"":""89d66b39a0949c01beee5eb9739e192b8bcac7bd"",""author"":{""name"":""Olivier Grisel"",""email"":""2debdaedc015a28b6d296a878ea9501beb58cbd4@ensta.org""},""message"":""Fix the stalled linux/arm64 [cd build] jobs on travis (#20958)"",""distinct"":false,""url"":""https://api.github.com/repos/neurodata/scikit-learn/commits/89d66b39a0949c01beee5eb9739e192b8bcac7bd""},{""sha"":""ba58f3a6936bf34bceb6b0fa15d7c601b157f796"",""author"":{""name"":""Thomas J. Fan"",""email"":""5e8796a332fafc9c261437cd1787ae2709a896a7@gmail.com""},""message"":""BUG Fixes FunctionTransformer validation in inverse_transform (#20961)"",""distinct"":false,""url"":""https://api.github.com/repos/neurodata/scikit-learn/commits/ba58f3a6936bf34bceb6b0fa15d7c601b157f796""},{""sha"":""e2aa5220ed78bad3d3edd76e81b83a31ede8dd0e"",""author"":{""name"":""Thomas J. Fan"",""email"":""5e8796a332fafc9c261437cd1787ae2709a896a7@gmail.com""},""message"":""CLN Removes old sphinx theme (#20962)\n\n\r\nCo-authored-by: Olivier Grisel <olivier.grisel@ensta.org>"",""distinct"":false,""url"":""https://api.github.com/repos/neurodata/scikit-learn/commits/e2aa5220ed78bad3d3edd76e81b83a31ede8dd0e""},{""sha"":""05829c5a26c28d3ae9fe0186d3e5814814793298"",""author"":{""name"":""Guillaume Lemaitre"",""email"":""e5e78d384e205244ed69377c80930de68a2732ec@gmail.com""},""message"":""DOC fix mispelling in whats new (#20974)"",""distinct"":false,""url"":""https://api.github.com/repos/neurodata/scikit-learn/commits/05829c5a26c28d3ae9fe0186d3e5814814793298""},{""sha"":""ac8a2cdf7dae39b40167dbeecaa1aa8514dc86d1"",""author"":{""name"":""baam"",""email"":""fbedae4648a3380545df3887ed500437e0779212@users.noreply.github.com""},""message"":""DOC Ensures that Birch passes numpydoc validation (#20972)"",""distinct"":false,""url"":""https://api.github.com/repos/neurodata/scikit-learn/commits/ac8a2cdf7dae39b40167dbeecaa1aa8514dc86d1""},{""sha"":""9c84abd77148eb3320ec250aad2b9b9e547522e3"",""author"":{""name"":""András Simon"",""email"":""d8cb08da09ac52f5ca257b0dd29da3968b5845af@users.noreply.github.com""},""message"":""ENH add `only_non_negative` parameter to `_check_sample_weight` (#20880)\n\nCo-authored-by: Guillaume Lemaitre <g.lemaitre58@gmail.com>\r\nCo-authored-by: Olivier Grisel <olivier.grisel@ensta.org>"",""distinct"":false,""url"":""https://api.github.com/repos/neurodata/scikit-learn/commits/9c84abd77148eb3320ec250aad2b9b9e547522e3""},{""sha"":""289dab9a871d919fde62156881facb67d514e0cc"",""author"":{""name"":""baam"",""email"":""fbedae4648a3380545df3887ed500437e0779212@users.noreply.github.com""},""message"":""DOC Ensures that GammaRegressor passes numpydoc validation (#20973)\n\nCo-authored-by: Olivier Grisel <olivier.grisel@ensta.org>"",""distinct"":false,""url"":""https://api.github.com/repos/neurodata/scikit-learn/commits/289dab9a871d919fde62156881facb67d514e0cc""},{""sha"":""40e1f895b172b9941fdcdefffd5a2aa8556ed227"",""author"":{""name"":""Julien Jerphanion"",""email"":""46f1a0bd5592a2f9244ca321b129902a06b53e03@jjerphan.xyz""},""message"":""DOC Reword score_sample's and similar interfaces' docstrings (#20979)\n\nCo-authored-by: Guillaume Lemaitre <g.lemaitre58@gmail.com>\r\nCo-authored-by: Alexandre Gramfort <alexandre.gramfort@inria.fr>"",""distinct"":false,""url"":""https://api.github.com/repos/neurodata/scikit-learn/commits/40e1f895b172b9941fdcdefffd5a2aa8556ed227""},{""sha"":""0b782bc3ed4db53a5a9640b251125601e6a5ad31"",""author"":{""name"":""baam"",""email"":""fbedae4648a3380545df3887ed500437e0779212@users.noreply.github.com""},""message"":""DOC Ensures that GaussianProcessRegressor passes numpydoc validation (#20981)"",""distinct"":false,""url"":""https://api.github.com/repos/neurodata/scikit-learn/commits/0b782bc3ed4db53a5a9640b251125601e6a5ad31""},{""sha"":""3aab975b2b2caecc8a7a08056b9bfe22fc5e441c"",""author"":{""name"":""baam"",""email"":""fbedae4648a3380545df3887ed500437e0779212@users.noreply.github.com""},""message"":""DOC Ensures that GaussianRandomProjection passes numpydoc validation (#20982)\n\nCo-authored-by: Guillaume Lemaitre <g.lemaitre58@gmail.com>"",""distinct"":false,""url"":""https://api.github.com/repos/neurodata/scikit-learn/commits/3aab975b2b2caecc8a7a08056b9bfe22fc5e441c""},{""sha"":""6568222fce2314dab5b117b1fb6ed895888ee61f"",""author"":{""name"":""Juan Martin Loyola"",""email"":""bac18c3815d8dcc0c5d975b27af08b0c6f83bdab@outlook.com""},""message"":""DOC Ensures that SelectKBest passes numpydoc validation (#20983)"",""distinct"":false,""url"":""https://api.github.com/repos/neurodata/scikit-learn/commits/6568222fce2314dab5b117b1fb6ed895888ee61f""},{""sha"":""58ed58d3762acca3bcf4f355a736244acb6ada76"",""author"":{""name"":""Juan Martin Loyola"",""email"":""bac18c3815d8dcc0c5d975b27af08b0c6f83bdab@outlook.com""},""message"":""DOC Ensures that SelectFdr passes numpydoc validation (#20984)"",""distinct"":false,""url"":""https://api.github.com/repos/neurodata/scikit-learn/commits/58ed58d3762acca3bcf4f355a736244acb6ada76""},{""sha"":""d6700558f0fcf0589b1907d4cc983d6958a81ea4"",""author"":{""name"":""Juan Martin Loyola"",""email"":""bac18c3815d8dcc0c5d975b27af08b0c6f83bdab@outlook.com""},""message"":""DOC Ensures that SelectFpr passes numpydoc validation (#20985)\n\nCo-authored-by: Guillaume Lemaitre <g.lemaitre58@gmail.com>"",""distinct"":false,""url"":""https://api.github.com/repos/neurodata/scikit-learn/commits/d6700558f0fcf0589b1907d4cc983d6958a81ea4""},{""sha"":""e7027bd41e327b4523d1540e2496246aee2f43c1"",""author"":{""name"":""Juan Martin Loyola"",""email"":""bac18c3815d8dcc0c5d975b27af08b0c6f83bdab@outlook.com""},""message"":""DOC Ensures that SelectFwe passes numpydoc validation (#20986)\n\nCo-authored-by: Guillaume Lemaitre <g.lemaitre58@gmail.com>"",""distinct"":false,""url"":""https://api.github.com/repos/neurodata/scikit-learn/commits/e7027bd41e327b4523d1540e2496246aee2f43c1""},{""sha"":""8bf222a016d2ae7326bf223212dccc3957763788"",""author"":{""name"":""Juan Martin Loyola"",""email"":""bac18c3815d8dcc0c5d975b27af08b0c6f83bdab@outlook.com""},""message"":""DOC Ensures that SelectFromModel passes numpydoc validation (#20988)\n\nCo-authored-by: Guillaume Lemaitre <g.lemaitre58@gmail.com>"",""distinct"":false,""url"":""https://api.github.com/repos/neurodata/scikit-learn/commits/8bf222a016d2ae7326bf223212dccc3957763788""},{""sha"":""304a5e8e165de9f14c48a4a67ec4fc698605dac0"",""author"":{""name"":""genvalen"",""email"":""458503fee7350f33c7d928f6c4f83d273caaa148@protonmail.com""},""message"":""DOC Ensures that LabelBinarizer passes numpydoc validation (#20990)"",""distinct"":false,""url"":""https://api.github.com/repos/neurodata/scikit-learn/commits/304a5e8e165de9f14c48a4a67ec4fc698605dac0""},{""sha"":""82f0ab9b6ef5ac7a830653dc559afc5f4ceeb8c7"",""author"":{""name"":""Juan Martin Loyola"",""email"":""bac18c3815d8dcc0c5d975b27af08b0c6f83bdab@outlook.com""},""message"":""DOC Ensures that Pipeline passes numpydoc validation (#20969)\n\nCo-authored-by: Guillaume Lemaitre <g.lemaitre58@gmail.com>"",""distinct"":false,""url"":""https://api.github.com/repos/neurodata/scikit-learn/commits/82f0ab9b6ef5ac7a830653dc559afc5f4ceeb8c7""},{""sha"":""057b82ed1897f9fe899d1138636b74457ebb3b6b"",""author"":{""name"":""Thomas J. Fan"",""email"":""5e8796a332fafc9c261437cd1787ae2709a896a7@gmail.com""},""message"":""API Deprecates plot_partial_dependence (#20959)\n\n* API Deprecates plot_partial_dependence\r\n\r\n* DOC Adds whats new\r\n\r\n* DOC Fixes doc build errors\r\n\r\n* CLN Removes feature warning\r\n\r\n* CLN Address comments\r\n\r\n* DOC Fix docstrings\r\n\r\n* TST Skip future warning tests\r\n\r\n* DOC Adjust docstrings\r\n\r\n* REV Reduce diff\r\n\r\n* DOC Adds docstring"",""distinct"":false,""url"":""https://api.github.com/repos/neurodata/scikit-learn/commits/057b82ed1897f9fe899d1138636b74457ebb3b6b""},{""sha"":""047cc2ec0cf71cd7233a7163a847b197e3a4acf6"",""author"":{""name"":""Guillaume Lemaitre"",""email"":""e5e78d384e205244ed69377c80930de68a2732ec@gmail.com""},""message"":""TST solve issues in PyPy (#20978)\n\n* TST fix brittle test in pypy for error message\r\n\r\n* iter\r\n\r\n* Update test_sgd.py\r\n\r\n* Update test_sgd.py\r\n\r\n* remove pypy3 in PRs"",""distinct"":false,""url"":""https://api.github.com/repos/neurodata/scikit-learn/commits/047cc2ec0cf71cd7233a7163a847b197e3a4acf6""}]",,,,,,,,,,
18155800135,PullRequestEvent,true,2021-09-27 01:16:17.000000 UTC,49699333,dependabot[bot],220740627,dash-ui/react,,,,,,,,"""closed""",8,,,,,,,,
18155861731,PullRequestEvent,true,2021-09-27 01:23:14.000000 UTC,40652892,zrlw,4710920,apache/dubbo,,,,,,,,"""opened""",8930,,,,,,,,
18155911343,WatchEvent,true,2021-09-27 01:29:25.000000 UTC,53281158,Sayanta66,4710920,apache/dubbo,,,,,,,,"""started""",,,,,,,,,
18155782902,PullRequestEvent,true,2021-09-27 01:14:17.000000 UTC,49699333,dependabot[bot],220740627,dash-ui/react,,,,,,,,"""closed""",7,,,,,,,,
18155794654,IssueCommentEvent,true,2021-09-27 01:15:40.000000 UTC,49699333,dependabot[bot],220740627,dash-ui/react,,,,,,,,"""created""",,,,,,,,,
18155794818,PullRequestEvent,true,2021-09-27 01:15:41.000000 UTC,49699333,dependabot[bot],220740627,dash-ui/react,,,,,,,,"""closed""",10,,,,,,,,
18155857504,PullRequestEvent,true,2021-09-27 01:22:44.000000 UTC,55792941,tuanvuPresent,238422175,tuanvuPresent/react,,,,,,,,"""closed""",1,,,,,,,,
18155940063,WatchEvent,true,2021-09-27 01:33:12.000000 UTC,9032006,xiaochengxuyuan,4710920,apache/dubbo,,,,,,,,"""started""",,,,,,,,,
18155958011,IssueCommentEvent,true,2021-09-27 01:35:41.000000 UTC,10324554,noahehall,10270250,facebook/react,,,,,,,,"""created""",,,,,,,,,
18155771963,CreateEvent,true,2021-09-27 01:12:59.000000 UTC,87591109,konguss,410702110,konguss/terraform,"""master""","""branch""","""user""",,,,,,,,,,,,,,
18155857550,PushEvent,true,2021-09-27 01:22:44.000000 UTC,55792941,tuanvuPresent,238422175,tuanvuPresent/react,"""refs/heads/master""",,,8018584080,2,1,"[{""sha"":""56f67d90d03c53a697b670a791fcbcb585efb917"",""author"":{""name"":""dependabot[bot]"",""email"":""1c358da00a777d4e9898c1280ab801e2df165188@users.noreply.github.com""},""message"":""Bump axios from 0.19.2 to 0.21.1\n\nBumps [axios](https://github.com/axios/axios) from 0.19.2 to 0.21.1.\n- [Release notes](https://github.com/axios/axios/releases)\n- [Changelog](https://github.com/axios/axios/blob/v0.21.1/CHANGELOG.md)\n- [Commits](https://github.com/axios/axios/compare/v0.19.2...v0.21.1)\n\nSigned-off-by: dependabot[bot] <support@github.com>"",""distinct"":false,""url"":""https://api.github.com/repos/tuanvuPresent/react/commits/56f67d90d03c53a697b670a791fcbcb585efb917""},{""sha"":""a903b4f3e71fd6751c21e5d85a4c3017397f44c3"",""author"":{""name"":""tuanvuPresent"",""email"":""c261ae84edee19a824d6e0249102f8f850361232@users.noreply.github.com""},""message"":""Merge pull request #1 from tuanvuPresent/dependabot/npm_and_yarn/axios-0.21.1\n\nBump axios from 0.19.2 to 0.21.1"",""distinct"":true,""url"":""https://api.github.com/repos/tuanvuPresent/react/commits/a903b4f3e71fd6751c21e5d85a4c3017397f44c3""}]",,,,,,,,,,
18155791046,PullRequestEvent,true,2021-09-27 01:15:15.000000 UTC,49699333,dependabot[bot],220740627,dash-ui/react,,,,,,,,"""closed""",3,,,,,,,,
18155670681,PushEvent,true,2021-09-27 01:00:31.000000 UTC,19616653,ArmageddonKnight,204371788,UofT-EcoSystem/tensorflow,"""refs/heads/master""",,,8018503577,1,1,"[{""sha"":""e05e0f6068c55056c7be00e7c4e8281cafde59cf"",""author"":{""name"":""A. Unique TensorFlower"",""email"":""746aced590a184ef4169166e753f7c211e32e5fc@tensorflow.org""},""message"":""Go: Update generated wrapper functions for TensorFlow ops.\n\nPiperOrigin-RevId: 399083662\nChange-Id: I7025a7710ac2582f05cdcd4116b654fddc658a53"",""distinct"":true,""url"":""https://api.github.com/repos/UofT-EcoSystem/tensorflow/commits/e05e0f6068c55056c7be00e7c4e8281cafde59cf""}]",,,,,,,,,,
18155830063,WatchEvent,true,2021-09-27 01:19:30.000000 UTC,50514344,bykgh,4710920,apache/dubbo,,,,,,,,"""started""",,,,,,,,,
18155874626,IssueCommentEvent,true,2021-09-27 01:24:52.000000 UTC,31609229,amorphousDj,10270250,facebook/react,,,,,,,,"""created""",,,,,,,,,
18155817171,PushEvent,true,2021-09-27 01:18:05.000000 UTC,7434837,owen200008,283376913,owen200008/dubbo,"""refs/heads/nacos_unsub_support""",,,8018566850,3,3,"[{""sha"":""1c2083f97da97b72930cfb9fc70bdfbfa7cda63a"",""author"":{""name"":""czq"",""email"":""112aeff359eed98da34afa9d11e4f27c2ab2a529@qq.com""},""message"":""nacos_unsub_support & destroy RegistryDirectory(#8895)"",""distinct"":true,""url"":""https://api.github.com/repos/owen200008/dubbo/commits/1c2083f97da97b72930cfb9fc70bdfbfa7cda63a""},{""sha"":""c65ed7c05e429efddc9a4ec7cd25000adae86d19"",""author"":{""name"":""czq"",""email"":""112aeff359eed98da34afa9d11e4f27c2ab2a529@qq.com""},""message"":""delete idea import use *"",""distinct"":true,""url"":""https://api.github.com/repos/owen200008/dubbo/commits/c65ed7c05e429efddc9a4ec7cd25000adae86d19""},{""sha"":""dfe215d21d33dd4aea12c9936e8b021c66caa51f"",""author"":{""name"":""czq"",""email"":""112aeff359eed98da34afa9d11e4f27c2ab2a529@qq.com""},""message"":""Merge branch 'nacos_unsub_support' of https://github.com/owen200008/dubbo into nacos_unsub_support"",""distinct"":true,""url"":""https://api.github.com/repos/owen200008/dubbo/commits/dfe215d21d33dd4aea12c9936e8b021c66caa51f""}]",,,,,,,,,,
18155908534,PushEvent,true,2021-09-27 01:29:03.000000 UTC,88066247,Agul2020,410435710,Agul2020/opencv,"""refs/heads/main""",,,8018607444,3,3,"[{""sha"":""c27fa3947832d6eb4d0170ed32a2566684a88489"",""author"":{""name"":""agul2020"",""email"":""a438df14356981a1f0418af85efdce8d71ebd11f@outlook.com""},""message"":""更新.vscode配置"",""distinct"":true,""url"":""https://api.github.com/repos/Agul2020/opencv/commits/c27fa3947832d6eb4d0170ed32a2566684a88489""},{""sha"":""08a28a9a1267e777d9ad8d3238602b2add6e50b8"",""author"":{""name"":""agul2020"",""email"":""a438df14356981a1f0418af85efdce8d71ebd11f@outlook.com""},""message"":""新增02-01-readAndWriteImage.cpp"",""distinct"":true,""url"":""https://api.github.com/repos/Agul2020/opencv/commits/08a28a9a1267e777d9ad8d3238602b2add6e50b8""},{""sha"":""5c7e5fe035f46037b9eca7248782b26d11c127af"",""author"":{""name"":""agul2020"",""email"":""a438df14356981a1f0418af85efdce8d71ebd11f@outlook.com""},""message"":""新建readme"",""distinct"":true,""url"":""https://api.github.com/repos/Agul2020/opencv/commits/5c7e5fe035f46037b9eca7248782b26d11c127af""}]",,,,,,,,,,
18156077206,PushEvent,true,2021-09-27 01:52:58.000000 UTC,41898282,github-actions[bot],159692533,smalltalkman/tensorflow,"""refs/heads/master""",,,8018689489,2,2,"[{""sha"":""e05e0f6068c55056c7be00e7c4e8281cafde59cf"",""author"":{""name"":""A. Unique TensorFlower"",""email"":""746aced590a184ef4169166e753f7c211e32e5fc@tensorflow.org""},""message"":""Go: Update generated wrapper functions for TensorFlow ops.\n\nPiperOrigin-RevId: 399083662\nChange-Id: I7025a7710ac2582f05cdcd4116b654fddc658a53"",""distinct"":true,""url"":""https://api.github.com/repos/smalltalkman/tensorflow/commits/e05e0f6068c55056c7be00e7c4e8281cafde59cf""},{""sha"":""9aecb36fa51c64e07b38e00639bec87a992c3170"",""author"":{""name"":""Jing Dong"",""email"":""d30e2b8d11e514c224487cb7c6b7b0ab8b9fd9fd@google.com""},""message"":""Move tpu_runner out of experimental directory as it is now being deployed in prodution.\n\nWe will move the test files and tpu_fused_kernel directory out of the experimental directory in follow up CLs.\n\nPiperOrigin-RevId: 399087254\nChange-Id: Ifddeb5f7eba9ae87eaf8edcc4a914aa17ebb3e63"",""distinct"":true,""url"":""https://api.github.com/repos/smalltalkman/tensorflow/commits/9aecb36fa51c64e07b38e00639bec87a992c3170""}]",,,,,,,,,,
18155808863,PushEvent,true,2021-09-27 01:17:12.000000 UTC,52500170,waguilars,410693779,waguilars/react,"""refs/heads/main""",,,8018563393,1,1,"[{""sha"":""e36d08ed6ff12c760688b6b0c0655e8f602f62c7"",""author"":{""name"":""Wilson Aguilar"",""email"":""5572750ff3e348fdf1eea976e0a77729adfc7742@est.ups.edu.ec""},""message"":"":memo: update README"",""distinct"":true,""url"":""https://api.github.com/repos/waguilars/react/commits/e36d08ed6ff12c760688b6b0c0655e8f602f62c7""}]",,,,,,,,,,
18155942010,IssueCommentEvent,true,2021-09-27 01:33:29.000000 UTC,1372918,archseer,268424739,helix-editor/helix,,,,,,,,"""created""",,,,,,,,,
18155804570,IssuesEvent,true,2021-09-27 01:16:45.000000 UTC,79615262,Omnikar,268424739,helix-editor/helix,,,,,,,,"""opened""",,,,,,,,,
18155793595,DeleteEvent,true,2021-09-27 01:15:32.000000 UTC,49699333,dependabot[bot],220740627,dash-ui/react,"""dependabot/npm_and_yarn/hosted-git-info-2.8.9""","""branch""","""user""",,,,,,,,,,,,,,
18155940959,PushEvent,true,2021-09-27 01:33:20.000000 UTC,40652892,zrlw,382837484,zrlw/dubbo,"""refs/heads/patch-MultiMessageHandler""",,,8018622696,1,1,"[{""sha"":""bea8a1310cae145bcbeaff014c1512df7d216b67"",""author"":{""name"":""zrlw"",""email"":""c3ee052b6ab7be3c31be82ee641dda519078ac4b@sina.com""},""message"":""remove useless import, fix ut"",""distinct"":true,""url"":""https://api.github.com/repos/zrlw/dubbo/commits/bea8a1310cae145bcbeaff014c1512df7d216b67""}]",,,,,,,,,,
18155969041,WatchEvent,true,2021-09-27 01:37:14.000000 UTC,10296554,Cuda-Chen,4576305,openzipkin/zipkin,,,,,,,,"""started""",,,,,,,,,
18155974170,CreateEvent,true,2021-09-27 01:37:58.000000 UTC,40652892,zrlw,382837484,zrlw/dubbo,"""patch-MultiMessageHandler2""","""branch""","""user""",,,,,,,,,,,,,,
18155683795,PushEvent,true,2021-09-27 01:02:18.000000 UTC,86995,jaredLunde,220740627,dash-ui/react,"""refs/heads/main""",,,8018509599,1,1,"[{""sha"":""d15d20a80b586057b494521f7809a9494b6b492e"",""author"":{""name"":""Jared Lunde"",""email"":""f6e551735549ff947a67517b75512f56835f474b@gmail.com""},""message"":""chore: add fix directive to eslint in lint-staged"",""distinct"":true,""url"":""https://api.github.com/repos/dash-ui/react/commits/d15d20a80b586057b494521f7809a9494b6b492e""}]",,,,,,,,,,
18155896614,PushEvent,true,2021-09-27 01:27:32.000000 UTC,68773591,guswnd325,410578079,guswnd325/cocos2d-x,"""refs/heads/main""",,,8018602033,1,1,"[{""sha"":""d4f94aa2ca01bee19eb844d13aadfcbc4b27529a"",""author"":{""name"":""HyeonJoong"",""email"":""cb1128665ddf6af3657f62a97b899121a90c6d86@users.noreply.github.com""},""message"":""Add files via upload"",""distinct"":true,""url"":""https://api.github.com/repos/guswnd325/cocos2d-x/commits/d4f94aa2ca01bee19eb844d13aadfcbc4b27529a""}]",,,,,,,,,,
18155911044,WatchEvent,true,2021-09-27 01:29:23.000000 UTC,53281158,Sayanta66,4710920,apache/dubbo,,,,,,,,"""started""",,,,,,,,,
18156082568,ForkEvent,true,2021-09-27 01:53:45.000000 UTC,3269696,androidexj9,10270250,facebook/react,,,,,,,,,,"""androidexj9/react""",,,,,,,
18156102901,IssueCommentEvent,true,2021-09-27 01:56:50.000000 UTC,2133361,jmloyola,843222,scikit-learn/scikit-learn,,,,,,,,"""created""",,,,,,,,,
18155793473,PullRequestEvent,true,2021-09-27 01:15:31.000000 UTC,49699333,dependabot[bot],220740627,dash-ui/react,,,,,,,,"""closed""",6,,,,,,,,
18155795330,DeleteEvent,true,2021-09-27 01:15:45.000000 UTC,49699333,dependabot[bot],220740627,dash-ui/react,"""dependabot/npm_and_yarn/path-parse-1.0.7""","""branch""","""user""",,,,,,,,,,,,,,
18155917832,CreateEvent,true,2021-09-27 01:30:15.000000 UTC,69646020,maribelalarcon,395085120,maribelalarcon/react,"""clase-11""","""branch""","""user""",,,,,,,,,,,,,,
18168520641,PushEvent,true,2021-09-27 17:06:39.000000 UTC,11245037,Qjammer,410871717,Qjammer/moby,"""refs/heads/json-file-partial-logs""",,,8024533734,3,3,"[{""sha"":""f17aff7445a9dd29d78987649bd352266a23f1b9"",""author"":{""name"":""Qjammer"",""email"":""3219f57f4250fe3a3d94c265f76883811f2c48e0@gmail.com""},""message"":""Implement test essentials\n\nSigned-off-by: Ramiro Balado <baladoramiro+github@gmail.com>"",""distinct"":true,""url"":""https://api.github.com/repos/Qjammer/moby/commits/f17aff7445a9dd29d78987649bd352266a23f1b9""},{""sha"":""d1cdc29ec397308fafd48b5aab2b10d6fa61cb9c"",""author"":{""name"":""Qjammer"",""email"":""3219f57f4250fe3a3d94c265f76883811f2c48e0@gmail.com""},""message"":""Partial messages are being registered\n\nSigned-off-by: Ramiro Balado <baladoramiro+github@gmail.com>"",""distinct"":true,""url"":""https://api.github.com/repos/Qjammer/moby/commits/d1cdc29ec397308fafd48b5aab2b10d6fa61cb9c""},{""sha"":""eb3502a3aedc02252d5c84c3fe21521d3ad414aa"",""author"":{""name"":""Qjammer"",""email"":""3219f57f4250fe3a3d94c265f76883811f2c48e0@gmail.com""},""message"":""Add id, ordinal and last to partial logs\n\nSigned-off-by: Ramiro Balado <baladoramiro+github@gmail.com>"",""distinct"":true,""url"":""https://api.github.com/repos/Qjammer/moby/commits/eb3502a3aedc02252d5c84c3fe21521d3ad414aa""}]",,,,,,,,,,
18168566541,PushEvent,true,2021-09-27 17:09:28.000000 UTC,11245037,Qjammer,410871717,Qjammer/moby,"""refs/heads/json-file-partial-logs""",,,8024554804,1,1,"[{""sha"":""b0e08c2a148ffb676cc39fc374701aee4740df05"",""author"":{""name"":""Qjammer"",""email"":""3219f57f4250fe3a3d94c265f76883811f2c48e0@gmail.com""},""message"":""Add id, ordinal and last to partial logs\n\nSigned-off-by: Ramiro Balado <baladoramiro+github@gmail.com>"",""distinct"":true,""url"":""https://api.github.com/repos/Qjammer/moby/commits/b0e08c2a148ffb676cc39fc374701aee4740df05""}]",,,,,,,,,,
18169073986,PushEvent,true,2021-09-27 17:43:38.000000 UTC,76275816,plohya,383194575,plohya/react,"""refs/heads/master""",,,8024801373,1,1,"[{""sha"":""67d3aa545b3cea164bdebee12aa9842f6f919268"",""author"":{""name"":""Siarhei Rachytski"",""email"":""773bd0569b4fbb8c62368501b67676def602b55c@soft-fx.lv""},""message"":""sort"",""distinct"":true,""url"":""https://api.github.com/repos/plohya/react/commits/67d3aa545b3cea164bdebee12aa9842f6f919268""}]",,,,,,,,,,
18169055579,PushEvent,true,2021-09-27 17:42:17.000000 UTC,75636190,AnnaMoe,410578099,AnnaMoe/react,"""refs/heads/main""",,,8024792890,2,2,"[{""sha"":""68079dadfb20e3c57b3f26eef5ec085b6249f7d2"",""author"":{""name"":""Anna Moelling"",""email"":""e60dbe9cad3b871f1c374ca29d216d8a9a9413b7@googlemail.com""},""message"":""comment on lifting state up"",""distinct"":true,""url"":""https://api.github.com/repos/AnnaMoe/react/commits/68079dadfb20e3c57b3f26eef5ec085b6249f7d2""},{""sha"":""de2e880a54a9327482c08c61d1e6451d0afe42e8"",""author"":{""name"":""Anna Moelling"",""email"":""e60dbe9cad3b871f1c374ca29d216d8a9a9413b7@googlemail.com""},""message"":""ExpensesFilter Eventlistener, forward event to Expenses"",""distinct"":true,""url"":""https://api.github.com/repos/AnnaMoe/react/commits/de2e880a54a9327482c08c61d1e6451d0afe42e8""}]",,,,,,,,,,
18168745155,CreateEvent,true,2021-09-27 17:20:52.000000 UTC,83175988,Pras176,410977777,Pras176/react,,"""repository""","""user""",,,,,,,,,,,,,,
18168760666,CreateEvent,true,2021-09-27 17:21:53.000000 UTC,83175988,Pras176,410977777,Pras176/react,"""main""","""branch""","""user""",,,,,,,,,,,,,,
18169189228,PushEvent,true,2021-09-27 17:51:49.000000 UTC,3624098,acdlite,45281256,acdlite/react,"""refs/heads/codemod-invariant""",,,8024856171,9,4,"[{""sha"":""2e41568313620ab564425be7e5d777581e2db5d4"",""author"":{""name"":""Brian Vaughn"",""email"":""59942a8ec08225673b377c556396ca24baabd1b2@fb.com""},""message"":""DevTools encoding supports multibyte characters (e.g. \""🟩\"") (#22424)\n\nChanges our text encoding approach to properly support multibyte characters following this algorithm. Based on benchmarking, this new approach is roughly equivalent in terms of performance (sometimes slightly faster, sometimes slightly slower).\r\n\r\nI also considered using TextEncoder/TextDecoder for this, but it was much slower (~85%)."",""distinct"":false,""url"":""https://api.github.com/repos/acdlite/react/commits/2e41568313620ab564425be7e5d777581e2db5d4""},{""sha"":""a00536feeea0dc95bb65fd964c9696719b50279e"",""author"":{""name"":""Andrew Clark"",""email"":""46f1a0bd5592a2f9244ca321b129902a06b53e03@andrewclark.io""},""message"":""Hoist error codes import to module scope\n\nWhen this code was written, the error codes map (`codes.json`) was\ncreated on-the-fly, so we had to lazily require from inside the visitor.\n\nBecause `codes.json` is now checked into source, we can import it a\nsingle time in module scope."",""distinct"":false,""url"":""https://api.github.com/repos/acdlite/react/commits/a00536feeea0dc95bb65fd964c9696719b50279e""},{""sha"":""233f8c2c782a89ee96efe7066e6c6f8b2f5229cb"",""author"":{""name"":""Andrew Clark"",""email"":""46f1a0bd5592a2f9244ca321b129902a06b53e03@andrewclark.io""},""message"":""Minify error constructors in production\n\nWe use a script to minify our error messages in production. Each message\nis assigned an error code, defined in `scripts/error-codes/codes.json`.\nThen our build script replaces the messages with a link to our\nerror decoder page, e.g. https://reactjs.org/docs/error-decoder.html/?invariant=92\n\nThis enables us to write helpful error messages without increasing the\nbundle size.\n\nRight now, the script only works for `invariant` calls. It does not work\nif you throw an Error object. This is an old Facebookism that we don't\nreally need, other than the fact that our error minification script\nrelies on it.\n\nSo, I've updated the script to minify error constructors, too:\n\nInput:\n  Error(`A ${adj} message that contains ${noun}`);\nOutput:\n  Error(formatProdErrorMessage(ERR_CODE, adj, noun));\n\nIt only works for constructors that are literally named Error, though we\ncould add support for other names, too.\n\nAs a next step, I will add a lint rule to enforce that errors written\nthis way must have a corresponding error code."",""distinct"":false,""url"":""https://api.github.com/repos/acdlite/react/commits/233f8c2c782a89ee96efe7066e6c6f8b2f5229cb""},{""sha"":""45a60e0d3e29b59b1a1de4003c05906f3d8d55e8"",""author"":{""name"":""Andrew Clark"",""email"":""46f1a0bd5592a2f9244ca321b129902a06b53e03@andrewclark.io""},""message"":""Minify \""no fallback UI specified\"" error in prod\n\nThis error message wasn't being minified because it doesn't use\ninvariant. The reason it didn't use invariant is because this particular\nerror is created without begin thrown — it doesn't need to be thrown\nbecause it's located inside the error handling part of the runtime.\n\nNow that the error minification script supports Error constructors, we\ncan minify it by assigning it a production error code in\n`scripts/error-codes/codes.json`.\n\nTo support the use of Error constructors more generally, I will add a\nlint rule that enforces each message has a corresponding error code."",""distinct"":false,""url"":""https://api.github.com/repos/acdlite/react/commits/45a60e0d3e29b59b1a1de4003c05906f3d8d55e8""},{""sha"":""6158ba40234c11a5e7f00a4d57837bce5b9af66d"",""author"":{""name"":""Andrew Clark"",""email"":""46f1a0bd5592a2f9244ca321b129902a06b53e03@andrewclark.io""},""message"":""Lint rule to detect unminified errors\n\nAdds a lint rule that detects when an Error constructor is used without\na corresponding production error code.\n\nWe already have this for `invariant`, but not for regular errors, i.e.\n`throw new Error(msg)`. There's also nothing that enforces the use of\n`invariant` besides convention.\n\nThere are some packages where we don't care to minify errors. These are\npackages that run in environments where bundle size is not a concern,\nlike react-pg. I added an override in the ESLint config to ignore these."",""distinct"":false,""url"":""https://api.github.com/repos/acdlite/react/commits/6158ba40234c11a5e7f00a4d57837bce5b9af66d""},{""sha"":""cb32a273e479014a472f38ee611d1ac875b06ddc"",""author"":{""name"":""Andrew Clark"",""email"":""46f1a0bd5592a2f9244ca321b129902a06b53e03@andrewclark.io""},""message"":""Temporarily add invariant codemod script\n\nI'm adding this codemod to the repo temporarily, but I'll revert it\nin the same PR. That way we don't have to check it in but it's still\naccessible (via the PR) if we need it later."",""distinct"":true,""url"":""https://api.github.com/repos/acdlite/react/commits/cb32a273e479014a472f38ee611d1ac875b06ddc""},{""sha"":""e9837a6a6849350eaabd21053e85fe30aa5d5fe9"",""author"":{""name"":""Andrew Clark"",""email"":""46f1a0bd5592a2f9244ca321b129902a06b53e03@andrewclark.io""},""message"":""[Automated] Codemod invariant -> Error\n\nThis commit contains only automated changes:\n\nnpx jscodeshift -t scripts/codemod-invariant.js packages --ignore-pattern=\""node_modules/**/*\""\nyarn linc --fix\nyarn prettier\n\nI will do any manual touch ups in separate commits so they're easier\nto review."",""distinct"":true,""url"":""https://api.github.com/repos/acdlite/react/commits/e9837a6a6849350eaabd21053e85fe30aa5d5fe9""},{""sha"":""2e22ec7361102071ed4d662cc1934efb51e2d9bd"",""author"":{""name"":""Andrew Clark"",""email"":""46f1a0bd5592a2f9244ca321b129902a06b53e03@andrewclark.io""},""message"":""Remove temporary codemod script\n\nThis reverts the codemod script and ESLint config I added temporarily\nin order to perform the invariant codemod."",""distinct"":true,""url"":""https://api.github.com/repos/acdlite/react/commits/2e22ec7361102071ed4d662cc1934efb51e2d9bd""},{""sha"":""ffe1e5425338812ffb35354b8420563e95c9ddd0"",""author"":{""name"":""Andrew Clark"",""email"":""46f1a0bd5592a2f9244ca321b129902a06b53e03@andrewclark.io""},""message"":""Manual touch ups\n\nA few manual changes I made after the codemod ran."",""distinct"":true,""url"":""https://api.github.com/repos/acdlite/react/commits/ffe1e5425338812ffb35354b8420563e95c9ddd0""}]",,,,,,,,,,
18168527275,PushEvent,true,2021-09-27 17:07:04.000000 UTC,3624098,acdlite,45281256,acdlite/react,"""refs/heads/lint-prod-error-codes""",,,8024536666,2,0,"[{""sha"":""c9d64e5f4c2b7cc70a618eec78900dbfd6d201e8"",""author"":{""name"":""Behnam Mohammadi"",""email"":""e60bfd15efa0ef0d0b5be4cda8700dbcfca0b68a@live.com""},""message"":""add hasOwnProperty to devTools backend (#22437)"",""distinct"":false,""url"":""https://api.github.com/repos/acdlite/react/commits/c9d64e5f4c2b7cc70a618eec78900dbfd6d201e8""},{""sha"":""05726d72ccd3940a927462d520d0d2674012ad85"",""author"":{""name"":""Andrew Clark"",""email"":""46f1a0bd5592a2f9244ca321b129902a06b53e03@andrewclark.io""},""message"":""[Fix] Errors should not \""unsuspend\"" a transition (#22423)\n\nIf an error is thrown during a transition where we would have otherwise\r\nsuspended without showing a fallback (i.e. during a refresh), we should\r\nstill suspend.\r\n\r\nThe current behavior is that the error will force the fallback to\r\nappear, even if it's completely unrelated to the component that errored,\r\nwhich breaks the contract of `startTransition`."",""distinct"":false,""url"":""https://api.github.com/repos/acdlite/react/commits/05726d72ccd3940a927462d520d0d2674012ad85""}]",,,,,,,,,,
18169184918,PushEvent,true,2021-09-27 17:51:30.000000 UTC,3624098,acdlite,45281256,acdlite/react,"""refs/heads/minify-error-messages""",,,8024854074,4,4,"[{""sha"":""2e41568313620ab564425be7e5d777581e2db5d4"",""author"":{""name"":""Brian Vaughn"",""email"":""59942a8ec08225673b377c556396ca24baabd1b2@fb.com""},""message"":""DevTools encoding supports multibyte characters (e.g. \""🟩\"") (#22424)\n\nChanges our text encoding approach to properly support multibyte characters following this algorithm. Based on benchmarking, this new approach is roughly equivalent in terms of performance (sometimes slightly faster, sometimes slightly slower).\r\n\r\nI also considered using TextEncoder/TextDecoder for this, but it was much slower (~85%)."",""distinct"":true,""url"":""https://api.github.com/repos/acdlite/react/commits/2e41568313620ab564425be7e5d777581e2db5d4""},{""sha"":""a00536feeea0dc95bb65fd964c9696719b50279e"",""author"":{""name"":""Andrew Clark"",""email"":""46f1a0bd5592a2f9244ca321b129902a06b53e03@andrewclark.io""},""message"":""Hoist error codes import to module scope\n\nWhen this code was written, the error codes map (`codes.json`) was\ncreated on-the-fly, so we had to lazily require from inside the visitor.\n\nBecause `codes.json` is now checked into source, we can import it a\nsingle time in module scope."",""distinct"":true,""url"":""https://api.github.com/repos/acdlite/react/commits/a00536feeea0dc95bb65fd964c9696719b50279e""},{""sha"":""233f8c2c782a89ee96efe7066e6c6f8b2f5229cb"",""author"":{""name"":""Andrew Clark"",""email"":""46f1a0bd5592a2f9244ca321b129902a06b53e03@andrewclark.io""},""message"":""Minify error constructors in production\n\nWe use a script to minify our error messages in production. Each message\nis assigned an error code, defined in `scripts/error-codes/codes.json`.\nThen our build script replaces the messages with a link to our\nerror decoder page, e.g. https://reactjs.org/docs/error-decoder.html/?invariant=92\n\nThis enables us to write helpful error messages without increasing the\nbundle size.\n\nRight now, the script only works for `invariant` calls. It does not work\nif you throw an Error object. This is an old Facebookism that we don't\nreally need, other than the fact that our error minification script\nrelies on it.\n\nSo, I've updated the script to minify error constructors, too:\n\nInput:\n  Error(`A ${adj} message that contains ${noun}`);\nOutput:\n  Error(formatProdErrorMessage(ERR_CODE, adj, noun));\n\nIt only works for constructors that are literally named Error, though we\ncould add support for other names, too.\n\nAs a next step, I will add a lint rule to enforce that errors written\nthis way must have a corresponding error code."",""distinct"":true,""url"":""https://api.github.com/repos/acdlite/react/commits/233f8c2c782a89ee96efe7066e6c6f8b2f5229cb""},{""sha"":""45a60e0d3e29b59b1a1de4003c05906f3d8d55e8"",""author"":{""name"":""Andrew Clark"",""email"":""46f1a0bd5592a2f9244ca321b129902a06b53e03@andrewclark.io""},""message"":""Minify \""no fallback UI specified\"" error in prod\n\nThis error message wasn't being minified because it doesn't use\ninvariant. The reason it didn't use invariant is because this particular\nerror is created without begin thrown — it doesn't need to be thrown\nbecause it's located inside the error handling part of the runtime.\n\nNow that the error minification script supports Error constructors, we\ncan minify it by assigning it a production error code in\n`scripts/error-codes/codes.json`.\n\nTo support the use of Error constructors more generally, I will add a\nlint rule that enforces each message has a corresponding error code."",""distinct"":true,""url"":""https://api.github.com/repos/acdlite/react/commits/45a60e0d3e29b59b1a1de4003c05906f3d8d55e8""}]",,,,,,,,,,
18169119320,PushEvent,true,2021-09-27 17:46:53.000000 UTC,3624098,acdlite,45281256,acdlite/react,"""refs/heads/lint-prod-error-codes""",,,8024822524,5,1,"[{""sha"":""c88fb49d37fd01024e0a254a37b7810d107bdd1d"",""author"":{""name"":""Justin Grant"",""email"":""8d98433eeba340cfbd8ad789949e75dfb0df2bb3@users.noreply.github.com""},""message"":""Improve DEV errors if string coercion throws (Temporal.*, Symbol, etc.) (#22064)\n\n* Revise ESLint rules for string coercion\r\n\r\nCurrently, react uses `'' + value` to coerce mixed values to strings.\r\nThis code will throw for Temporal objects or symbols.\r\n\r\nTo make string-coercion safer and to improve user-facing error messages,\r\nThis commit adds a new ESLint rule called `safe-string-coercion`.\r\n\r\nThis rule has two modes: a production mode and a non-production mode.\r\n* If the `isProductionUserAppCode` option is true, then `'' + value`\r\n  coercions are allowed (because they're faster, although they may\r\n  throw) and `String(value)` coercions are disallowed. Exception:\r\n  when building error messages or running DEV-only code in prod\r\n  files, `String()` should be used because it won't throw.\r\n* If the `isProductionUserAppCode` option is false, then `'' + value`\r\n  coercions are disallowed (because they may throw, and in non-prod\r\n  code it's not worth the risk) and `String(value)` are allowed.\r\n\r\nProduction mode is used for all files which will be bundled with\r\ndevelopers' userland apps. Non-prod mode is used for all other React\r\ncode: tests, DEV blocks, devtools extension, etc.\r\n\r\nIn production mode, in addiiton to flagging `String(value)` calls,\r\nthe rule will also flag `'' + value` or `value + ''` coercions that may\r\nthrow. The rule is smart enough to silence itself in the following\r\n\""will never throw\"" cases:\r\n* When the coercion is wrapped in a `typeof` test that restricts to safe\r\n  (non-symbol, non-object) types. Example:\r\n    if (typeof value === 'string' || typeof value === 'number') {\r\n      thisWontReport('' + value);\r\n    }\r\n* When what's being coerced is a unary function result, because unary\r\n   functions never return an object or a symbol.\r\n* When the coerced value is a commonly-used numeric identifier:\r\n  `i`, `idx`, or `lineNumber`.\r\n* When the statement immeidately before the coercion is a DEV-only\r\n  call to a function from shared/CheckStringCoercion.js. This call is a\r\n  no-op in production, but in DEV it will show a console error\r\n  explaining the problem, then will throw right after a long explanatory\r\n  code comment so that debugger users will have an idea what's going on.\r\n  The check function call must be in the following format:\r\n    if (__DEV__) {\r\n      checkXxxxxStringCoercion(value);\r\n    };\r\n\r\nManually disabling the rule is usually not necessary because almost all\r\nprod use of the `'' + value` pattern falls into one of the categories\r\nabove. But in the rare cases where the rule isn't smart enough to detect\r\nsafe usage (e.g. when a coercion is inside a nested ternary operator),\r\nmanually disabling the rule will be needed.\r\n\r\nThe rule should also be manually disabled in prod error handling code\r\nwhere `String(value)` should be used for coercions, because it'd be\r\nbad to throw while building an error message or stack trace!\r\n\r\nThe prod and non-prod modes have differentiated error messages to\r\nexplain how to do a proper coercion in that mode.\r\n\r\nIf a production check call is needed but is missing or incorrect\r\n(e.g. not in a DEV block or not immediately before the coercion), then\r\na context-sensitive error message will be reported so that developers\r\ncan figure out what's wrong and how to fix the problem.\r\n\r\nBecause string coercions are now handled by the `safe-string-coercion`\r\nrule, the `no-primitive-constructor` rule no longer flags `String()`\r\nusage. It still flags `new String(value)` because that usage is almost\r\nalways a bug.\r\n\r\n* Add DEV-only string coercion check functions\r\n\r\nThis commit adds DEV-only functions to check whether coercing\r\nvalues to strings using the `'' + value` pattern will throw. If it will\r\nthrow, these functions will:\r\n1. Display a console error with a friendly error message describing\r\n   the problem and the developer can fix it.\r\n2. Perform the coercion, which will throw. Right before the line where\r\n   the throwing happens, there's a long code comment that will help\r\n   debugger users (or others looking at the exception call stack) figure\r\n   out what happened and how to fix the problem.\r\n\r\nOne of these check functions should be called before all string coercion\r\nof user-provided values, except when the the coercion is guaranteed not\r\nto throw, e.g.\r\n* if inside a typeof check like `if (typeof value === 'string')`\r\n* if coercing the result of a unary function like `+value` or `value++`\r\n* if coercing a variable named in a whitelist of numeric identifiers:\r\n  `i`, `idx`, or `lineNumber`.\r\n\r\nThe new `safe-string-coercion` internal ESLint rule enforces that\r\nthese check functions are called when they are required.\r\n\r\nOnly use these check functions in production code that will be bundled\r\nwith user apps.  For non-prod code (and for production error-handling\r\ncode), use `String(value)` instead which may be a little slower but will\r\nnever throw.\r\n\r\n* Add failing tests for string coercion\r\n\r\nAdded failing tests to verify:\r\n* That input, select, and textarea elements with value and defaultValue\r\n  set to Temporal-like objects which will throw when coerced to string\r\n  using the `'' + value` pattern.\r\n* That text elements will throw for Temporal-like objects\r\n* That dangerouslySetInnerHTML will *not* throw for Temporal-like\r\n  objects because this value is not cast to a string before passing to\r\n  the DOM.\r\n* That keys that are Temporal-like objects will throw\r\n\r\nAll tests above validate the friendly error messages thrown.\r\n\r\n* Use `String(value)` for coercion in non-prod files\r\n\r\nThis commit switches non-production code from `'' + value` (which\r\nthrows for Temporal objects and symbols) to instead use `String(value)`\r\nwhich won't throw for these or other future plus-phobic types.\r\n\r\n\""Non-produciton code\"" includes anything not bundled into user apps:\r\n* Tests and test utilities. Note that I didn't change legacy React\r\n  test fixtures because I assumed it was good for those files to\r\n  act just like old React, including coercion behavior.\r\n* Build scripts\r\n* Dev tools package - In addition to switching to `String`, I also\r\n  removed special-case code for coercing symbols which is now\r\n  unnecessary.\r\n\r\n* Add DEV-only string coercion checks to prod files\r\n\r\nThis commit adds DEV-only function calls to to check if string coercion\r\nusing `'' + value` will throw, which it will if the value is a Temporal\r\nobject or a symbol because those types can't be added with `+`.\r\n\r\nIf it will throw, then in DEV these checks will show a console error\r\nto help the user undertsand what went wrong and how to fix the\r\nproblem. After emitting the console error, the check functions will\r\nretry the coercion which will throw with a call stack that's easy (or\r\nat least easier!) to troubleshoot because the exception happens right\r\nafter a long comment explaining the issue. So whether the user is in\r\na debugger, looking at the browser console, or viewing the in-browser\r\nDEV call stack, it should be easy to understand and fix the problem.\r\n\r\nIn most cases, the safe-string-coercion ESLint rule is smart enough to\r\ndetect when a coercion is safe. But in rare cases (e.g. when a coercion\r\nis inside a ternary) this rule will have to be manually disabled.\r\n\r\nThis commit also switches error-handling code to use `String(value)`\r\nfor coercion, because it's bad to crash when you're trying to build\r\nan error message or a call stack!  Because `String()` is usually\r\ndisallowed by the `safe-string-coercion` ESLint rule in production\r\ncode, the rule must be disabled when `String()` is used."",""distinct"":false,""url"":""https://api.github.com/repos/acdlite/react/commits/c88fb49d37fd01024e0a254a37b7810d107bdd1d""},{""sha"":""2677ebe4b32aae440a5fbb0425d68a7019e91d49"",""author"":{""name"":""Andrew Clark"",""email"":""46f1a0bd5592a2f9244ca321b129902a06b53e03@andrewclark.io""},""message"":""Hoist error codes import to module scope\n\nWhen this code was written, the error codes map (`codes.json`) was\ncreated on-the-fly, so we had to lazily require from inside the visitor.\n\nBecause `codes.json` is now checked into source, we can import it a\nsingle time in module scope."",""distinct"":false,""url"":""https://api.github.com/repos/acdlite/react/commits/2677ebe4b32aae440a5fbb0425d68a7019e91d49""},{""sha"":""0545b59c6b5dbafb4d0624ef41461a86421a809c"",""author"":{""name"":""Andrew Clark"",""email"":""46f1a0bd5592a2f9244ca321b129902a06b53e03@andrewclark.io""},""message"":""Minify error constructors in production\n\nWe use a script to minify our error messages in production. Each message\nis assigned an error code, defined in `scripts/error-codes/codes.json`.\nThen our build script replaces the messages with a link to our\nerror decoder page, e.g. https://reactjs.org/docs/error-decoder.html/?invariant=92\n\nThis enables us to write helpful error messages without increasing the\nbundle size.\n\nRight now, the script only works for `invariant` calls. It does not work\nif you throw an Error object. This is an old Facebookism that we don't\nreally need, other than the fact that our error minification script\nrelies on it.\n\nSo, I've updated the script to minify error constructors, too:\n\nInput:\n  Error(`A ${adj} message that contains ${noun}`);\nOutput:\n  Error(formatProdErrorMessage(ERR_CODE, adj, noun));\n\nIt only works for constructors that are literally named Error, though we\ncould add support for other names, too.\n\nAs a next step, I will add a lint rule to enforce that errors written\nthis way must have a corresponding error code."",""distinct"":false,""url"":""https://api.github.com/repos/acdlite/react/commits/0545b59c6b5dbafb4d0624ef41461a86421a809c""},{""sha"":""bba6bb86aa8074f2e5610b633dc68f4084226fe0"",""author"":{""name"":""Andrew Clark"",""email"":""46f1a0bd5592a2f9244ca321b129902a06b53e03@andrewclark.io""},""message"":""Minify \""no fallback UI specified\"" error in prod\n\nThis error message wasn't being minified because it doesn't use\ninvariant. The reason it didn't use invariant is because this particular\nerror is created without begin thrown — it doesn't need to be thrown\nbecause it's located inside the error handling part of the runtime.\n\nNow that the error minification script supports Error constructors, we\ncan minify it by assigning it a production error code in\n`scripts/error-codes/codes.json`.\n\nTo support the use of Error constructors more generally, I will add a\nlint rule that enforces each message has a corresponding error code."",""distinct"":false,""url"":""https://api.github.com/repos/acdlite/react/commits/bba6bb86aa8074f2e5610b633dc68f4084226fe0""},{""sha"":""455f4275d50474e1be6d788464f22c38bb1427cb"",""author"":{""name"":""Andrew Clark"",""email"":""46f1a0bd5592a2f9244ca321b129902a06b53e03@andrewclark.io""},""message"":""Lint rule to detect unminified errors\n\nAdds a lint rule that detects when an Error constructor is used without\na corresponding production error code.\n\nWe already have this for `invariant`, but not for regular errors, i.e.\n`throw new Error(msg)`. There's also nothing that enforces the use of\n`invariant` besides convention.\n\nThere are some packages where we don't care to minify errors. These are\npackages that run in environments where bundle size is not a concern,\nlike react-pg. I added an override in the ESLint config to ignore these."",""distinct"":true,""url"":""https://api.github.com/repos/acdlite/react/commits/455f4275d50474e1be6d788464f22c38bb1427cb""}]",,,,,,,,,,
18168646835,PushEvent,true,2021-09-27 17:14:33.000000 UTC,3624098,acdlite,45281256,acdlite/react,"""refs/heads/codemod-invariant""",,,8024592650,11,4,"[{""sha"":""c9d64e5f4c2b7cc70a618eec78900dbfd6d201e8"",""author"":{""name"":""Behnam Mohammadi"",""email"":""e60bfd15efa0ef0d0b5be4cda8700dbcfca0b68a@live.com""},""message"":""add hasOwnProperty to devTools backend (#22437)"",""distinct"":false,""url"":""https://api.github.com/repos/acdlite/react/commits/c9d64e5f4c2b7cc70a618eec78900dbfd6d201e8""},{""sha"":""05726d72ccd3940a927462d520d0d2674012ad85"",""author"":{""name"":""Andrew Clark"",""email"":""46f1a0bd5592a2f9244ca321b129902a06b53e03@andrewclark.io""},""message"":""[Fix] Errors should not \""unsuspend\"" a transition (#22423)\n\nIf an error is thrown during a transition where we would have otherwise\r\nsuspended without showing a fallback (i.e. during a refresh), we should\r\nstill suspend.\r\n\r\nThe current behavior is that the error will force the fallback to\r\nappear, even if it's completely unrelated to the component that errored,\r\nwhich breaks the contract of `startTransition`."",""distinct"":false,""url"":""https://api.github.com/repos/acdlite/react/commits/05726d72ccd3940a927462d520d0d2674012ad85""},{""sha"":""c88fb49d37fd01024e0a254a37b7810d107bdd1d"",""author"":{""name"":""Justin Grant"",""email"":""8d98433eeba340cfbd8ad789949e75dfb0df2bb3@users.noreply.github.com""},""message"":""Improve DEV errors if string coercion throws (Temporal.*, Symbol, etc.) (#22064)\n\n* Revise ESLint rules for string coercion\r\n\r\nCurrently, react uses `'' + value` to coerce mixed values to strings.\r\nThis code will throw for Temporal objects or symbols.\r\n\r\nTo make string-coercion safer and to improve user-facing error messages,\r\nThis commit adds a new ESLint rule called `safe-string-coercion`.\r\n\r\nThis rule has two modes: a production mode and a non-production mode.\r\n* If the `isProductionUserAppCode` option is true, then `'' + value`\r\n  coercions are allowed (because they're faster, although they may\r\n  throw) and `String(value)` coercions are disallowed. Exception:\r\n  when building error messages or running DEV-only code in prod\r\n  files, `String()` should be used because it won't throw.\r\n* If the `isProductionUserAppCode` option is false, then `'' + value`\r\n  coercions are disallowed (because they may throw, and in non-prod\r\n  code it's not worth the risk) and `String(value)` are allowed.\r\n\r\nProduction mode is used for all files which will be bundled with\r\ndevelopers' userland apps. Non-prod mode is used for all other React\r\ncode: tests, DEV blocks, devtools extension, etc.\r\n\r\nIn production mode, in addiiton to flagging `String(value)` calls,\r\nthe rule will also flag `'' + value` or `value + ''` coercions that may\r\nthrow. The rule is smart enough to silence itself in the following\r\n\""will never throw\"" cases:\r\n* When the coercion is wrapped in a `typeof` test that restricts to safe\r\n  (non-symbol, non-object) types. Example:\r\n    if (typeof value === 'string' || typeof value === 'number') {\r\n      thisWontReport('' + value);\r\n    }\r\n* When what's being coerced is a unary function result, because unary\r\n   functions never return an object or a symbol.\r\n* When the coerced value is a commonly-used numeric identifier:\r\n  `i`, `idx`, or `lineNumber`.\r\n* When the statement immeidately before the coercion is a DEV-only\r\n  call to a function from shared/CheckStringCoercion.js. This call is a\r\n  no-op in production, but in DEV it will show a console error\r\n  explaining the problem, then will throw right after a long explanatory\r\n  code comment so that debugger users will have an idea what's going on.\r\n  The check function call must be in the following format:\r\n    if (__DEV__) {\r\n      checkXxxxxStringCoercion(value);\r\n    };\r\n\r\nManually disabling the rule is usually not necessary because almost all\r\nprod use of the `'' + value` pattern falls into one of the categories\r\nabove. But in the rare cases where the rule isn't smart enough to detect\r\nsafe usage (e.g. when a coercion is inside a nested ternary operator),\r\nmanually disabling the rule will be needed.\r\n\r\nThe rule should also be manually disabled in prod error handling code\r\nwhere `String(value)` should be used for coercions, because it'd be\r\nbad to throw while building an error message or stack trace!\r\n\r\nThe prod and non-prod modes have differentiated error messages to\r\nexplain how to do a proper coercion in that mode.\r\n\r\nIf a production check call is needed but is missing or incorrect\r\n(e.g. not in a DEV block or not immediately before the coercion), then\r\na context-sensitive error message will be reported so that developers\r\ncan figure out what's wrong and how to fix the problem.\r\n\r\nBecause string coercions are now handled by the `safe-string-coercion`\r\nrule, the `no-primitive-constructor` rule no longer flags `String()`\r\nusage. It still flags `new String(value)` because that usage is almost\r\nalways a bug.\r\n\r\n* Add DEV-only string coercion check functions\r\n\r\nThis commit adds DEV-only functions to check whether coercing\r\nvalues to strings using the `'' + value` pattern will throw. If it will\r\nthrow, these functions will:\r\n1. Display a console error with a friendly error message describing\r\n   the problem and the developer can fix it.\r\n2. Perform the coercion, which will throw. Right before the line where\r\n   the throwing happens, there's a long code comment that will help\r\n   debugger users (or others looking at the exception call stack) figure\r\n   out what happened and how to fix the problem.\r\n\r\nOne of these check functions should be called before all string coercion\r\nof user-provided values, except when the the coercion is guaranteed not\r\nto throw, e.g.\r\n* if inside a typeof check like `if (typeof value === 'string')`\r\n* if coercing the result of a unary function like `+value` or `value++`\r\n* if coercing a variable named in a whitelist of numeric identifiers:\r\n  `i`, `idx`, or `lineNumber`.\r\n\r\nThe new `safe-string-coercion` internal ESLint rule enforces that\r\nthese check functions are called when they are required.\r\n\r\nOnly use these check functions in production code that will be bundled\r\nwith user apps.  For non-prod code (and for production error-handling\r\ncode), use `String(value)` instead which may be a little slower but will\r\nnever throw.\r\n\r\n* Add failing tests for string coercion\r\n\r\nAdded failing tests to verify:\r\n* That input, select, and textarea elements with value and defaultValue\r\n  set to Temporal-like objects which will throw when coerced to string\r\n  using the `'' + value` pattern.\r\n* That text elements will throw for Temporal-like objects\r\n* That dangerouslySetInnerHTML will *not* throw for Temporal-like\r\n  objects because this value is not cast to a string before passing to\r\n  the DOM.\r\n* That keys that are Temporal-like objects will throw\r\n\r\nAll tests above validate the friendly error messages thrown.\r\n\r\n* Use `String(value)` for coercion in non-prod files\r\n\r\nThis commit switches non-production code from `'' + value` (which\r\nthrows for Temporal objects and symbols) to instead use `String(value)`\r\nwhich won't throw for these or other future plus-phobic types.\r\n\r\n\""Non-produciton code\"" includes anything not bundled into user apps:\r\n* Tests and test utilities. Note that I didn't change legacy React\r\n  test fixtures because I assumed it was good for those files to\r\n  act just like old React, including coercion behavior.\r\n* Build scripts\r\n* Dev tools package - In addition to switching to `String`, I also\r\n  removed special-case code for coercing symbols which is now\r\n  unnecessary.\r\n\r\n* Add DEV-only string coercion checks to prod files\r\n\r\nThis commit adds DEV-only function calls to to check if string coercion\r\nusing `'' + value` will throw, which it will if the value is a Temporal\r\nobject or a symbol because those types can't be added with `+`.\r\n\r\nIf it will throw, then in DEV these checks will show a console error\r\nto help the user undertsand what went wrong and how to fix the\r\nproblem. After emitting the console error, the check functions will\r\nretry the coercion which will throw with a call stack that's easy (or\r\nat least easier!) to troubleshoot because the exception happens right\r\nafter a long comment explaining the issue. So whether the user is in\r\na debugger, looking at the browser console, or viewing the in-browser\r\nDEV call stack, it should be easy to understand and fix the problem.\r\n\r\nIn most cases, the safe-string-coercion ESLint rule is smart enough to\r\ndetect when a coercion is safe. But in rare cases (e.g. when a coercion\r\nis inside a ternary) this rule will have to be manually disabled.\r\n\r\nThis commit also switches error-handling code to use `String(value)`\r\nfor coercion, because it's bad to crash when you're trying to build\r\nan error message or a call stack!  Because `String()` is usually\r\ndisallowed by the `safe-string-coercion` ESLint rule in production\r\ncode, the rule must be disabled when `String()` is used."",""distinct"":false,""url"":""https://api.github.com/repos/acdlite/react/commits/c88fb49d37fd01024e0a254a37b7810d107bdd1d""},{""sha"":""2677ebe4b32aae440a5fbb0425d68a7019e91d49"",""author"":{""name"":""Andrew Clark"",""email"":""46f1a0bd5592a2f9244ca321b129902a06b53e03@andrewclark.io""},""message"":""Hoist error codes import to module scope\n\nWhen this code was written, the error codes map (`codes.json`) was\ncreated on-the-fly, so we had to lazily require from inside the visitor.\n\nBecause `codes.json` is now checked into source, we can import it a\nsingle time in module scope."",""distinct"":false,""url"":""https://api.github.com/repos/acdlite/react/commits/2677ebe4b32aae440a5fbb0425d68a7019e91d49""},{""sha"":""0545b59c6b5dbafb4d0624ef41461a86421a809c"",""author"":{""name"":""Andrew Clark"",""email"":""46f1a0bd5592a2f9244ca321b129902a06b53e03@andrewclark.io""},""message"":""Minify error constructors in production\n\nWe use a script to minify our error messages in production. Each message\nis assigned an error code, defined in `scripts/error-codes/codes.json`.\nThen our build script replaces the messages with a link to our\nerror decoder page, e.g. https://reactjs.org/docs/error-decoder.html/?invariant=92\n\nThis enables us to write helpful error messages without increasing the\nbundle size.\n\nRight now, the script only works for `invariant` calls. It does not work\nif you throw an Error object. This is an old Facebookism that we don't\nreally need, other than the fact that our error minification script\nrelies on it.\n\nSo, I've updated the script to minify error constructors, too:\n\nInput:\n  Error(`A ${adj} message that contains ${noun}`);\nOutput:\n  Error(formatProdErrorMessage(ERR_CODE, adj, noun));\n\nIt only works for constructors that are literally named Error, though we\ncould add support for other names, too.\n\nAs a next step, I will add a lint rule to enforce that errors written\nthis way must have a corresponding error code."",""distinct"":false,""url"":""https://api.github.com/repos/acdlite/react/commits/0545b59c6b5dbafb4d0624ef41461a86421a809c""},{""sha"":""bba6bb86aa8074f2e5610b633dc68f4084226fe0"",""author"":{""name"":""Andrew Clark"",""email"":""46f1a0bd5592a2f9244ca321b129902a06b53e03@andrewclark.io""},""message"":""Minify \""no fallback UI specified\"" error in prod\n\nThis error message wasn't being minified because it doesn't use\ninvariant. The reason it didn't use invariant is because this particular\nerror is created without begin thrown — it doesn't need to be thrown\nbecause it's located inside the error handling part of the runtime.\n\nNow that the error minification script supports Error constructors, we\ncan minify it by assigning it a production error code in\n`scripts/error-codes/codes.json`.\n\nTo support the use of Error constructors more generally, I will add a\nlint rule that enforces each message has a corresponding error code."",""distinct"":false,""url"":""https://api.github.com/repos/acdlite/react/commits/bba6bb86aa8074f2e5610b633dc68f4084226fe0""},{""sha"":""62aae4c4c216c1db2005f8eab90d20723e339f5c"",""author"":{""name"":""Andrew Clark"",""email"":""46f1a0bd5592a2f9244ca321b129902a06b53e03@andrewclark.io""},""message"":""Lint rule to detect unminified errors\n\nAdds a lint rule that detects when an Error constructor is used without\na corresponding production error code.\n\nWe already have this for `invariant`, but not for regular errors, i.e.\n`throw new Error(msg)`. There's also nothing that enforces the use of\n`invariant` besides convention.\n\nThere are some packages where we don't care to minify errors. These are\npackages that run in environments where bundle size is not a concern,\nlike react-pg. I added an override in the ESLint config to ignore these."",""distinct"":false,""url"":""https://api.github.com/repos/acdlite/react/commits/62aae4c4c216c1db2005f8eab90d20723e339f5c""},{""sha"":""29439122e10c6acbb99471de8ca518674e84b505"",""author"":{""name"":""Andrew Clark"",""email"":""46f1a0bd5592a2f9244ca321b129902a06b53e03@andrewclark.io""},""message"":""Temporarily add invariant codemod script\n\nI'm adding this codemod to the repo temporarily, but I'll revert it\nin the same PR. That way we don't have to check it in but it's still\naccessible (via the PR) if we need it later."",""distinct"":true,""url"":""https://api.github.com/repos/acdlite/react/commits/29439122e10c6acbb99471de8ca518674e84b505""},{""sha"":""cc33e195d172367c162821ffcbb07bc6cf88ee59"",""author"":{""name"":""Andrew Clark"",""email"":""46f1a0bd5592a2f9244ca321b129902a06b53e03@andrewclark.io""},""message"":""[Automated] Codemod invariant -> Error\n\nThis commit contains only automated changes:\n\nnpx jscodeshift -t scripts/codemod-invariant.js packages --ignore-pattern=\""node_modules/**/*\""\nyarn linc --fix\nyarn prettier\n\nI will do any manual touch ups in separate commits so they're easier\nto review."",""distinct"":true,""url"":""https://api.github.com/repos/acdlite/react/commits/cc33e195d172367c162821ffcbb07bc6cf88ee59""},{""sha"":""beacf646cff860a12155cf61231b53d37d1ebdb6"",""author"":{""name"":""Andrew Clark"",""email"":""46f1a0bd5592a2f9244ca321b129902a06b53e03@andrewclark.io""},""message"":""Remove temporary codemod script\n\nThis reverts the codemod script and ESLint config I added temporarily\nin order to perform the invariant codemod."",""distinct"":true,""url"":""https://api.github.com/repos/acdlite/react/commits/beacf646cff860a12155cf61231b53d37d1ebdb6""},{""sha"":""f8149e9c5ff14a91a9c52f12cbe73361302d07ee"",""author"":{""name"":""Andrew Clark"",""email"":""46f1a0bd5592a2f9244ca321b129902a06b53e03@andrewclark.io""},""message"":""Manual touch ups\n\nA few manual changes I made after the codemod ran."",""distinct"":true,""url"":""https://api.github.com/repos/acdlite/react/commits/f8149e9c5ff14a91a9c52f12cbe73361302d07ee""}]",,,,,,,,,,
18168556994,PushEvent,true,2021-09-27 17:08:53.000000 UTC,3624098,acdlite,45281256,acdlite/react,"""refs/heads/minify-error-messages""",,,8024550502,0,0,[],,,,,,,,,,
18168948814,DeleteEvent,true,2021-09-27 17:34:45.000000 UTC,29597,bvaughn,74410855,bvaughn/react,"""devtools-multi-byte-characters""","""branch""","""user""",,,,,,,,,,,,,,
18168482701,IssueCommentEvent,true,2021-09-27 17:04:25.000000 UTC,49699333,dependabot[bot],277925762,jewertow/kuma,,,,,,,,"""created""",,,,,,,,,
18168483490,DeleteEvent,true,2021-09-27 17:04:28.000000 UTC,49699333,dependabot[bot],277925762,jewertow/kuma,"""dependabot/go_modules/api/google.golang.org/grpc-1.40.0""","""branch""","""user""",,,,,,,,,,,,,,
18168609841,PullRequestEvent,true,2021-09-27 17:12:09.000000 UTC,49699333,dependabot[bot],277925762,jewertow/kuma,,,,,,,,"""closed""",111,,,,,,,,
18168609029,CreateEvent,true,2021-09-27 17:12:06.000000 UTC,49699333,dependabot[bot],277925762,jewertow/kuma,"""dependabot/go_modules/pkg/plugins/resources/k8s/native/sigs.k8s.io/controller-runtime-0.10.1""","""branch""","""user""",,,,,,,,,,,,,,
18169101978,PushEvent,true,2021-09-27 17:45:40.000000 UTC,85179936,bleskova,410796367,bleskova/react,"""refs/heads/main""",,,8024814308,1,1,"[{""sha"":""2ff195a8143e8e91bb79291c82b1fc65f38b1db3"",""author"":{""name"":""bleskova"",""email"":""8582c42c78be63b4bfaf2d0aa73359966a5c49ca@gmail.com""},""message"":""test3"",""distinct"":true,""url"":""https://api.github.com/repos/bleskova/react/commits/2ff195a8143e8e91bb79291c82b1fc65f38b1db3""}]",,,,,,,,,,
18168910208,CreateEvent,true,2021-09-27 17:32:07.000000 UTC,85179936,bleskova,410796367,bleskova/react,"""main""","""branch""","""user""",,,,,,,,,,,,,,
18168523520,CreateEvent,true,2021-09-27 17:06:49.000000 UTC,91469566,kjagan26,410956284,kjagan26/react,"""main""","""branch""","""user""",,,,,,,,,,,,,,
18169017157,CreateEvent,true,2021-09-27 17:39:32.000000 UTC,42040499,sameer1999,410983715,sameer1999/react,,"""repository""","""user""",,,,,,,,,,,,,,
18169017395,CreateEvent,true,2021-09-27 17:39:33.000000 UTC,42040499,sameer1999,410983715,sameer1999/react,"""main""","""branch""","""user""",,,,,,,,,,,,,,
18169070179,PushEvent,true,2021-09-27 17:43:21.000000 UTC,9141655,vixadd,406501741,vixadd/tensorflow,"""refs/heads/master""",,,8024799605,635,635,"[{""sha"":""2a07b7e1835dd6b23cfb0fcc5520fd4b7093beb3"",""author"":{""name"":""Kun-Lu"",""email"":""fb67b68a5303a8c6bc622a93134ffe52dd3fe174@ibm.com""},""message"":""Fix importing a SavedModel into a TF 1.x-style graph on s390x\n\nSigned-off-by: Kun-Lu <kun.lu@ibm.com>"",""distinct"":true,""url"":""https://api.github.com/repos/vixadd/tensorflow/commits/2a07b7e1835dd6b23cfb0fcc5520fd4b7093beb3""},{""sha"":""78852fb37c42c72abe7c6bc37fd13449b0ca303f"",""author"":{""name"":""Kun-Lu"",""email"":""fb67b68a5303a8c6bc622a93134ffe52dd3fe174@ibm.com""},""message"":""Fix incorrect dim data when loading saved_model file on s390x\n\nSigned-off-by: Kun-Lu <kun.lu@ibm.com>"",""distinct"":true,""url"":""https://api.github.com/repos/vixadd/tensorflow/commits/78852fb37c42c72abe7c6bc37fd13449b0ca303f""},{""sha"":""3574f92c53c41220a9eff2ba9d736a5a27ee59be"",""author"":{""name"":""Kun-Lu"",""email"":""fb67b68a5303a8c6bc622a93134ffe52dd3fe174@ibm.com""},""message"":""Refactor code to remove duplication\n\nSigned-off-by: Kun-Lu <kun.lu@ibm.com>"",""distinct"":true,""url"":""https://api.github.com/repos/vixadd/tensorflow/commits/3574f92c53c41220a9eff2ba9d736a5a27ee59be""},{""sha"":""828477d2416107ea3b0d891f85ea67d2c212e5bd"",""author"":{""name"":""Kun-Lu"",""email"":""fb67b68a5303a8c6bc622a93134ffe52dd3fe174@ibm.com""},""message"":""Resolve conflicts in reader.cc\n\nSigned-off-by: Kun-Lu <kun.lu@ibm.com>"",""distinct"":true,""url"":""https://api.github.com/repos/vixadd/tensorflow/commits/828477d2416107ea3b0d891f85ea67d2c212e5bd""},{""sha"":""8f2b6bba17403e32bc5c8289b6ecc13948f65f23"",""author"":{""name"":""Kun Lu"",""email"":""fb67b68a5303a8c6bc622a93134ffe52dd3fe174@ibm.com""},""message"":""Merge branch 'master' into tf-s390x-loader_impl-fix"",""distinct"":true,""url"":""https://api.github.com/repos/vixadd/tensorflow/commits/8f2b6bba17403e32bc5c8289b6ecc13948f65f23""},{""sha"":""04a4dc9f70b064ef2332a14af0934f3c88e1daf8"",""author"":{""name"":""Mahmoud Abuzaina"",""email"":""a2ed0f6fa01f715ca5a92264281888c73ba9e3c6@intel.com""},""message"":""Improving mkl_layout_pass performance"",""distinct"":true,""url"":""https://api.github.com/repos/vixadd/tensorflow/commits/04a4dc9f70b064ef2332a14af0934f3c88e1daf8""},{""sha"":""d9b27593638f2ae356c6205517f28ff9b21ae34c"",""author"":{""name"":""Yong Tang"",""email"":""765086fe2e0c1f980161f127fec596800f327f62@outlook.com""},""message"":""Fix tf.tile crash when n is large\n\nThis PR tries to fix the issue raised in 46911 where tf.tile\nwill crash when n is large. This PR add additional check\nto make sure an error message is rendered (instead of crash).\n\nThis PR fixes 46911.\n\nSigned-off-by: Yong Tang <yong.tang.github@outlook.com>"",""distinct"":true,""url"":""https://api.github.com/repos/vixadd/tensorflow/commits/d9b27593638f2ae356c6205517f28ff9b21ae34c""},{""sha"":""c38bb99429970046dbb846155bacaaa4cd3f9615"",""author"":{""name"":""Kun Lu"",""email"":""fb67b68a5303a8c6bc622a93134ffe52dd3fe174@ibm.com""},""message"":""Merge branch 'master' into tf-s390x-loader_impl-fix"",""distinct"":true,""url"":""https://api.github.com/repos/vixadd/tensorflow/commits/c38bb99429970046dbb846155bacaaa4cd3f9615""},{""sha"":""77380d6f2f8c41c42e27a0bd01ed16f1de8c600f"",""author"":{""name"":""Artem Sokolovskii"",""email"":""d0c38013de63562c937044821c508fb88f15aa0d@gmail.com""},""message"":""Made rounding in convert_image_dtype for numbers close to zero\n\nFixes #48701"",""distinct"":true,""url"":""https://api.github.com/repos/vixadd/tensorflow/commits/77380d6f2f8c41c42e27a0bd01ed16f1de8c600f""},{""sha"":""7285c1b372c904bd07e902a86b883ceb1977b2de"",""author"":{""name"":""Kun-Lu"",""email"":""fb67b68a5303a8c6bc622a93134ffe52dd3fe174@ibm.com""},""message"":""Fix endianness issue in LiteralUtilTest(F16) on BE machines\n\nThis PR swaps the data of internal data views on BE machines\nto make the data format machine endianness dependent."",""distinct"":true,""url"":""https://api.github.com/repos/vixadd/tensorflow/commits/7285c1b372c904bd07e902a86b883ceb1977b2de""},{""sha"":""37275d71e71eeb407b9d2916195dc64fc314388f"",""author"":{""name"":""Kun-Lu"",""email"":""fb67b68a5303a8c6bc622a93134ffe52dd3fe174@ibm.com""},""message"":""Reformat to fix Ubuntu Sanity issue"",""distinct"":true,""url"":""https://api.github.com/repos/vixadd/tensorflow/commits/37275d71e71eeb407b9d2916195dc64fc314388f""},{""sha"":""0048c23660371f78750acffacd87716229f2123a"",""author"":{""name"":""Wang,Quintin"",""email"":""513dfc56e4dc03d75afc539ab71ab85d7fa92dbe@intel.com""},""message"":""add DEVICE_DEFAULT for Mutex/DestroyResource/Sequence ops"",""distinct"":true,""url"":""https://api.github.com/repos/vixadd/tensorflow/commits/0048c23660371f78750acffacd87716229f2123a""},{""sha"":""2d4a88f45a57d45a91dba65d22c4cf73a8926bc8"",""author"":{""name"":""Wang,Quintin"",""email"":""513dfc56e4dc03d75afc539ab71ab85d7fa92dbe@intel.com""},""message"":""add DEVICE_DEFAULT for python ops"",""distinct"":true,""url"":""https://api.github.com/repos/vixadd/tensorflow/commits/2d4a88f45a57d45a91dba65d22c4cf73a8926bc8""},{""sha"":""30f4f4402fa45d8544da337c0ee55dd7e0f18f4a"",""author"":{""name"":""Annie Tallund"",""email"":""810efd6f5049d94852495606109a1822fef157d2@arm.com""},""message"":""Refactor Slice reference op for port to TFLM\n\nChange-Id: I1c8e2a4550d9c6fd792b2d5ad0361579b9d437dd"",""distinct"":true,""url"":""https://api.github.com/repos/vixadd/tensorflow/commits/30f4f4402fa45d8544da337c0ee55dd7e0f18f4a""},{""sha"":""361f894f66712afeb807cbb3fafe81dae312f647"",""author"":{""name"":""guozhong.zhuang"",""email"":""870f7e5c937c6f0ebd8d778278ecaece281ed5b0@intel.com""},""message"":""fix UT failure due to recent conv 3d test change"",""distinct"":true,""url"":""https://api.github.com/repos/vixadd/tensorflow/commits/361f894f66712afeb807cbb3fafe81dae312f647""},{""sha"":""8a0c82f95115967868f066fc02eaf36ccb6a1233"",""author"":{""name"":""Yong Tang"",""email"":""765086fe2e0c1f980161f127fec596800f327f62@outlook.com""},""message"":""Fix crash of tf.image.pad_to_bounding_box with large input value.\n\nThis PR tries to address one of the issues raised in 46890\nwhere tf.image.pad_to_bounding_box will crash with large input\nvalue.\n\nSigned-off-by: Yong Tang <yong.tang.github@outlook.com>"",""distinct"":true,""url"":""https://api.github.com/repos/vixadd/tensorflow/commits/8a0c82f95115967868f066fc02eaf36ccb6a1233""},{""sha"":""d1b269a329a611c93b6b19db26dfa6d7b3fd7b56"",""author"":{""name"":""Kanvi Khanna"",""email"":""d30462cbfe23b42a1520e53c745473f10c6d9fdc@intel.com""},""message"":""[INTEL MKL] Skip CUDA specific remapper tests\nFuseBatchNormGradWithReluGrad and FuseBatchNormGradWithAddAndReluGrad\nfusions are not available with MKL"",""distinct"":true,""url"":""https://api.github.com/repos/vixadd/tensorflow/commits/d1b269a329a611c93b6b19db26dfa6d7b3fd7b56""},{""sha"":""aa951d54b1747e1c82a4926477990f3e6950c5d5"",""author"":{""name"":""Annie Tallund"",""email"":""810efd6f5049d94852495606109a1822fef157d2@arm.com""},""message"":""buildifier: fix alphabetical order in reference_base\n\nChange-Id: Ie5831bad1304e606b3da9e275fe1c0dd5e79e67c"",""distinct"":true,""url"":""https://api.github.com/repos/vixadd/tensorflow/commits/aa951d54b1747e1c82a4926477990f3e6950c5d5""},{""sha"":""85459f1604c3ae25adfd060cdde10a8a2acec095"",""author"":{""name"":""Annie Tallund"",""email"":""810efd6f5049d94852495606109a1822fef157d2@arm.com""},""message"":""Add #include for headers used\n\nChange-Id: Ife2aca76791cd8e673ab4aeb09ee82e526607cdb"",""distinct"":true,""url"":""https://api.github.com/repos/vixadd/tensorflow/commits/85459f1604c3ae25adfd060cdde10a8a2acec095""},{""sha"":""9cdfea554bbad1aa06aa8ee2a35a1036324d6a99"",""author"":{""name"":""Wang,Quintin"",""email"":""513dfc56e4dc03d75afc539ab71ab85d7fa92dbe@intel.com""},""message"":""fix While Op segfault when CPU build with PluggableDevice, add UT"",""distinct"":true,""url"":""https://api.github.com/repos/vixadd/tensorflow/commits/9cdfea554bbad1aa06aa8ee2a35a1036324d6a99""}]",,,,,,,,,,
18168946521,PushEvent,true,2021-09-27 17:34:35.000000 UTC,10064333,alxshine,378104404,alxshine/tensorflow,"""refs/heads/master""",,,8024738800,2,2,"[{""sha"":""43792ad251f323c5088c89f871d239b67e110719"",""author"":{""name"":""Alexander Schlögl"",""email"":""737c44985128e7764baecf1967f5cbb031b8cf04@uibk.ac.at""},""message"":""store breakpoints"",""distinct"":true,""url"":""https://api.github.com/repos/alxshine/tensorflow/commits/43792ad251f323c5088c89f871d239b67e110719""},{""sha"":""52c3c229b01edf48d47270ccc9802b4ccabb6a7d"",""author"":{""name"":""Alexander Schlögl"",""email"":""737c44985128e7764baecf1967f5cbb031b8cf04@uibk.ac.at""},""message"":""Track down the kernel"",""distinct"":true,""url"":""https://api.github.com/repos/alxshine/tensorflow/commits/52c3c229b01edf48d47270ccc9802b4ccabb6a7d""}]",,,,,,,,,,
18169097727,PullRequestEvent,true,2021-09-27 17:45:21.000000 UTC,147145,WyriHaximus,391980572,WyriHaximus/terraform,,,,,,,,"""closed""",6,,,,,,,,
18168910902,CreateEvent,true,2021-09-27 17:32:10.000000 UTC,147145,WyriHaximus,391980572,WyriHaximus/terraform,"""stable-naming-generation-for-minio-buckets""","""branch""","""user""",,,,,,,,,,,,,,
18169139738,CreateEvent,true,2021-09-27 17:48:19.000000 UTC,37854691,Rameshdutt80,410986429,Rameshdutt80/terraform,,"""repository""","""user""",,,,,,,,,,,,,,
18168593723,PushEvent,true,2021-09-27 17:11:09.000000 UTC,7650812,brunosantanati,410933274,brunosantanati/terraform,"""refs/heads/main""",,,8024567577,2,2,"[{""sha"":""a424543fec392449b5c604b9cf55c95ccd7e30dd"",""author"":{""name"":""Bruno Rafael Sant Ana"",""email"":""98185e55ca25190d3f323410552f777fdfe5c2b4@gmail.com""},""message"":""Anotacoes de como usar o Terraform e rodar o main.tf."",""distinct"":true,""url"":""https://api.github.com/repos/brunosantanati/terraform/commits/a424543fec392449b5c604b9cf55c95ccd7e30dd""},{""sha"":""fc2e915d92208befb36cf1cbcd84851e6ee2d0ff"",""author"":{""name"":""Bruno Rafael Sant Ana"",""email"":""98185e55ca25190d3f323410552f777fdfe5c2b4@gmail.com""},""message"":""Add arquivos gerados automaticamente pelo Terraform no .gitignore."",""distinct"":true,""url"":""https://api.github.com/repos/brunosantanati/terraform/commits/fc2e915d92208befb36cf1cbcd84851e6ee2d0ff""}]",,,,,,,,,,
18169117818,PushEvent,true,2021-09-27 17:46:47.000000 UTC,4741199,stefan-niedermann,409554011,stefan-niedermann/phoenix,"""refs/heads/master""",,,8024821882,1,1,"[{""sha"":""61018caf4792cc6b0db12ff5ea3e9064315983c6"",""author"":{""name"":""Stefan Niedermann"",""email"":""59bd0a3ff43b32849b319e645d4798d8a5d1e889@niedermann.it""},""message"":""Clean up build code"",""distinct"":true,""url"":""https://api.github.com/repos/stefan-niedermann/phoenix/commits/61018caf4792cc6b0db12ff5ea3e9064315983c6""}]",,,,,,,,,,
18169090171,PushEvent,true,2021-09-27 17:44:48.000000 UTC,4741199,stefan-niedermann,409554011,stefan-niedermann/phoenix,"""refs/heads/master""",,,8024808903,1,1,"[{""sha"":""90186f3532dafa8b649a444a8a4f61329f4d31a9"",""author"":{""name"":""Stefan Niedermann"",""email"":""59bd0a3ff43b32849b319e645d4798d8a5d1e889@niedermann.it""},""message"":""Fix build"",""distinct"":true,""url"":""https://api.github.com/repos/stefan-niedermann/phoenix/commits/90186f3532dafa8b649a444a8a4f61329f4d31a9""}]",,,,,,,,,,
18168631360,WatchEvent,true,2021-09-27 17:13:33.000000 UTC,91481256,Ravertum,4710920,apache/dubbo,,,,,,,,"""started""",,,,,,,,,
18168562988,PullRequestEvent,true,2021-09-27 17:09:15.000000 UTC,3624098,acdlite,10270250,facebook/react,,,,,,,,"""reopened""",22429,,,,,,,,
18168731745,IssueCommentEvent,true,2021-09-27 17:20:00.000000 UTC,29597,bvaughn,10270250,facebook/react,,,,,,,,"""created""",,,,,,,,,
18169059258,IssuesEvent,true,2021-09-27 17:42:34.000000 UTC,29597,bvaughn,10270250,facebook/react,,,,,,,,"""closed""",,,,,,,,,
18168527478,PullRequestEvent,true,2021-09-27 17:07:05.000000 UTC,3624098,acdlite,10270250,facebook/react,,,,,,,,"""closed""",22429,,,,,,,,
18168802801,PullRequestReviewEvent,true,2021-09-27 17:24:47.000000 UTC,29597,bvaughn,10270250,facebook/react,,,,,,,,"""created""",22424,,,"""commented""","""CONTRIBUTOR""",,,,
18168947577,PullRequestEvent,true,2021-09-27 17:34:40.000000 UTC,29597,bvaughn,10270250,facebook/react,,,,,,,,"""closed""",22424,,,,,,,,
18169120548,PullRequestEvent,true,2021-09-27 17:46:58.000000 UTC,3624098,acdlite,10270250,facebook/react,,,,,,,,"""reopened""",22429,,,,,,,,
18168469362,WatchEvent,true,2021-09-27 17:03:38.000000 UTC,73495200,Srutip04,10270250,facebook/react,,,,,,,,"""started""",,,,,,,,,
18168948476,PushEvent,true,2021-09-27 17:34:44.000000 UTC,29597,bvaughn,10270250,facebook/react,"""refs/heads/main""",,,8024739797,1,1,"[{""sha"":""2e41568313620ab564425be7e5d777581e2db5d4"",""author"":{""name"":""Brian Vaughn"",""email"":""59942a8ec08225673b377c556396ca24baabd1b2@fb.com""},""message"":""DevTools encoding supports multibyte characters (e.g. \""🟩\"") (#22424)\n\nChanges our text encoding approach to properly support multibyte characters following this algorithm. Based on benchmarking, this new approach is roughly equivalent in terms of performance (sometimes slightly faster, sometimes slightly slower).\r\n\r\nI also considered using TextEncoder/TextDecoder for this, but it was much slower (~85%)."",""distinct"":true,""url"":""https://api.github.com/repos/facebook/react/commits/2e41568313620ab564425be7e5d777581e2db5d4""}]",,,,,,,,,,
18168492231,IssueCommentEvent,true,2021-09-27 17:05:00.000000 UTC,3624098,acdlite,10270250,facebook/react,,,,,,,,"""created""",,,,,,,,,
18169196238,WatchEvent,true,2021-09-27 17:52:18.000000 UTC,4030048,jkearse3,17728164,hashicorp/terraform,,,,,,,,"""started""",,,,,,,,,
18168774534,IssueCommentEvent,true,2021-09-27 17:22:49.000000 UTC,395077,jlsherrill,4007018,Katello/katello,,,,,,,,"""created""",,,,,,,,,
18168810372,IssueCommentEvent,true,2021-09-27 17:25:17.000000 UTC,14796566,ianballou,4007018,Katello/katello,,,,,,,,"""created""",,,,,,,,,
18168984241,IssueCommentEvent,true,2021-09-27 17:37:14.000000 UTC,266755,jjeffers,4007018,Katello/katello,,,,,,,,"""created""",,,,,,,,,
18168879060,CreateEvent,true,2021-09-27 17:30:03.000000 UTC,48690477,itsai220,110777314,PaloAltoNetworks/phoenix,"""release-6.13.0""","""branch""","""user""",,,,,,,,,,,,,,
18169220900,ForkEvent,true,2021-09-27 17:54:02.000000 UTC,68078404,priyanshm07,5108051,opencv/opencv,,,,,,,,,,"""priyanshm07/opencv""",,,,,,,
18168502805,PushEvent,true,2021-09-27 17:05:37.000000 UTC,21195,jfuchs,121814210,primer/react,"""refs/heads/jfuchs/list-items-as""",,,8024525298,2,1,"[{""sha"":""ad0d5c6fee8ba31035f5ea1ebf75ba4c9baa52bd"",""author"":{""name"":""dependabot[bot]"",""email"":""1c358da00a777d4e9898c1280ab801e2df165188@users.noreply.github.com""},""message"":""chore(deps-dev): bump @types/jest-axe from 3.5.1 to 3.5.3 (#1465)\n\nBumps [@types/jest-axe](https://github.com/DefinitelyTyped/DefinitelyTyped/tree/HEAD/types/jest-axe) from 3.5.1 to 3.5.3.\r\n- [Release notes](https://github.com/DefinitelyTyped/DefinitelyTyped/releases)\r\n- [Commits](https://github.com/DefinitelyTyped/DefinitelyTyped/commits/HEAD/types/jest-axe)\r\n\r\n---\r\nupdated-dependencies:\r\n- dependency-name: \""@types/jest-axe\""\r\n  dependency-type: direct:development\r\n  update-type: version-update:semver-patch\r\n...\r\n\r\nSigned-off-by: dependabot[bot] <support@github.com>\r\n\r\nCo-authored-by: dependabot[bot] <49699333+dependabot[bot]@users.noreply.github.com>"",""distinct"":false,""url"":""https://api.github.com/repos/primer/react/commits/ad0d5c6fee8ba31035f5ea1ebf75ba4c9baa52bd""},{""sha"":""c629181409a60f5b191d663a39568e0fc3ba9e1e"",""author"":{""name"":""Jonathan Fuchs"",""email"":""90953393b00a913928ea80c24abf4ec53baa1a46@github.com""},""message"":""ActionList.Item accepts a polymorphic 'as' prop"",""distinct"":true,""url"":""https://api.github.com/repos/primer/react/commits/c629181409a60f5b191d663a39568e0fc3ba9e1e""}]",,,,,,,,,,
18168488666,PullRequestEvent,true,2021-09-27 17:04:47.000000 UTC,49699333,dependabot[bot],1352520,mdn/kuma,,,,,,,,"""closed""",7984,,,,,,,,
18168487722,CreateEvent,true,2021-09-27 17:04:43.000000 UTC,49699333,dependabot[bot],1352520,mdn/kuma,"""dependabot/pip/newrelic-7.0.0.166""","""branch""","""user""",,,,,,,,,,,,,,
18168435910,PushEvent,true,2021-09-27 17:01:40.000000 UTC,5765435,dpad85,192964514,ACINQ/phoenix,"""refs/heads/master""",,,8024493223,2,2,"[{""sha"":""f9fba1073dce37c452224f4538c174b521aadd56"",""author"":{""name"":""Dominique"",""email"":""0b0850a81f1c126436a1104e3ad68d5fa23ad9a8@users.noreply.github.com""},""message"":""(ios) Update payment icons to be color dynamic"",""distinct"":true,""url"":""https://api.github.com/repos/ACINQ/phoenix/commits/f9fba1073dce37c452224f4538c174b521aadd56""},{""sha"":""7d478ed7c37c6359f203a291c13b70ae794ccecc"",""author"":{""name"":""Dominique"",""email"":""0b0850a81f1c126436a1104e3ad68d5fa23ad9a8@users.noreply.github.com""},""message"":""Downgrade to kotlin 1.5.30 because of compose"",""distinct"":true,""url"":""https://api.github.com/repos/ACINQ/phoenix/commits/7d478ed7c37c6359f203a291c13b70ae794ccecc""}]",,,,,,,,,,
18168754116,PushEvent,true,2021-09-27 17:21:28.000000 UTC,5765435,dpad85,192964514,ACINQ/phoenix,"""refs/heads/mainnet""",,,8024643294,3,1,"[{""sha"":""f9fba1073dce37c452224f4538c174b521aadd56"",""author"":{""name"":""Dominique"",""email"":""0b0850a81f1c126436a1104e3ad68d5fa23ad9a8@users.noreply.github.com""},""message"":""(ios) Update payment icons to be color dynamic"",""distinct"":false,""url"":""https://api.github.com/repos/ACINQ/phoenix/commits/f9fba1073dce37c452224f4538c174b521aadd56""},{""sha"":""7d478ed7c37c6359f203a291c13b70ae794ccecc"",""author"":{""name"":""Dominique"",""email"":""0b0850a81f1c126436a1104e3ad68d5fa23ad9a8@users.noreply.github.com""},""message"":""Downgrade to kotlin 1.5.30 because of compose"",""distinct"":false,""url"":""https://api.github.com/repos/ACINQ/phoenix/commits/7d478ed7c37c6359f203a291c13b70ae794ccecc""},{""sha"":""942a2d704580d57148242d887f9a74b534d0ea74"",""author"":{""name"":""dpad85"",""email"":""0b0850a81f1c126436a1104e3ad68d5fa23ad9a8@users.noreply.github.com""},""message"":""Merge branch 'master' into mainnet"",""distinct"":true,""url"":""https://api.github.com/repos/ACINQ/phoenix/commits/942a2d704580d57148242d887f9a74b534d0ea74""}]",,,,,,,,,,
18168668792,ForkEvent,true,2021-09-27 17:15:56.000000 UTC,67753457,Aspinity,45717250,tensorflow/tensorflow,,,,,,,,,,"""Aspinity/tensorflow""",,,,,,,
18169042282,IssueCommentEvent,true,2021-09-27 17:41:17.000000 UTC,5790348,edloper,45717250,tensorflow/tensorflow,,,,,,,,"""created""",,,,,,,,,
18169027910,IssueCommentEvent,true,2021-09-27 17:40:15.000000 UTC,5790348,edloper,45717250,tensorflow/tensorflow,,,,,,,,"""created""",,,,,,,,,
18169019707,WatchEvent,true,2021-09-27 17:39:42.000000 UTC,91492204,Vishal376,45717250,tensorflow/tensorflow,,,,,,,,"""started""",,,,,,,,,
18168426831,ForkEvent,true,2021-09-27 17:01:07.000000 UTC,39137181,weihanmines,45717250,tensorflow/tensorflow,,,,,,,,,,"""weihanmines/tensorflow""",,,,,,,
18169012620,PushEvent,true,2021-09-27 17:39:12.000000 UTC,56741989,copybara-service[bot],45717250,tensorflow/tensorflow,"""refs/heads/master""",,,8024769736,3,3,"[{""sha"":""dca0a5b445ed7bb33996acbbc8764d5557b7d607"",""author"":{""name"":""lipracer"",""email"":""31d2c3d834a0a0b161098baaa2b965d81182ce69@gmail.com""},""message"":""[MHLO]: refine delete redundant specialization function\n\nusing c++ SFINAE auto select map template paramater"",""distinct"":true,""url"":""https://api.github.com/repos/tensorflow/tensorflow/commits/dca0a5b445ed7bb33996acbbc8764d5557b7d607""},{""sha"":""c7ad6d72b79462bb01c86ce8f47ce2db1abb764a"",""author"":{""name"":""lipracer"",""email"":""31d2c3d834a0a0b161098baaa2b965d81182ce69@gmail.com""},""message"":""fix clang compile erroe with -std=c++14"",""distinct"":true,""url"":""https://api.github.com/repos/tensorflow/tensorflow/commits/c7ad6d72b79462bb01c86ce8f47ce2db1abb764a""},{""sha"":""8c624204eb686a91779149dc500e6c8c60096074"",""author"":{""name"":""TensorFlower Gardener"",""email"":""746aced590a184ef4169166e753f7c211e32e5fc@tensorflow.org""},""message"":""Merge pull request #52093 from lipracer:feature\n\nPiperOrigin-RevId: 399222945\nChange-Id: I325af2e5a88a560f9fa593a9fea8e6f562d9cdf2"",""distinct"":true,""url"":""https://api.github.com/repos/tensorflow/tensorflow/commits/8c624204eb686a91779149dc500e6c8c60096074""}]",,,,,,,,,,
18169190014,IssueCommentEvent,true,2021-09-27 17:51:52.000000 UTC,5790348,edloper,45717250,tensorflow/tensorflow,,,,,,,,"""created""",,,,,,,,,
18169009062,PullRequestEvent,true,2021-09-27 17:38:58.000000 UTC,56741989,copybara-service[bot],45717250,tensorflow/tensorflow,,,,,,,,"""closed""",52093,,,,,,,,
18169142499,IssueCommentEvent,true,2021-09-27 17:48:32.000000 UTC,38082822,catskillsresearch,45717250,tensorflow/tensorflow,,,,,,,,"""created""",,,,,,,,,
18169245488,PullRequestEvent,true,2021-09-27 17:55:46.000000 UTC,6027,jhaynie,390171312,pinpt/react,,,,,,,,"""opened""",138,,,,,,,,
18169246375,IssueCommentEvent,true,2021-09-27 17:55:50.000000 UTC,35613825,vercel[bot],390171312,pinpt/react,,,,,,,,"""created""",,,,,,,,,
18168415087,PushEvent,true,2021-09-27 17:00:24.000000 UTC,19616653,ArmageddonKnight,204371788,UofT-EcoSystem/tensorflow,"""refs/heads/master""",,,8024483483,1,1,"[{""sha"":""730c91f4d78b835a8eb4fbe89fe4889d52eeb4bb"",""author"":{""name"":""George Karpenkov"",""email"":""bbf3fb1cea1ba929a95f09c9e20513124012c8d3@google.com""},""message"":""[XLA] Update a list of known issues for jit_compile=True\n\nPiperOrigin-RevId: 399214105\nChange-Id: Ia6b0d7a03384458f47277b8a9c1cc64d562fec5e"",""distinct"":true,""url"":""https://api.github.com/repos/UofT-EcoSystem/tensorflow/commits/730c91f4d78b835a8eb4fbe89fe4889d52eeb4bb""}]",,,,,,,,,,
18169179587,IssueCommentEvent,true,2021-09-27 17:51:08.000000 UTC,16622747,10sa,97969812,NebulousCloud/helix,,,,,,,,"""created""",,,,,,,,,
18168434782,DeleteEvent,true,2021-09-27 17:01:36.000000 UTC,45942572,SiarheiSakharevich,337402726,saby/react,"""21.5100/mergerator/270921_200125""","""branch""","""user""",,,,,,,,,,,,,,
18169005660,WatchEvent,true,2021-09-27 17:38:44.000000 UTC,34165954,trevarmand,135786093,typescript-cheatsheets/react,,,,,,,,"""started""",,,,,,,,,
18170406194,PushEvent,true,2021-09-27 19:17:15.000000 UTC,46959724,legos31,407134111,legos31/yii2,"""refs/heads/master""",,,8025425865,1,1,"[{""sha"":""11a38eb7ff60cf5f8d2471ef393af64b08d5ea32"",""author"":{""name"":""legos31"",""email"":""0b96702e7928c7203e2b7a2b8fe186c4c7cd7d02@users.noreply.github.com""},""message"":""reg 2"",""distinct"":true,""url"":""https://api.github.com/repos/legos31/yii2/commits/11a38eb7ff60cf5f8d2471ef393af64b08d5ea32""}]",,,,,,,,,,
18170948487,PushEvent,true,2021-09-27 19:58:33.000000 UTC,335567,Carreau,2344073,Carreau/ipython,"""refs/heads/debugger-file""",,,8025681700,1,1,"[{""sha"":""99c3983563890ac517c7c99e74f84a0b5a9b36be"",""author"":{""name"":""Matthias Bussonnier"",""email"":""bc6ce7c050ee90e1f3b70c16cec57d4205e63b6c@gmail.com""},""message"":""sync"",""distinct"":true,""url"":""https://api.github.com/repos/Carreau/ipython/commits/99c3983563890ac517c7c99e74f84a0b5a9b36be""}]",,,,,,,,,,
18170841867,PushEvent,true,2021-09-27 19:50:19.000000 UTC,335567,Carreau,2344073,Carreau/ipython,"""refs/heads/pdbskip""",,,8025632446,1,1,"[{""sha"":""2a6edd28e16f4cc4b68faa4c2e8c438b6abbe7f6"",""author"":{""name"":""Matthias Bussonnier"",""email"":""bc6ce7c050ee90e1f3b70c16cec57d4205e63b6c@gmail.com""},""message"":""Allow decorator frames to be marked as skippable.\n\nWhen done so, by default pdb will step over those frames and directly\ninto the decorated functions.\n\n    >>> def helper_1():\n    ...     print(\""don't step in me\"")\n    ...\n    ...\n    ... def helper_2():\n    ...     print(\""in me neither\"")\n    ...\n\nOne can define a decorator that wrap a function between the two helpers:\n\n    >>> def pdb_skipped_decorator(function):\n    ...\n    ...\n    ...     def wrapped_fn(*args, **kwargs):\n    ...         __debuggerskip__ = True\n    ...         helper_1()\n    ...         __debuggerskip__ = False\n    ...         result = function(*args, **kwargs)\n    ...         __debuggerskip__ = True\n    ...         helper_2()\n    ...         return result\n    ...\n    ...     return wrapped_fn\n\nWhen decorating a function, ipdb will directly step into ``bar()`` by\ndefault:\n\n    >>> @foo_decorator\n    ... def bar(x, y):\n    ...     return x * y\n\nYou can toggle the behavior with\n\n    ipdb> skip_predicates debuggerskip False\n\nor configure it in your ``.pdbrc``"",""distinct"":true,""url"":""https://api.github.com/repos/Carreau/ipython/commits/2a6edd28e16f4cc4b68faa4c2e8c438b6abbe7f6""}]",,,,,,,,,,
18170822696,PushEvent,true,2021-09-27 19:48:49.000000 UTC,8150228,jstolwijk,411021982,jstolwijk/react,"""refs/heads/master""",,,8025623509,1,1,"[{""sha"":""517d460e5717666f001634c66e1fafc62c4c7712"",""author"":{""name"":""Jesse Stolwijk"",""email"":""9e0b456ac71bfef49cff7f5a958153495a55aa53@gmail.com""},""message"":""fix(docs): typo in card code sample"",""distinct"":true,""url"":""https://api.github.com/repos/jstolwijk/react/commits/517d460e5717666f001634c66e1fafc62c4c7712""}]",,,,,,,,,,
18170914752,CreateEvent,true,2021-09-27 19:55:57.000000 UTC,1069779,parthaa,4150075,parthaa/katello,"""refresh""","""branch""","""user""",,,,,,,,,,,,,,
18170468054,CreateEvent,true,2021-09-27 19:21:49.000000 UTC,56575816,smk579702,215233412,smk579702/react,"""snyk-fix-2712901c67ae062e9f73ef0ee43a35ad""","""branch""","""user""",,,,,,,,,,,,,,
18170404678,ReleaseEvent,true,2021-09-27 19:17:09.000000 UTC,17004578,delington,411004173,delington/zipkin,,,,,,,,"""published""",,,,,,,,,
18170934501,CreateEvent,true,2021-09-27 19:57:27.000000 UTC,49699333,dependabot[bot],68322925,mpetka/terraform,"""dependabot/go_modules/github.com/aws/aws-sdk-go-1.40.50""","""branch""","""user""",,,,,,,,,,,,,,
18170932956,PullRequestEvent,true,2021-09-27 19:57:20.000000 UTC,49699333,dependabot[bot],68322925,mpetka/terraform,,,,,,,,"""opened""",10,,,,,,,,
18170377844,DeleteEvent,true,2021-09-27 19:15:16.000000 UTC,180987,nouiz,194927980,nouiz/tensorflow,"""upstream_master_tf2_pow3""","""branch""","""user""",,,,,,,,,,,,,,
18170468648,CreateEvent,true,2021-09-27 19:21:51.000000 UTC,63648,sebmarkbage,10374314,sebmarkbage/react,"""renameonreadytostream""","""branch""","""user""",,,,,,,,,,,,,,
18170608417,PushEvent,true,2021-09-27 19:32:29.000000 UTC,56173335,imanashoorii,410927310,imanashoorii/opencv,"""refs/heads/main""",,,8025522528,1,1,"[{""sha"":""7aa0576be4059358caeee537a2a44da426a65d7f"",""author"":{""name"":""Iman Ashoorii"",""email"":""2e97726b8a283ef8d20fe3e07e1a9aa81b6ff2ae@gmail.com""},""message"":""Capture from webcam"",""distinct"":true,""url"":""https://api.github.com/repos/imanashoorii/opencv/commits/7aa0576be4059358caeee537a2a44da426a65d7f""}]",,,,,,,,,,
18170790266,PushEvent,true,2021-09-27 19:46:21.000000 UTC,42650045,lobpcg,151857331,lobpcg/scikit-learn,"""refs/heads/patch-1""",,,8025608443,1,1,"[{""sha"":""fb6494581637bb78385c27f0c45dc4dcdf65bc0d"",""author"":{""name"":""Andrew Knyazev"",""email"":""9136a0eb59564f0de8a0f131c6e603f4e72e08f7@ucdenver.edu""},""message"":""Update test_spectral.py\n\nerror fixes"",""distinct"":true,""url"":""https://api.github.com/repos/lobpcg/scikit-learn/commits/fb6494581637bb78385c27f0c45dc4dcdf65bc0d""}]",,,,,,,,,,
18170418967,PullRequestEvent,true,2021-09-27 19:18:12.000000 UTC,39814207,pull[bot],390100480,MaxMood96/tensorflow,,,,,,,,"""opened""",96,,,,,,,,
18170191628,PushEvent,true,2021-09-27 19:02:31.000000 UTC,83194640,kenpachi01011,411006337,kenpachi01011/opencv,"""refs/heads/patch-1""",,,8025327912,1,1,"[{""sha"":""19ea79e6ed7dcf10c70db6c2ab428b403b4b9a3d"",""author"":{""name"":""Ali"",""email"":""67cd9170d8faa463cd4507f7d3bef242c990da28@users.noreply.github.com""},""message"":""Updated the README\n\na little bit better."",""distinct"":true,""url"":""https://api.github.com/repos/kenpachi01011/opencv/commits/19ea79e6ed7dcf10c70db6c2ab428b403b4b9a3d""}]",,,,,,,,,,
18170249094,PushEvent,true,2021-09-27 19:06:25.000000 UTC,41898282,github-actions[bot],159692533,smalltalkman/tensorflow,"""refs/heads/master""",,,8025354232,6,6,"[{""sha"":""561efb4ae2f03a271e1660f3f1e1c3edd550ef2c"",""author"":{""name"":""Sagun Bajra"",""email"":""8e269ab859de84ffd69b56346bf76b0e8ce1bd3b@google.com""},""message"":""Internal change\n\nPiperOrigin-RevId: 399230779\nChange-Id: I6ea36aff343a3ee245dd568576dfbf076b00e45e"",""distinct"":true,""url"":""https://api.github.com/repos/smalltalkman/tensorflow/commits/561efb4ae2f03a271e1660f3f1e1c3edd550ef2c""},{""sha"":""65037ce1570cefd34040f241af3d095a8ce6c1a3"",""author"":{""name"":""Lu Wang"",""email"":""bb4ea195588a4447f4ab0d60d396369d687bcd9e@google.com""},""message"":""Move Task QA into the root dir of task/text\n\nMatching the directory structure of other domains, such as vision and audio\n\nPiperOrigin-RevId: 399232179\nChange-Id: I7b913f760fd3e22a036f4fcc2ece47c725496f98"",""distinct"":true,""url"":""https://api.github.com/repos/smalltalkman/tensorflow/commits/65037ce1570cefd34040f241af3d095a8ce6c1a3""},{""sha"":""9403b5da995d7528a81e222c6bf37539d9542187"",""author"":{""name"":""Martin Wicke"",""email"":""36423fe978b4ea954bc241157f471a64241e0f1c@google.com""},""message"":""Change example in segment_sum to use canonical name.\n\nPiperOrigin-RevId: 399233082\nChange-Id: I61b40b9a37394887180ac5b70059a2c8f84c7363"",""distinct"":true,""url"":""https://api.github.com/repos/smalltalkman/tensorflow/commits/9403b5da995d7528a81e222c6bf37539d9542187""},{""sha"":""f1d8f8d1501af92b0fe1f1d37398b4dee6a4e7e2"",""author"":{""name"":""Paul Chiang"",""email"":""8a1cd9bb84400d75f9a00a3df619edad45158415@google.com""},""message"":""Collect slot variable restorations in a queue and restore them as a batch.\n\nPiperOrigin-RevId: 399236012\nChange-Id: Ia89a1037fdaae45fc48cb17a56e99cd4125e9054"",""distinct"":true,""url"":""https://api.github.com/repos/smalltalkman/tensorflow/commits/f1d8f8d1501af92b0fe1f1d37398b4dee6a4e7e2""},{""sha"":""04b3d08eb1edbb8f0f5eb64f9a4458ba482a6281"",""author"":{""name"":""A. Unique TensorFlower"",""email"":""746aced590a184ef4169166e753f7c211e32e5fc@tensorflow.org""},""message"":""Go: Update generated wrapper functions for TensorFlow ops.\n\nPiperOrigin-RevId: 399243642\nChange-Id: I634691a0a51bb6d2f48cf1435fc5cbcede3b776f"",""distinct"":true,""url"":""https://api.github.com/repos/smalltalkman/tensorflow/commits/04b3d08eb1edbb8f0f5eb64f9a4458ba482a6281""},{""sha"":""0e255e18310fd048dbf2bae9b39c1f8858c2a78d"",""author"":{""name"":""Dan Moldovan"",""email"":""02bd3f004a63c78990e4cfa97922eaaaa6d78ea5@google.com""},""message"":""Define type information for dataset producer ops.\nThis enables more robust treatment by placer (to follow in a future change).\n\nPiperOrigin-RevId: 399245156\nChange-Id: Icacb19d281045033f0976cdd5896c2d25efa99ba"",""distinct"":true,""url"":""https://api.github.com/repos/smalltalkman/tensorflow/commits/0e255e18310fd048dbf2bae9b39c1f8858c2a78d""}]",,,,,,,,,,
18170686979,PushEvent,true,2021-09-27 19:38:33.000000 UTC,63648,sebmarkbage,10270250,facebook/react,"""refs/heads/main""",,,8025560418,1,1,"[{""sha"":""2cc6d79c98bcd1b17b83c47de29895342db5caeb"",""author"":{""name"":""Sebastian Markbåge"",""email"":""8a279ae1320350359ecfec7a379763633f1edc4c@fb.com""},""message"":""Rename onReadyToStream to onCompleteShell (#22443)"",""distinct"":true,""url"":""https://api.github.com/repos/facebook/react/commits/2cc6d79c98bcd1b17b83c47de29895342db5caeb""}]",,,,,,,,,,
18170684903,PullRequestEvent,true,2021-09-27 19:38:23.000000 UTC,63648,sebmarkbage,10270250,facebook/react,,,,,,,,"""closed""",22443,,,,,,,,
18170452594,ForkEvent,true,2021-09-27 19:20:40.000000 UTC,70772813,PCuser0032,10270250,facebook/react,,,,,,,,,,"""PCuser0032/react""",,,,,,,
18170965334,WatchEvent,true,2021-09-27 19:59:43.000000 UTC,54850818,Gmguardia,10270250,facebook/react,,,,,,,,"""started""",,,,,,,,,
18170593978,IssueCommentEvent,true,2021-09-27 19:31:24.000000 UTC,43185848,sizebot,10270250,facebook/react,,,,,,,,"""created""",,,,,,,,,
18170186719,PullRequestReviewCommentEvent,true,2021-09-27 19:02:11.000000 UTC,13029839,jjerphan,843222,scikit-learn/scikit-learn,,,,,,,,"""created""",20254,,,,,,,,
18170333433,PullRequestReviewEvent,true,2021-09-27 19:12:07.000000 UTC,13029839,jjerphan,843222,scikit-learn/scikit-learn,,,,,,,,"""created""",20254,,,"""commented""","""MEMBER""",,,,
18170724274,IssuesEvent,true,2021-09-27 19:41:20.000000 UTC,26163841,Arhell,3431193,yiisoft/yii2,,,,,,,,"""opened""",,,,,,,,,
18170454436,PullRequestReviewCommentEvent,true,2021-09-27 19:20:48.000000 UTC,395077,jlsherrill,4007018,Katello/katello,,,,,,,,"""created""",9660,,,,,,,,
18170570201,PullRequestReviewCommentEvent,true,2021-09-27 19:29:43.000000 UTC,395077,jlsherrill,4007018,Katello/katello,,,,,,,,"""created""",9660,,,,,,,,
18170454405,PullRequestReviewEvent,true,2021-09-27 19:20:48.000000 UTC,395077,jlsherrill,4007018,Katello/katello,,,,,,,,"""created""",9660,,,"""commented""","""MEMBER""",,,,
18170570212,PullRequestReviewEvent,true,2021-09-27 19:29:44.000000 UTC,395077,jlsherrill,4007018,Katello/katello,,,,,,,,"""created""",9660,,,"""commented""","""MEMBER""",,,,
18170326326,PullRequestReviewEvent,true,2021-09-27 19:11:35.000000 UTC,395077,jlsherrill,4007018,Katello/katello,,,,,,,,"""created""",9660,,,"""commented""","""MEMBER""",,,,
18170597873,PullRequestReviewCommentEvent,true,2021-09-27 19:31:40.000000 UTC,395077,jlsherrill,4007018,Katello/katello,,,,,,,,"""created""",9660,,,,,,,,
18170823477,WatchEvent,true,2021-09-27 19:48:52.000000 UTC,6531718,kuroiwasi,5108051,opencv/opencv,,,,,,,,"""started""",,,,,,,,,
18170649494,IssueCommentEvent,true,2021-09-27 19:35:38.000000 UTC,4608155,colebemis,121814210,primer/react,,,,,,,,"""created""",,,,,,,,,
18170317295,WatchEvent,true,2021-09-27 19:10:58.000000 UTC,3947634,weak-head,45717250,tensorflow/tensorflow,,,,,,,,"""started""",,,,,,,,,
18170214181,IssueCommentEvent,true,2021-09-27 19:04:03.000000 UTC,86464649,mohantym,45717250,tensorflow/tensorflow,,,,,,,,"""created""",,,,,,,,,
18170503976,PushEvent,true,2021-09-27 19:24:37.000000 UTC,56741989,copybara-service[bot],45717250,tensorflow/tensorflow,"""refs/heads/master""",,,8025469853,1,1,"[{""sha"":""813ef7df7cc3dcd795dfaf04112ed7f41ecc6db3"",""author"":{""name"":""Robert Suderman"",""email"":""9470f930a50588e234b4eac56c2b4e9bd1cb270c@google.com""},""message"":""Fix tfl.shape and tfl.pseudo_const lowering for dynamic shapes\n\nDynamic shapes cannot be converted to a constant during the lowering process.\nAlso, changed the rewriter to occur top down. This works better for shapes\ninference. Pseudo_const also requires a rewriter as they can be generated\nduring canonicalization.\n\nPiperOrigin-RevId: 399251025\nChange-Id: I57ca1ce4fdfd8c56f4c6a90d4fb969904d3dd29d"",""distinct"":true,""url"":""https://api.github.com/repos/tensorflow/tensorflow/commits/813ef7df7cc3dcd795dfaf04112ed7f41ecc6db3""}]",,,,,,,,,,
18170870540,IssuesEvent,true,2021-09-27 19:52:31.000000 UTC,1367630,mpromonet,45717250,tensorflow/tensorflow,,,,,,,,"""opened""",,,,,,,,,
18170507652,WatchEvent,true,2021-09-27 19:24:53.000000 UTC,90161287,Wanton-Swanton,45717250,tensorflow/tensorflow,,,,,,,,"""started""",,,,,,,,,
18170273779,PushEvent,true,2021-09-27 19:08:02.000000 UTC,56741989,copybara-service[bot],45717250,tensorflow/tensorflow,"""refs/heads/master""",,,8025363383,1,1,"[{""sha"":""d4c9bbe60cfd67ea4afe252694fb1b51826657ad"",""author"":{""name"":""A. Unique TensorFlower"",""email"":""746aced590a184ef4169166e753f7c211e32e5fc@tensorflow.org""},""message"":""Update TFRT dependency to use revision\nhttp://github.com/tensorflow/runtime/commit/90a1aa9a01d8817b3454d67f7caa69c74e1da59f.\n\nPiperOrigin-RevId: 399246204\nChange-Id: Id1f1fbc7402829395fc6a9d587a610307407135e"",""distinct"":true,""url"":""https://api.github.com/repos/tensorflow/tensorflow/commits/d4c9bbe60cfd67ea4afe252694fb1b51826657ad""}]",,,,,,,,,,
18170178943,DeleteEvent,true,2021-09-27 19:01:40.000000 UTC,45942572,SiarheiSakharevich,337402726,saby/react,"""21.5100/mergerator/270921_220130""","""branch""","""user""",,,,,,,,,,,,,,
18170179012,CreateEvent,true,2021-09-27 19:01:40.000000 UTC,45942572,SiarheiSakharevich,337402726,saby/react,"""21.5100/mergerator/270921_220130""","""branch""","""user""",,,,,,,,,,,,,,
18170388483,WatchEvent,true,2021-09-27 19:16:00.000000 UTC,70675996,daawascript,135786093,typescript-cheatsheets/react,,,,,,,,"""started""",,,,,,,,,
18170792764,ForkEvent,true,2021-09-27 19:46:33.000000 UTC,8150228,jstolwijk,248295170,geist-org/react,,,,,,,,,,"""jstolwijk/react""",,,,,,,
18170479202,IssueCommentEvent,true,2021-09-27 19:22:39.000000 UTC,41898282,github-actions[bot],313146981,SiMDE-Projects/terraform,,,,,,,,"""created""",,,,,,,,,
18170697319,PushEvent,true,2021-09-27 19:39:20.000000 UTC,5199868,cesar-richard,313146981,SiMDE-Projects/terraform,"""refs/heads/main""",,,8025565224,2,2,"[{""sha"":""19637e71f1afd5cb4eabe72a44b532eab62ce2b0"",""author"":{""name"":""César Richard"",""email"":""725435832a26c487871c82cd70f3c99aa0225284@weezevent.com""},""message"":""Adds L.Jumel as admin"",""distinct"":true,""url"":""https://api.github.com/repos/SiMDE-Projects/terraform/commits/19637e71f1afd5cb4eabe72a44b532eab62ce2b0""},{""sha"":""4b8c6392da2599ceab43e870a6b1df3937c74b14"",""author"":{""name"":""César Richard"",""email"":""725435832a26c487871c82cd70f3c99aa0225284@weezevent.com""},""message"":""Merge pull request #48 from SiMDE-Projects/cesar/addLJumelAsAdmin\n\nAdds L.Jumel as admin"",""distinct"":true,""url"":""https://api.github.com/repos/SiMDE-Projects/terraform/commits/4b8c6392da2599ceab43e870a6b1df3937c74b14""}]",,,,,,,,,,
18170449475,CreateEvent,true,2021-09-27 19:20:27.000000 UTC,5199868,cesar-richard,313146981,SiMDE-Projects/terraform,"""cesar/addLJumelAsAdmin""","""branch""","""user""",,,,,,,,,,,,,,
18170451175,PullRequestEvent,true,2021-09-27 19:20:34.000000 UTC,5199868,cesar-richard,313146981,SiMDE-Projects/terraform,,,,,,,,"""opened""",48,,,,,,,,
18156621775,CreateEvent,true,2021-09-27 03:05:59.000000 UTC,49699333,dependabot[bot],69504221,escattone/kuma,"""dependabot/pip/pytest-rerunfailures-10.2""","""branch""","""user""",,,,,,,,,,,,,,
18156892374,WatchEvent,true,2021-09-27 03:39:41.000000 UTC,74287719,tutv3,135786093,typescript-cheatsheets/react,,,,,,,,"""started""",,,,,,,,,
18156925325,PushEvent,true,2021-09-27 03:44:36.000000 UTC,21276343,WeirShi,261624474,WeirShi/react,"""refs/heads/master""",,,8019102903,165,165,"[{""sha"":""a8725a3e628e8e75d408101e5565b2d2af3902c3"",""author"":{""name"":""Brian Vaughn"",""email"":""59942a8ec08225673b377c556396ca24baabd1b2@fb.com""},""message"":""Scheduling profiler: Added lane labels and durations to React measures (#22029)"",""distinct"":true,""url"":""https://api.github.com/repos/WeirShi/react/commits/a8725a3e628e8e75d408101e5565b2d2af3902c3""},{""sha"":""b9934d6db5d3f5ad94929f0d05b901c3999d34e3"",""author"":{""name"":""Juan"",""email"":""bfe93a71cb86c31fefdccaf2f35c1c292a434187@fb.com""},""message"":""[DevTools] Hook names are correctly extracted when parsing nested hook calls (#22037)\n\n## Summary\r\n\r\nThis commit fixes an issue where DevTools would currently not correctly extract the hook names for a hook call when the hook call was nested under *another* hook call, e.g.:\r\n\r\n```javascript\r\nfunction Component() {\r\n  const InnerComponent = useMemo(() => () => {\r\n    const [state, setState] = useState(0);\r\n\r\n    return state;\r\n  }); \r\n  return null;\r\n};\r\n```\r\n\r\nAlthough it seems pretty rare to encounter this case in actual product code, DevTools wasn't handling it correctly:\r\n\r\n**Expected Names:**\r\n- `InnerComponent` for the `useMemo()` call.\r\n- `state` for the `useState()` call.\r\n\r\n**Actual**\r\n- `InnerComponent` for the `useMemo()` call.\r\n- `InnerComponent` for the `useState()` call.\r\n\r\nThe reason that we were extracting the name for the nested hook call incorrectly is that the `checkNodeLocation` function (which attempts to check if the location of the hook matches the location in the original source code), was too \""lenient\"" and would return a match even if the start lines of the locations didn't match.\r\n\r\nSpecifically, for our example, it would consider that the location of the outer hook call \""matched\"" the location of the inner hook call (even though they were on different lines), and would then return the wrong hook name.\r\n\r\n\r\n### Fix\r\n\r\nThe fix in this commit is to update the `checkNodeLocation` function to more strictly check for matching start lines. The assumption here is that if 2 locations are on different starting lines, they can't possibly correspond to the same hook call.\r\n\r\n## Test Plan\r\n\r\n- yarn flow\r\n- Tests still pass\r\n  - yarn test\r\n  - yarn test-build-devtools\r\n- new regression tests added\r\n- named hooks still work on manual test of browser extension on a few different apps (code sandbox, create-react-app, internally). \r\n![image](https://user-images.githubusercontent.com/1271509/128409571-d62e0a74-6b7b-4c3f-ad86-6799ecd71962.png)\r\n\r\n![image](https://user-images.githubusercontent.com/1271509/128409943-f898f27b-67ab-4260-a931-40d9c1942395.png)\r\n\r\n![image](https://user-images.githubusercontent.com/1271509/128410326-79a0f822-55b1-4b90-a9b9-78f13fa0b5c5.png)"",""distinct"":true,""url"":""https://api.github.com/repos/WeirShi/react/commits/b9934d6db5d3f5ad94929f0d05b901c3999d34e3""},{""sha"":""5660c52b89ec19eec36a974e4ff16908b1dbba3c"",""author"":{""name"":""Brian Vaughn"",""email"":""59942a8ec08225673b377c556396ca24baabd1b2@fb.com""},""message"":""Scheduling Profiler: Improve warnings and add unit tests (#22038)\n\n* Scheduling Profiler: Updated instructions to mentioned v18+ requirement\r\n\r\n* Moved long-event warning to post processing\r\n\r\nThis lets us rule out non-React work or React work that started before the event and finished quickly during the event.\r\n\r\nAlso added unit tests for this warning and the various cases.\r\n\r\n* Moved long-event warning to post processing\r\n\r\nThis lets us rule out non-React work or React work that started before the event and finished quickly during the event.\r\n\r\nAlso added unit tests for this warning and the various cases.\r\n\r\n* Updated nested update warning text\r\n\r\n* Udpate warning about suspending outside of a transition\r\n\r\nHandle edge case where component suspends before the first commit (and label metadata) has been logged.\r\n\r\nAdd unit tests.\r\n\r\n* Fixed logic error in getBatchRange() with minStartTime\r\n\r\n* PR feedback: Combined a conditional statement"",""distinct"":true,""url"":""https://api.github.com/repos/WeirShi/react/commits/5660c52b89ec19eec36a974e4ff16908b1dbba3c""},{""sha"":""2edf449803378b5c58168727d4f123de3ba5d37f"",""author"":{""name"":""Brian Vaughn"",""email"":""59942a8ec08225673b377c556396ca24baabd1b2@fb.com""},""message"":""Scheduling Profiler: Renamed a misnamed variable"",""distinct"":true,""url"":""https://api.github.com/repos/WeirShi/react/commits/2edf449803378b5c58168727d4f123de3ba5d37f""},{""sha"":""64931821a9df262f2b6475404d025bcff97c3e0a"",""author"":{""name"":""Konstantin Popov"",""email"":""bfed784388afd12ada7d9dcb6fe69168ebe1ad33@gmail.com""},""message"":""Fix typo in parseHookNames.js (#22042)\n\nrepresentated -> represented"",""distinct"":true,""url"":""https://api.github.com/repos/WeirShi/react/commits/64931821a9df262f2b6475404d025bcff97c3e0a""},{""sha"":""ecd73e17bcdecc092cb56259999787d832d6510a"",""author"":{""name"":""Brian Vaughn"",""email"":""59942a8ec08225673b377c556396ca24baabd1b2@fb.com""},""message"":""Enable enableSuspenseLayoutEffectSemantics flag statically for Facebook (#22050)"",""distinct"":true,""url"":""https://api.github.com/repos/WeirShi/react/commits/ecd73e17bcdecc092cb56259999787d832d6510a""},{""sha"":""5634ed16aaba4a507844f0502953abcf40e3a165"",""author"":{""name"":""Brian Vaughn"",""email"":""59942a8ec08225673b377c556396ca24baabd1b2@fb.com""},""message"":""Scheduling Profiler: Misc UX and performance improvements (#22043)"",""distinct"":true,""url"":""https://api.github.com/repos/WeirShi/react/commits/5634ed16aaba4a507844f0502953abcf40e3a165""},{""sha"":""da627ded867c882290776b4477250b6b312b77b4"",""author"":{""name"":""Byron Luk"",""email"":""2ae67b0c9e93cccc221c4058eb8e300f9698c3b1@gmail.com""},""message"":""Devtools/function context change (#22047)"",""distinct"":true,""url"":""https://api.github.com/repos/WeirShi/react/commits/da627ded867c882290776b4477250b6b312b77b4""},{""sha"":""e9b2028b3280c15138bd92b0d27ffa066de3d5ca"",""author"":{""name"":""Sota"",""email"":""76449b67e9620d1baed4973c9a0f2c513972315d@users.noreply.github.com""},""message"":""Show a soft error when a text string or number is supplied as a child to non text wrappers (#21953)\n\n* Show soft errors when a text string or number is supplied as a child instead of throwing an error\r\n\r\n* bring __DEV__ check first so that things inside get removed in prod.\r\n\r\n* fix lint"",""distinct"":true,""url"":""https://api.github.com/repos/WeirShi/react/commits/e9b2028b3280c15138bd92b0d27ffa066de3d5ca""},{""sha"":""88d121899aca8fec537003360010f077f0880541"",""author"":{""name"":""Juan"",""email"":""bfe93a71cb86c31fefdccaf2f35c1c292a434187@fb.com""},""message"":""[DevTools] Support extended source maps with named hooks information (#22010)\n\n## Summary\r\n\r\nAdds support for statically extracting names for hook calls from source code, and extending source maps with that information so that DevTools does not have to directly parse source code at runtime, which will speed up the Named Hooks feature and allow it to be enabled by default.\r\n\r\nSpecifically, this PR includes the following parts:\r\n\r\n- [x] Adding logic to statically extract relevant hook names from the parsed source code (i.e. the babel ast). Note that this logic differs slightly from the existing logic in that the existing logic also uses runtime information from DevTools (such as whether given hooks are a custom hook) to extract names for hooks, whereas this code is meant to run entirely at build time, so it does not rely on that information.\r\n- [x] Generating an encoded \""hook map\"", which encodes the information about a hooks *original* source location, and it's corresponding name. This \""hook map\"" will be used to generate extended source maps, included tentatively under an extra `x_react_hook_map` field. The map itself is formatted and encoded in a very similar way as how the `names` and `mappings` fields of a standard source map are encoded ( = Base64 VLQ delta coding representing offsets into a string array), and how the \""function map\"" in Metro is encoded, as suggested in #21782. Note that this initial version uses a very basic format, and we are not implementing our own custom encoding, but reusing the `encode` function from `sourcemap-codec`.\r\n- [x] Updating the logic in `parseHookNames` to check if the source maps have been extended with the hook map information, and if so use that information to extract the hook names without loading the original source code. In this PR we are manually generating extended source maps in our tests in order to test that this functionality works as expected, even though we are not actually generating the extended source maps in production.\r\n\r\nThe second stage of this work, which will likely need to occur outside this repo, is to update bundlers such as Metro to use these new primitives to actually generate source maps that DevTools can use.\r\n\r\n### Follow-ups\r\n\r\n- Enable named hooks by default when extended source maps are present\r\n- Support looking up hook names when column numbers are not present in source map.\r\n- Measure performance improvement of using extended source maps (manual testing suggests ~4 to 5x faster)\r\n- Update relevant bundlers to generate extended source maps.\r\n\r\n## Test Plan\r\n\r\n- yarn flow\r\n- Tests still pass\r\n  - yarn test\r\n  - yarn test-build-devtools\r\n- Named hooks still work on manual test of browser extension on a few different apps (code sandbox, create-react-app, facebook).\r\n- For new functionality:\r\n  - New tests for statically extracting hook names.\r\n  - New tests for using extended source maps to look up hook names at runtime."",""distinct"":true,""url"":""https://api.github.com/repos/WeirShi/react/commits/88d121899aca8fec537003360010f077f0880541""},{""sha"":""280e3f936f89583b44e10f29ed0ed0155b50ab8a"",""author"":{""name"":""Brian Vaughn"",""email"":""59942a8ec08225673b377c556396ca24baabd1b2@fb.com""},""message"":""DevTools: Scheduling profiler: Add vertical scroll bar (#22005)\n\nCo-authored-by: E-Liang Tan <eliang@eliangtan.com>"",""distinct"":true,""url"":""https://api.github.com/repos/WeirShi/react/commits/280e3f936f89583b44e10f29ed0ed0155b50ab8a""},{""sha"":""ad150533d6b114bb5dfc51d103b2c8044ce52790"",""author"":{""name"":""Brian Vaughn"",""email"":""59942a8ec08225673b377c556396ca24baabd1b2@fb.com""},""message"":""Updated @reach packages to fix unmount bug (#22075)"",""distinct"":true,""url"":""https://api.github.com/repos/WeirShi/react/commits/ad150533d6b114bb5dfc51d103b2c8044ce52790""},{""sha"":""531c97ef7a2167eac82c16bfd8cccb5eaba71f27"",""author"":{""name"":""Juan"",""email"":""bfe93a71cb86c31fefdccaf2f35c1c292a434187@fb.com""},""message"":""[DevTools] Updated source map extension format + more precise types (#22073)\n\n## Summary\r\n\r\nFollow up from https://github.com/facebook/react/pull/22010.\r\n\r\nAs suggested by @motiz88, update the way the react sources metadata is stored within the fb sources metadata. Specifically,  instead of `x_facebook_sources` directly containing a hook map in the second position of the metadata tuple for a given source, it contains the react sources metadata itself, which is also a tuple of react sources metadata for a given source, and which contains the hook map in the first position. This way the react sources metadata tuple can be extended to contain more react-specific metadata without taking up more positions in the top-level facebook sources metadata.\r\n\r\nAs part of this change:\r\n- Adds more precise Flow types, mostly borrowed from Metro\r\n- Fixes the facebook sources field name (we were using `x_fb_sources` but it should be `x_facebook_sources`\r\n\r\n## Test Plan\r\n\r\n- yarn flow\r\n- yarn test\r\n- yarn test-build-devtools"",""distinct"":true,""url"":""https://api.github.com/repos/WeirShi/react/commits/531c97ef7a2167eac82c16bfd8cccb5eaba71f27""},{""sha"":""c6f2188ed6e8d44c73e61aa1ebfd10c9e066d5b3"",""author"":{""name"":""Juan"",""email"":""bfe93a71cb86c31fefdccaf2f35c1c292a434187@fb.com""},""message"":""DevTools 4.14.0 -> 4.15.0"",""distinct"":true,""url"":""https://api.github.com/repos/WeirShi/react/commits/c6f2188ed6e8d44c73e61aa1ebfd10c9e066d5b3""},{""sha"":""ef582fbea13052a1b667eab8c6d339c39f51c5e6"",""author"":{""name"":""Brian Vaughn"",""email"":""59942a8ec08225673b377c556396ca24baabd1b2@fb.com""},""message"":""Added taneliang and kartikcho to scheduling profiler credits"",""distinct"":true,""url"":""https://api.github.com/repos/WeirShi/react/commits/ef582fbea13052a1b667eab8c6d339c39f51c5e6""},{""sha"":""07e58658c9bb182eab436c5fe9e1e66078ea0b19"",""author"":{""name"":""Brian Vaughn"",""email"":""59942a8ec08225673b377c556396ca24baabd1b2@fb.com""},""message"":""Add script to generate DevTools changelog text (#22077)"",""distinct"":true,""url"":""https://api.github.com/repos/WeirShi/react/commits/07e58658c9bb182eab436c5fe9e1e66078ea0b19""},{""sha"":""c2bb97533716469c197353a2dbcb0ee5c54263be"",""author"":{""name"":""Brian Vaughn"",""email"":""59942a8ec08225673b377c556396ca24baabd1b2@fb.com""},""message"":""Added Scheduling Profiler notes and videos to the DevTools CHANGELOG"",""distinct"":true,""url"":""https://api.github.com/repos/WeirShi/react/commits/c2bb97533716469c197353a2dbcb0ee5c54263be""},{""sha"":""82583617b7842008f537653ffb3fae4858213b00"",""author"":{""name"":""Brian Vaughn"",""email"":""59942a8ec08225673b377c556396ca24baabd1b2@fb.com""},""message"":""Updated DevTools CHANGELOG\n\nFixed header typo"",""distinct"":true,""url"":""https://api.github.com/repos/WeirShi/react/commits/82583617b7842008f537653ffb3fae4858213b00""},{""sha"":""e4e8226c625220944819c9237346569f09ad90a9"",""author"":{""name"":""Brian Vaughn"",""email"":""59942a8ec08225673b377c556396ca24baabd1b2@fb.com""},""message"":""Fixed Components tree indentation bug for Chrome extension (#22083)\n\nBy upgrading react-virtualized-auto-sizer to 1.0.6\r\n\r\nSee https://github.com/bvaughn/react-virtualized-auto-sizer/pull/39"",""distinct"":true,""url"":""https://api.github.com/repos/WeirShi/react/commits/e4e8226c625220944819c9237346569f09ad90a9""},{""sha"":""54e170c79493dea734b95b0fddbf8f0bfc99bff7"",""author"":{""name"":""Brian Vaughn"",""email"":""59942a8ec08225673b377c556396ca24baabd1b2@fb.com""},""message"":""[DevTools] Add screenshots to Scheduling Profiler (#22088)"",""distinct"":true,""url"":""https://api.github.com/repos/WeirShi/react/commits/54e170c79493dea734b95b0fddbf8f0bfc99bff7""}]",,,,,,,,,,
18156991396,PushEvent,true,2021-09-27 03:54:40.000000 UTC,25278283,x-shadow-man,401980464,x-shadow-man/dubbo,"""refs/heads/feature/remove-configServerPipeline-SimpleChannelInboundHandler""",,,8019136732,129,25,"[{""sha"":""2c5d60f21455c674f7f70d473fb7e0c6c1b466fe"",""author"":{""name"":""FUNKYE"",""email"":""cf458ca9d3b556f190eb7bf684bf92ef5a2fe7ff@qq.com""},""message"":""optimize: example add Triple protocol Demo (#8643)\n\n* optimize: tri protocol prompt\r\n\r\n* optimize: example add Triple protocol Demo\r\n\r\n* optimize\r\n\r\n* optimize\r\n\r\n* bugfix\r\n\r\n* Revert to use applcation service discovery\r\n\r\nCo-authored-by: guohao <guohaoice@gmail.com>"",""distinct"":false,""url"":""https://api.github.com/repos/x-shadow-man/dubbo/commits/2c5d60f21455c674f7f70d473fb7e0c6c1b466fe""},{""sha"":""b8de0a7fd505a438b35e0db2a3e660aed33784dd"",""author"":{""name"":""earthchen"",""email"":""3e0bd8c7f32133a058973e69e24ef8c7f65fc316@duobei.com""},""message"":""[3.0] Add  gen MethodDescriptor valid, avoid strange situations (#8651)\n\n* Add  gen MethodDescriptor valid, avoid strange situations\r\n\r\n* fix ut error in grpc\r\n\r\n* fix ut error in tri\r\n\r\n* Add some comments\r\n\r\n* fix ut error in rx and reactor\r\n\r\nCo-authored-by: guohao <guohaoice@gmail.com>"",""distinct"":false,""url"":""https://api.github.com/repos/x-shadow-man/dubbo/commits/b8de0a7fd505a438b35e0db2a3e660aed33784dd""},{""sha"":""ff39bf36c35316061e7e028abd28dd392405e7f0"",""author"":{""name"":""Albumen Kevin"",""email"":""bbabf03ee0d7702e3da35298bd27899c57dc84be@gmail.com""},""message"":""Add 3.0 Multi Instance Support (#8662)\n\n* Add ExtensionDirector and Models\r\n\r\n* Fix access static getter method of ApplicationModel\r\n\r\n* Replace ExtensionFactory with ExtensionInjector\r\n\r\n* specify scope of some SPIs\r\n\r\n* Support scoped injection for extension\r\n\r\n* improve create extension loader logic\r\n\r\n* Add ScopeModel and ScopeBeanFactory, fix extension initialization of XxxConfig\r\n\r\n* polish doc of scope model\r\n\r\n* Extract FrameworkStatusReportService from FrameworkStatusReporter\r\n\r\n* Fix application model of default bootstrap instance\r\n\r\n* Pass scope model through URL\r\n\r\n* Fix scope model of registry, metadata, cluster and so on\r\n\r\n* exact ServiceModel from ProviderModel and ConsumerModel\r\n\r\n* Add ASF license header for ScopeBeanFactoryInitializer\r\n\r\n* Remove unused import\r\n\r\n* Remove unused import\r\n\r\n* Fix ut in ConfigManagerTest\r\n\r\n* Change default Scope Behave\r\n\r\n* Resolve recursive creation of Scope Model\r\n\r\n* Fix inject default model when scope is parent\r\n\r\n* Fix inject default model when scope is parent\r\n\r\n* Compact with url without ScopeModel\r\n\r\n* Change HttpBinder Scope\r\n\r\n* Change some SPIs' scope\r\n\r\n* Fix setApplicationModel override issue of MetadataServiceNameMapping\r\n\r\n* Default inject ScopeModel in ConfigManager\r\n\r\n* Add default Scope for AbstractConfig when init\r\n\r\n* Fix field override & Fix ut env\r\n\r\n* Fix zk not startup in DubboBootstrapMultiInstanceTest\r\n\r\n* Fix ExtensionAccessor not inject in UT of MetricsFilterTest\r\n\r\n* Compact old style getName\r\n\r\n* Fix UT in DNSServiceDiscoveryTest\r\n\r\n* Compact old style ApplicationModel\r\n\r\n* Fix UT in DNSServiceDiscoveryTest\r\n\r\n* Fix repository changed after ApplicationModel destroyed\r\n\r\n* Fix SpringExtensionInjector pollution in UT\r\n\r\n* Pass ApplicationModel in ServiceInstance\r\n\r\n* reintroduce metadata delay key\r\n\r\n* Add Transient on ApplicationModel getter of DefaultServiceInstance\r\n\r\n* Fix Configurator Listener in Singleton mode override issue\r\n\r\n* Fix Configurator Listener in Singleton mode override issue\r\n\r\n* Compact old style getApplication\r\n\r\n* Invocation pass ServiceModel\r\n\r\n* Compact old style registerConsumer\r\n\r\n* Fix NPE in RpcInvocation\r\n\r\n* Add ServiceModel pass when init\r\n\r\n* Fix ServiceModel cast error\r\n\r\n* Add ServiceModel pass when invoke\r\n\r\n* Fix NPE when simplify registry url\r\n\r\n* Revert \""Resolve recursive creation of Scope Model\""\r\n\r\nThis reverts commit 37a99957\r\n\r\n* Improve scope model aware\r\n\r\n* polish scope model\r\n\r\n* Cleanup ApplicationModel.defaultModel usage\r\n\r\n* Fix ut\r\n\r\n* Compatible with 2.6 Registry\r\n\r\n* Fix ut\r\n\r\n* Add Callback Service build ProviderModel\r\n\r\n* improve scope model of config bean\r\n\r\n* Fix scope model of reference/service model\r\n\r\n* Revert CallbackServiceCodec for dev\r\n\r\n* Fix scope model NPE\r\n\r\n* Fix consumer url NPE\r\n\r\n* Add Callback Service build ProviderModel\r\n\r\n* Fix NPE when destroy\r\n\r\n* Fix ut\r\n\r\n* add failback logic for ut\r\n\r\n* Fix ut\r\n\r\n* Add Scope Model check\r\n\r\n* Fix uts\r\n\r\n* Fix ut in DubboBootstrapTest\r\n\r\n* Fix ut in DubboBootstrapTest\r\n\r\n* Fix uts\r\n\r\n* Reset ApplicationModel Before Test\r\n\r\nCo-authored-by: gongdewei <kylixs@qq.com>"",""distinct"":false,""url"":""https://api.github.com/repos/x-shadow-man/dubbo/commits/ff39bf36c35316061e7e028abd28dd392405e7f0""},{""sha"":""ea151d0f5199f509af81bd0d712561248c69adcc"",""author"":{""name"":""Gong Dewei"",""email"":""81673e8206ed2e185b06d10bb889a21018ea963c@qq.com""},""message"":""[3.0] New service repository support for multi instance (#8669)\n\n* Add ExtensionDirector and Models\r\n\r\n* Fix access static getter method of ApplicationModel\r\n\r\n* Replace ExtensionFactory with ExtensionInjector\r\n\r\n* specify scope of some SPIs\r\n\r\n* Support scoped injection for extension\r\n\r\n* improve create extension loader logic\r\n\r\n* Add ScopeModel and ScopeBeanFactory, fix extension initialization of XxxConfig\r\n\r\n* polish doc of scope model\r\n\r\n* Extract FrameworkStatusReportService from FrameworkStatusReporter\r\n\r\n* Fix application model of default bootstrap instance\r\n\r\n* Pass scope model through URL\r\n\r\n* Fix scope model of registry, metadata, cluster and so on\r\n\r\n* exact ServiceModel from ProviderModel and ConsumerModel\r\n\r\n* Add ASF license header for ScopeBeanFactoryInitializer\r\n\r\n* Remove unused import\r\n\r\n* Remove unused import\r\n\r\n* Fix ut in ConfigManagerTest\r\n\r\n* Change default Scope Behave\r\n\r\n* Resolve recursive creation of Scope Model\r\n\r\n* Fix inject default model when scope is parent\r\n\r\n* Fix inject default model when scope is parent\r\n\r\n* Compact with url without ScopeModel\r\n\r\n* Change HttpBinder Scope\r\n\r\n* Change some SPIs' scope\r\n\r\n* Fix setApplicationModel override issue of MetadataServiceNameMapping\r\n\r\n* Default inject ScopeModel in ConfigManager\r\n\r\n* Add default Scope for AbstractConfig when init\r\n\r\n* Fix field override & Fix ut env\r\n\r\n* Fix zk not startup in DubboBootstrapMultiInstanceTest\r\n\r\n* Fix ExtensionAccessor not inject in UT of MetricsFilterTest\r\n\r\n* Compact old style getName\r\n\r\n* Fix UT in DNSServiceDiscoveryTest\r\n\r\n* Compact old style ApplicationModel\r\n\r\n* Fix UT in DNSServiceDiscoveryTest\r\n\r\n* Fix repository changed after ApplicationModel destroyed\r\n\r\n* Fix SpringExtensionInjector pollution in UT\r\n\r\n* Pass ApplicationModel in ServiceInstance\r\n\r\n* reintroduce metadata delay key\r\n\r\n* Add Transient on ApplicationModel getter of DefaultServiceInstance\r\n\r\n* Fix Configurator Listener in Singleton mode override issue\r\n\r\n* Fix Configurator Listener in Singleton mode override issue\r\n\r\n* Compact old style getApplication\r\n\r\n* Invocation pass ServiceModel\r\n\r\n* Compact old style registerConsumer\r\n\r\n* Fix NPE in RpcInvocation\r\n\r\n* Add ServiceModel pass when init\r\n\r\n* Fix ServiceModel cast error\r\n\r\n* Add ServiceModel pass when invoke\r\n\r\n* Fix NPE when simplify registry url\r\n\r\n* Revert \""Resolve recursive creation of Scope Model\""\r\n\r\nThis reverts commit 37a99957\r\n\r\n* Improve scope model aware\r\n\r\n* polish scope model\r\n\r\n* Cleanup ApplicationModel.defaultModel usage\r\n\r\n* Fix ut\r\n\r\n* Compatible with 2.6 Registry\r\n\r\n* Fix ut\r\n\r\n* Add Callback Service build ProviderModel\r\n\r\n* improve scope model of config bean\r\n\r\n* Fix scope model of reference/service model\r\n\r\n* Revert CallbackServiceCodec for dev\r\n\r\n* Fix scope model NPE\r\n\r\n* Fix consumer url NPE\r\n\r\n* Add Callback Service build ProviderModel\r\n\r\n* Fix NPE when destroy\r\n\r\n* Fix ut\r\n\r\n* pick from Add Callback Service build ProviderModel (b47b2777f9125cd7a0084cd211d4afa282e226b4)\r\n\r\n* add failback logic for ut\r\n\r\n* Fix ut\r\n\r\n* Add Scope Model check\r\n\r\n* Fix adaptive spi extension loading\r\n\r\n* update adaptive classes\r\n\r\n* Split ServiceRepository\r\n\r\n* Fix apache license\r\n\r\n* Fix UT\r\n\r\n* Fix uts\r\n\r\n* Fix DubboCodec\r\n\r\n* Fix ut in DubboBootstrapTest\r\n\r\n* Fix ut in DubboBootstrapTest\r\n\r\n* Suspend register duplicate providers error\r\n\r\n* Improve get unwrapped extension\r\n\r\n* Fix GenericServiceTest\r\n\r\n* Destroy all protocols in DubboBootstrap.reset()\r\n\r\n* Add --no-snapshot-updates and -fae for test fail safe\r\n\r\n* Fix uts\r\n\r\n* Reset ApplicationModel Before Test\r\n\r\n* Improve scope model initialization\r\n\r\n* Support instantiating spi/bean constructor with scope model parameters\r\n\r\n* change to fail never mode (-fn)\r\n\r\n* get unwrapped instance of DubboProtocol\r\n\r\n* Change referenced config's scope model after scope model changed\r\n\r\n* Change referenced config's scope model after scope model changed\r\n\r\n* Fix NPE of setScopeMode\r\n\r\n* change to fail-at-end (-fae) mode\r\n\r\n* Fix change scope model error\r\n\r\n* Avoid duplicate destroy model\r\n\r\n* Fix LocalCallMultipleReferenceAnnotationsTest\r\n\r\n* Avoid injection bean type of java.lang.Object\r\n\r\n* change to fail fast mode\r\n\r\nCo-authored-by: Albumen Kevin <jhq0812@gmail.com>"",""distinct"":false,""url"":""https://api.github.com/repos/x-shadow-man/dubbo/commits/ea151d0f5199f509af81bd0d712561248c69adcc""},{""sha"":""b0468a04bfc103ac0d9e0ec1b3f510c0e8c8f6da"",""author"":{""name"":""Wang Chengming"",""email"":""797b11b27820feac74f983f7807e06052f220378@qq.com""},""message"":""on branch 3.0, fix issue #8611, use HTTPS (#8630)\n\n* on branch 3.0, fix issue #8611, use HTTPS\r\n\r\n* make CI rerun"",""distinct"":false,""url"":""https://api.github.com/repos/x-shadow-man/dubbo/commits/b0468a04bfc103ac0d9e0ec1b3f510c0e8c8f6da""},{""sha"":""82f9a6b583a91985eadff182f98778537becf979"",""author"":{""name"":""Wang Chengming"",""email"":""797b11b27820feac74f983f7807e06052f220378@qq.com""},""message"":""[3.0] Statement lambda can be replaced with expression lambda (#8667)\n\n* Statement lambda can be replaced with expression lambda\r\n\r\n* format code"",""distinct"":false,""url"":""https://api.github.com/repos/x-shadow-man/dubbo/commits/82f9a6b583a91985eadff182f98778537becf979""},{""sha"":""7c8662e99ebdcc66f08d089bc3e7493e4d2d89cf"",""author"":{""name"":""Albumen Kevin"",""email"":""bbabf03ee0d7702e3da35298bd27899c57dc84be@gmail.com""},""message"":""Add ApplicationModel destroy support and ut support (#8673)\n\n* Add ApplicationModel destroy support and ut support\r\n\r\n* Fix ut\r\n\r\n* Fix ut"",""distinct"":false,""url"":""https://api.github.com/repos/x-shadow-man/dubbo/commits/7c8662e99ebdcc66f08d089bc3e7493e4d2d89cf""},{""sha"":""26b86a5a769024d5193e839a72160e2401e5939f"",""author"":{""name"":""GuoHao"",""email"":""067abb41da1be0af1b794eb4671f67e9cd7f560e@gmail.com""},""message"":""Bump compiler version to 0.0.3  release (#8687)\n\n* Bump compiler version to 0.0.3  release\r\n\r\n* Bump compiler version to 0.0.3  release"",""distinct"":false,""url"":""https://api.github.com/repos/x-shadow-man/dubbo/commits/26b86a5a769024d5193e839a72160e2401e5939f""},{""sha"":""0a9276d7bff60b7baddb9416eee2090a9711936f"",""author"":{""name"":""Albumen Kevin"",""email"":""bbabf03ee0d7702e3da35298bd27899c57dc84be@gmail.com""},""message"":""[3.0] Multi Instances - Refactor ServiceRepository (#8684)\n\n* Introduce ServiceMetadata for Triple Health check\r\n\r\n* Reintroduce some method\r\n\r\n* Refactor ServiceRepository\r\n\r\n* Support Consumer Param override\r\n\r\n* Support multi consumer\r\n\r\n* Fix ut\r\n\r\n* Fix ut\r\n\r\n* Fix ut\r\n\r\n* Fix ut\r\n\r\n* Fix ut\r\n\r\n* Fix ut\r\n\r\n* Support Multi ClassLoader\r\n\r\n* Add Multi ClassLoader Test\r\n\r\n* change zk time\r\n\r\n* change timeout\r\n\r\n* Fix compatible module support\r\n\r\n* Refactor consumer param override in ServiceDiscovery"",""distinct"":false,""url"":""https://api.github.com/repos/x-shadow-man/dubbo/commits/0a9276d7bff60b7baddb9416eee2090a9711936f""},{""sha"":""b9417673ef52d1206bfae277a1017793023a2a74"",""author"":{""name"":""GuoHao"",""email"":""067abb41da1be0af1b794eb4671f67e9cd7f560e@gmail.com""},""message"":""Fix client can not recognize trailers only (#8664)"",""distinct"":false,""url"":""https://api.github.com/repos/x-shadow-man/dubbo/commits/b9417673ef52d1206bfae277a1017793023a2a74""},{""sha"":""fe06df640eb535f8af05234808ca88822bb6884a"",""author"":{""name"":""earthchen"",""email"":""3e0bd8c7f32133a058973e69e24ef8c7f65fc316@duobei.com""},""message"":""Catch some harmless exception (#8663)"",""distinct"":false,""url"":""https://api.github.com/repos/x-shadow-man/dubbo/commits/fe06df640eb535f8af05234808ca88822bb6884a""},{""sha"":""d545d535ca6bec022a4bc91179502e9a5f8c5689"",""author"":{""name"":""GuoHao"",""email"":""067abb41da1be0af1b794eb4671f67e9cd7f560e@gmail.com""},""message"":""Run callback in executor (#8668)"",""distinct"":false,""url"":""https://api.github.com/repos/x-shadow-man/dubbo/commits/d545d535ca6bec022a4bc91179502e9a5f8c5689""},{""sha"":""7ffa53ad0fbd5c4c69c802a3bbe0c172cdcb9ff9"",""author"":{""name"":""Xiong, Pin"",""email"":""d1cc39db6c6f68b4710a8b0bf92d69d2040a51b5@foxmail.com""},""message"":""fixes: Try to reduce the time consuming in UT (#8686)\n\n* fixes: Try to reduce the time consuming in UT\r\n\r\n1. Replace ZookeeperServer with ZookeeperSingleRegistryCenter\r\n2. Split the testcase of GenericServiceTest#testGeneric\r\n\r\n* fixes: update the scope of maven dependency\r\n\r\n* fixes: Update the parameters of zookeeper\r\n\r\n* perf: Upgrade the version of curator-framework and remove Thread.sleep in UT\r\n\r\n* Recover the previous code in ArgumentCallbackTest#TestCallbackNormalWithBindPort\r\n\r\n* Recover the previous code in ArgumentCallbackTest#TestCallbackMultiInstans"",""distinct"":false,""url"":""https://api.github.com/repos/x-shadow-man/dubbo/commits/7ffa53ad0fbd5c4c69c802a3bbe0c172cdcb9ff9""},{""sha"":""bdd253f8eeea0e256e2e037aa867b272de442625"",""author"":{""name"":""ukuz90"",""email"":""3c9b88f332f5b1e321b93d120fe4280901630fd5@gmail.com""},""message"":""#8685 supported to configure HTTP2 settings (#8700)"",""distinct"":false,""url"":""https://api.github.com/repos/x-shadow-man/dubbo/commits/bdd253f8eeea0e256e2e037aa867b272de442625""},{""sha"":""1eee76e052c351060a8b4a7e134fb495701c2379"",""author"":{""name"":""Albumen Kevin"",""email"":""bbabf03ee0d7702e3da35298bd27899c57dc84be@gmail.com""},""message"":""Add Serialization warning message to java serialization (#8716)"",""distinct"":false,""url"":""https://api.github.com/repos/x-shadow-man/dubbo/commits/1eee76e052c351060a8b4a7e134fb495701c2379""},{""sha"":""18799e51a9056a79aa8eeaee44db1dadeb1ddb86"",""author"":{""name"":""灼华"",""email"":""a8b877bbbd92cbfe203c6864a2a681c8dace2279@users.noreply.github.com""},""message"":""Optimize some code of the cluster module (#8609)\n\n* Optimize some code\r\n\r\n* Optimization\r\n\r\n* Fix the bug of incorrect use of atomic variables\r\n\r\n* Use util method to judge empty\r\n\r\n* Remove unused import\r\n\r\n* Adjust list sort\r\n\r\n* Judge Non , remove unused tagRouterRule in TagDynamicStateRouter\r\n\r\n* Extract constants\r\n\r\n* Remove unused imports\r\n\r\n* Remove unused method"",""distinct"":false,""url"":""https://api.github.com/repos/x-shadow-man/dubbo/commits/18799e51a9056a79aa8eeaee44db1dadeb1ddb86""},{""sha"":""0fe0321d96e6201043e7a5218d542fa77707f586"",""author"":{""name"":""plusmancn"",""email"":""e1f79e23dc8f8917af8e5b86fb4ebcfc97fe0042@gmail.com""},""message"":""[3.0] Add preferredProtocol fallback strategy (#8699)\n\n* fix: add preferredProtocol fallback strategy\r\n\r\n* test: add unit test for preferredProtocol\r\n\r\n* test: isolate applicationModel from default"",""distinct"":false,""url"":""https://api.github.com/repos/x-shadow-man/dubbo/commits/0fe0321d96e6201043e7a5218d542fa77707f586""},{""sha"":""3a43fb927e4c10aacd7f9a32f41c56cfc0ceec47"",""author"":{""name"":""灼华"",""email"":""a8b877bbbd92cbfe203c6864a2a681c8dace2279@users.noreply.github.com""},""message"":""Resource clean before destroy or stop (#8636)"",""distinct"":false,""url"":""https://api.github.com/repos/x-shadow-man/dubbo/commits/3a43fb927e4c10aacd7f9a32f41c56cfc0ceec47""},{""sha"":""6907dde34d1ce54683689f49e5db1f38a36f1560"",""author"":{""name"":""plusmancn"",""email"":""e1f79e23dc8f8917af8e5b86fb4ebcfc97fe0042@gmail.com""},""message"":""[3.0] Judge whether success or not by user's perspective in interface-appName mapping. (#8721)\n\n* fix: judge whether success by user's perspective\r\n\r\n* fix: some typos"",""distinct"":false,""url"":""https://api.github.com/repos/x-shadow-man/dubbo/commits/6907dde34d1ce54683689f49e5db1f38a36f1560""},{""sha"":""32dc0143efa67436b2befd10735b8ef4096ebe31"",""author"":{""name"":""灼华"",""email"":""a8b877bbbd92cbfe203c6864a2a681c8dace2279@users.noreply.github.com""},""message"":""Fix the comment of ServiceInstance (#8674)"",""distinct"":false,""url"":""https://api.github.com/repos/x-shadow-man/dubbo/commits/32dc0143efa67436b2befd10735b8ef4096ebe31""}]",,,,,,,,,,
18156921476,PullRequestEvent,true,2021-09-27 03:44:04.000000 UTC,21276343,WeirShi,261624474,WeirShi/react,,,,,,,,"""opened""",8,,,,,,,,
18156734084,PullRequestEvent,true,2021-09-27 03:18:11.000000 UTC,49699333,dependabot[bot],263168227,santakd/kuma,,,,,,,,"""opened""",85,,,,,,,,
18156570518,WatchEvent,true,2021-09-27 03:00:24.000000 UTC,76034159,MGBtrust,10270250,facebook/react,,,,,,,,"""started""",,,,,,,,,
18156626343,IssueCommentEvent,true,2021-09-27 03:06:28.000000 UTC,41898282,github-actions[bot],121814210,primer/react,,,,,,,,"""created""",,,,,,,,,
18156757907,PullRequestEvent,true,2021-09-27 03:21:07.000000 UTC,3460267,adam2392,843222,scikit-learn/scikit-learn,,,,,,,,"""opened""",21157,,,,,,,,
18156704467,PushEvent,true,2021-09-27 03:14:56.000000 UTC,23119906,StephanieTM,363010502,StephanieTM/react,"""refs/heads/learn/comments""",,,8018992328,1,1,"[{""sha"":""b9915ea49bab503275bd292cc3da488e7c133c28"",""author"":{""name"":""Stephanie.Gao"",""email"":""566031a606716e8c2a0feb760a9527eb597883ef@163.com""},""message"":""feat: add comments for commitwork"",""distinct"":true,""url"":""https://api.github.com/repos/StephanieTM/react/commits/b9915ea49bab503275bd292cc3da488e7c133c28""}]",,,,,,,,,,
18156880866,PullRequestReviewCommentEvent,true,2021-09-27 03:37:56.000000 UTC,5483385,kylixs,4710920,apache/dubbo,,,,,,,,"""created""",8928,,,,,,,,
18156955385,IssuesEvent,true,2021-09-27 03:49:08.000000 UTC,9292748,AlbumenJ,4710920,apache/dubbo,,,,,,,,"""closed""",,,,,,,,,
18156704788,PullRequestEvent,true,2021-09-27 03:14:59.000000 UTC,49699333,dependabot[bot],263168227,santakd/kuma,,,,,,,,"""opened""",84,,,,,,,,
18156877728,WatchEvent,true,2021-09-27 03:37:30.000000 UTC,9586803,Keysmis,5108051,opencv/opencv,,,,,,,,"""started""",,,,,,,,,
18156971971,PushEvent,true,2021-09-27 03:51:36.000000 UTC,3319104,tyzbit,331783645,tyzbit/terraform,"""refs/heads/main""",,,8019126667,1,1,"[{""sha"":""f1079f38f3d0ce1219ac0d311ceeb71fd5577dc6"",""author"":{""name"":""Tyzbit"",""email"":""985e712e518cbe2cd2b2462bac3ee5a22ef8fa0d@users.noreply.github.com""},""message"":""add system oomkills"",""distinct"":true,""url"":""https://api.github.com/repos/tyzbit/terraform/commits/f1079f38f3d0ce1219ac0d311ceeb71fd5577dc6""}]",,,,,,,,,,
18157005821,WatchEvent,true,2021-09-27 03:56:48.000000 UTC,47653786,WLL-1017065322,77513419,react-redux-antd-es6/react,,,,,,,,"""started""",,,,,,,,,
18156609733,ForkEvent,true,2021-09-27 03:04:42.000000 UTC,88765641,esakai-ca,17728164,hashicorp/terraform,,,,,,,,,,"""esakai-ca/terraform""",,,,,,,
18156712261,PullRequestEvent,true,2021-09-27 03:15:43.000000 UTC,13098309,guohao,4710920,apache/dubbo,,,,,,,,"""closed""",8922,,,,,,,,
18156571579,PushEvent,true,2021-09-27 03:00:32.000000 UTC,19616653,ArmageddonKnight,204371788,UofT-EcoSystem/tensorflow,"""refs/heads/master""",,,8018931644,2,2,"[{""sha"":""d9d2b4498923dde31cce0e7d2f0e0f828a591a98"",""author"":{""name"":""Thai Nguyen"",""email"":""77c7cb715bbfb6a72d1c8dd380160fd6eb2ba9c0@google.com""},""message"":""Refactoring: Move all metric-related code to a common directory\n\nThis makes the file structure cleaner as it collects all metric-related file under \""lite/python/\"" and it makes more sense for \""converter_error_data.proto\"" to stay under a directory named \""metrics\"" than \""metrics_wrapper\"".\n\nBesides, at the moment, if we want to add a new metric-related file, we have to choose between adding it to \""metrics_wrapper\"" (which might not match the purpose of the new file) and \""lite/python/\"" (which is too general and already crowded). Having a \""metrics\"" directory will fill that gap.\n\nPiperOrigin-RevId: 399091254\nChange-Id: I789eca7d8699b2c786b6c4b6e8f2c6daf8f9a369"",""distinct"":true,""url"":""https://api.github.com/repos/UofT-EcoSystem/tensorflow/commits/d9d2b4498923dde31cce0e7d2f0e0f828a591a98""},{""sha"":""866bade85dec9a231350201fb147f9381eee55c7"",""author"":{""name"":""Stella Laurenzo"",""email"":""6e272f397544edbefaff5c117839061e3c31e01f@google.com""},""message"":""Remove deprecation on int64 type.\n\nI have half a million lines of log-spew in my CI from this and clearly there has been ~no effort in the codebase to actually stop using it. Please do not deprecate such a critical type until at least its own codebase has substantially migrated off of it.\n\nPiperOrigin-RevId: 399093429\nChange-Id: I807d9e6c79c4c33f4a50f88ba28fe5fda194ddd4"",""distinct"":true,""url"":""https://api.github.com/repos/UofT-EcoSystem/tensorflow/commits/866bade85dec9a231350201fb147f9381eee55c7""}]",,,,,,,,,,
18156692604,WatchEvent,true,2021-09-27 03:13:40.000000 UTC,46133336,tale,10270250,facebook/react,,,,,,,,"""started""",,,,,,,,,
18156705401,DeleteEvent,true,2021-09-27 03:15:03.000000 UTC,49699333,dependabot[bot],263168227,santakd/kuma,"""dependabot/go_modules/pkg/plugins/resources/k8s/native/k8s.io/client-go-0.22.1""","""branch""","""user""",,,,,,,,,,,,,,
18156734500,PullRequestEvent,true,2021-09-27 03:18:13.000000 UTC,49699333,dependabot[bot],263168227,santakd/kuma,,,,,,,,"""closed""",81,,,,,,,,
18156599188,PushEvent,true,2021-09-27 03:03:32.000000 UTC,16359713,tensorflow-jenkins,45717250,tensorflow/tensorflow,"""refs/heads/nightly""",,,8018944191,11,0,"[{""sha"":""9f46ec76df5754fb9f6103bbf82bc8a5038f71dc"",""author"":{""name"":""A. Unique TensorFlower"",""email"":""746aced590a184ef4169166e753f7c211e32e5fc@tensorflow.org""},""message"":""Go: Update generated wrapper functions for TensorFlow ops.\n\nPiperOrigin-RevId: 398988524\nChange-Id: Ie0bc89d0593129eac4ebac6de6633100650c9ca1"",""distinct"":false,""url"":""https://api.github.com/repos/tensorflow/tensorflow/commits/9f46ec76df5754fb9f6103bbf82bc8a5038f71dc""},{""sha"":""4516c9dd4b2a47d14c0d2aa1516ca0fbd79aecec"",""author"":{""name"":""A. Unique TensorFlower"",""email"":""746aced590a184ef4169166e753f7c211e32e5fc@tensorflow.org""},""message"":""compat: Update forward compatibility horizon to 2021-09-26\n\nPiperOrigin-RevId: 399008805\nChange-Id: Ieee4bfa9d3afd046df47eb5972136592ae3e7a20"",""distinct"":false,""url"":""https://api.github.com/repos/tensorflow/tensorflow/commits/4516c9dd4b2a47d14c0d2aa1516ca0fbd79aecec""},{""sha"":""67535121544bf0f702df3b2fd97ee130cff9fe5f"",""author"":{""name"":""A. Unique TensorFlower"",""email"":""746aced590a184ef4169166e753f7c211e32e5fc@tensorflow.org""},""message"":""Update GraphDef version to 901.\n\nPiperOrigin-RevId: 399008806\nChange-Id: I1d91cb1a207f040a1841037dc6c1ff6eba9d6c6b"",""distinct"":false,""url"":""https://api.github.com/repos/tensorflow/tensorflow/commits/67535121544bf0f702df3b2fd97ee130cff9fe5f""},{""sha"":""2d165079cf95b9945619d6b294681d605ad3e2fe"",""author"":{""name"":""A. Unique TensorFlower"",""email"":""746aced590a184ef4169166e753f7c211e32e5fc@tensorflow.org""},""message"":""Go: Update generated wrapper functions for TensorFlow ops.\n\nPiperOrigin-RevId: 399017587\nChange-Id: I0e3c064d79a0554ef5ade59a1f83b9f41e16ac5a"",""distinct"":false,""url"":""https://api.github.com/repos/tensorflow/tensorflow/commits/2d165079cf95b9945619d6b294681d605ad3e2fe""},{""sha"":""37cacc485defb9855c4983326cbed48da684b8e5"",""author"":{""name"":""Blake Hechtman"",""email"":""b7e6ede6c0dce642aea514111977e2ba2248ed91@google.com""},""message"":""[XLA] Correctly handle the types of zeros in dot and convolution since they natively support mixed precision.\n\nPiperOrigin-RevId: 399032916\nChange-Id: Id55552d05f4fe6f14f9be7628d1c9d86e03fa646"",""distinct"":false,""url"":""https://api.github.com/repos/tensorflow/tensorflow/commits/37cacc485defb9855c4983326cbed48da684b8e5""},{""sha"":""be2e72640722086b8382054a5ad438ee997fbc5d"",""author"":{""name"":""A. Unique TensorFlower"",""email"":""746aced590a184ef4169166e753f7c211e32e5fc@tensorflow.org""},""message"":""Go: Update generated wrapper functions for TensorFlow ops.\n\nPiperOrigin-RevId: 399054855\nChange-Id: Ic2149ac84967db0c9ae2f044c0ccb8888366f2d2"",""distinct"":false,""url"":""https://api.github.com/repos/tensorflow/tensorflow/commits/be2e72640722086b8382054a5ad438ee997fbc5d""},{""sha"":""305d30ce6130d0d621746a59dc3116c5824ab523"",""author"":{""name"":""Mehdi Amini"",""email"":""808100943be7b7010123d78912f654820a5ee1c1@google.com""},""message"":""Fix MSAN failure in TF-XLA lowering\n\nThis is an issue with an ArrayRef with content going out of scope at the end of the expression.\n\nPiperOrigin-RevId: 399055398\nChange-Id: Ieb7c4c1ce3cf77b5000553fb13b254961f187bd3"",""distinct"":false,""url"":""https://api.github.com/repos/tensorflow/tensorflow/commits/305d30ce6130d0d621746a59dc3116c5824ab523""},{""sha"":""e05e0f6068c55056c7be00e7c4e8281cafde59cf"",""author"":{""name"":""A. Unique TensorFlower"",""email"":""746aced590a184ef4169166e753f7c211e32e5fc@tensorflow.org""},""message"":""Go: Update generated wrapper functions for TensorFlow ops.\n\nPiperOrigin-RevId: 399083662\nChange-Id: I7025a7710ac2582f05cdcd4116b654fddc658a53"",""distinct"":false,""url"":""https://api.github.com/repos/tensorflow/tensorflow/commits/e05e0f6068c55056c7be00e7c4e8281cafde59cf""},{""sha"":""9aecb36fa51c64e07b38e00639bec87a992c3170"",""author"":{""name"":""Jing Dong"",""email"":""d30e2b8d11e514c224487cb7c6b7b0ab8b9fd9fd@google.com""},""message"":""Move tpu_runner out of experimental directory as it is now being deployed in prodution.\n\nWe will move the test files and tpu_fused_kernel directory out of the experimental directory in follow up CLs.\n\nPiperOrigin-RevId: 399087254\nChange-Id: Ifddeb5f7eba9ae87eaf8edcc4a914aa17ebb3e63"",""distinct"":false,""url"":""https://api.github.com/repos/tensorflow/tensorflow/commits/9aecb36fa51c64e07b38e00639bec87a992c3170""},{""sha"":""d9d2b4498923dde31cce0e7d2f0e0f828a591a98"",""author"":{""name"":""Thai Nguyen"",""email"":""77c7cb715bbfb6a72d1c8dd380160fd6eb2ba9c0@google.com""},""message"":""Refactoring: Move all metric-related code to a common directory\n\nThis makes the file structure cleaner as it collects all metric-related file under \""lite/python/\"" and it makes more sense for \""converter_error_data.proto\"" to stay under a directory named \""metrics\"" than \""metrics_wrapper\"".\n\nBesides, at the moment, if we want to add a new metric-related file, we have to choose between adding it to \""metrics_wrapper\"" (which might not match the purpose of the new file) and \""lite/python/\"" (which is too general and already crowded). Having a \""metrics\"" directory will fill that gap.\n\nPiperOrigin-RevId: 399091254\nChange-Id: I789eca7d8699b2c786b6c4b6e8f2c6daf8f9a369"",""distinct"":false,""url"":""https://api.github.com/repos/tensorflow/tensorflow/commits/d9d2b4498923dde31cce0e7d2f0e0f828a591a98""},{""sha"":""866bade85dec9a231350201fb147f9381eee55c7"",""author"":{""name"":""Stella Laurenzo"",""email"":""6e272f397544edbefaff5c117839061e3c31e01f@google.com""},""message"":""Remove deprecation on int64 type.\n\nI have half a million lines of log-spew in my CI from this and clearly there has been ~no effort in the codebase to actually stop using it. Please do not deprecate such a critical type until at least its own codebase has substantially migrated off of it.\n\nPiperOrigin-RevId: 399093429\nChange-Id: I807d9e6c79c4c33f4a50f88ba28fe5fda194ddd4"",""distinct"":false,""url"":""https://api.github.com/repos/tensorflow/tensorflow/commits/866bade85dec9a231350201fb147f9381eee55c7""}]",,,,,,,,,,
18156705286,PullRequestEvent,true,2021-09-27 03:15:02.000000 UTC,49699333,dependabot[bot],263168227,santakd/kuma,,,,,,,,"""closed""",76,,,,,,,,
18156752005,PushEvent,true,2021-09-27 03:20:23.000000 UTC,46379448,gumenghezi,404181121,gumenghezi/react,"""refs/heads/main""",,,8019014820,1,1,"[{""sha"":""3abf2280351b9df2ebe5cc900850d7112867aa9e"",""author"":{""email"":""da39a3ee5e6b4b0d3255bfef95601890afd80709"",""name"":""gumenghezi""},""message"":""chaneg"",""distinct"":true,""url"":""https://api.github.com/repos/gumenghezi/react/commits/3abf2280351b9df2ebe5cc900850d7112867aa9e""}]",,,,,,,,,,
18156953463,IssueCommentEvent,true,2021-09-27 03:48:50.000000 UTC,41657421,zhongxiongzeng,4710920,apache/dubbo,,,,,,,,"""created""",,,,,,,,,
18156760363,PushEvent,true,2021-09-27 03:21:26.000000 UTC,27521767,mdfaijul,78224733,Intel-tensorflow/tensorflow,"""refs/heads/twitter-patch""",,,8019018901,1,1,"[{""sha"":""4cb0adf77a418a29c01c72f4af8d177b57daf1f7"",""author"":{""name"":""mdfaijul"",""email"":""4b549258c3f6de96da1d9533666692c253788d99@intel.com""},""message"":""Small update to LayerNorm"",""distinct"":true,""url"":""https://api.github.com/repos/Intel-tensorflow/tensorflow/commits/4cb0adf77a418a29c01c72f4af8d177b57daf1f7""}]",,,,,,,,,,
18156618240,PullRequestEvent,true,2021-09-27 03:05:37.000000 UTC,49699333,dependabot[bot],69504221,escattone/kuma,,,,,,,,"""opened""",174,,,,,,,,
18156640967,WatchEvent,true,2021-09-27 03:08:03.000000 UTC,91420228,Long20001017,5108051,opencv/opencv,,,,,,,,"""started""",,,,,,,,,
18156726879,PushEvent,true,2021-09-27 03:17:19.000000 UTC,40652892,zrlw,382837484,zrlw/dubbo,"""refs/heads/3.0""",,,8019002851,2,2,"[{""sha"":""84346e7ac5652a43d30c2dc97380de059b0b9ffd"",""author"":{""name"":""earthchen"",""email"":""3e0bd8c7f32133a058973e69e24ef8c7f65fc316@duobei.com""},""message"":""[3.0-Triple] Add handler for reset frame (#8871)\n\n* handler rst frame\r\n\r\n* fix license\r\n\r\n* fix style\r\n\r\n* Move CancelContext into ServiceContext\r\n\r\n* optimize rst frame handler\r\n\r\n* change CancellationContext sync method\r\n\r\n* remove unreachable code\r\n\r\n* fix checkstyle"",""distinct"":true,""url"":""https://api.github.com/repos/zrlw/dubbo/commits/84346e7ac5652a43d30c2dc97380de059b0b9ffd""},{""sha"":""6a79caffe59396acea7ebacecbc4388917065512"",""author"":{""name"":""earthchen"",""email"":""3e0bd8c7f32133a058973e69e24ef8c7f65fc316@duobei.com""},""message"":""optimize triple server send frame error handler (#8922)"",""distinct"":true,""url"":""https://api.github.com/repos/zrlw/dubbo/commits/6a79caffe59396acea7ebacecbc4388917065512""}]",,,,,,,,,,
18156734617,DeleteEvent,true,2021-09-27 03:18:14.000000 UTC,49699333,dependabot[bot],263168227,santakd/kuma,"""dependabot/go_modules/pkg/plugins/resources/k8s/native/sigs.k8s.io/controller-runtime-0.10.0""","""branch""","""user""",,,,,,,,,,,,,,
18156705185,IssueCommentEvent,true,2021-09-27 03:15:01.000000 UTC,49699333,dependabot[bot],263168227,santakd/kuma,,,,,,,,"""created""",,,,,,,,,
18156734037,CreateEvent,true,2021-09-27 03:18:10.000000 UTC,49699333,dependabot[bot],263168227,santakd/kuma,"""dependabot/go_modules/pkg/plugins/resources/k8s/native/sigs.k8s.io/controller-runtime-0.10.1""","""branch""","""user""",,,,,,,,,,,,,,
18156799375,WatchEvent,true,2021-09-27 03:26:31.000000 UTC,44464788,thaenalpha,16072585,phoenixframework/phoenix,,,,,,,,"""started""",,,,,,,,,
18156880849,PullRequestReviewEvent,true,2021-09-27 03:37:57.000000 UTC,5483385,kylixs,4710920,apache/dubbo,,,,,,,,"""created""",8928,,,"""commented""","""CONTRIBUTOR""",,,,
18157001016,PushEvent,true,2021-09-27 03:56:06.000000 UTC,25278283,x-shadow-man,401980464,x-shadow-man/dubbo,"""refs/heads/feature/remove-configServerPipeline-SimpleChannelInboundHandler""",,,8019141682,2,2,"[{""sha"":""8e4d9f694ccf990b386b5feb7490e89fb2334268"",""author"":{""name"":""Lei Zhiyuan"",""email"":""ae64b05349075ebed9aa2e04ab1c255c769ba1ee@gmail.com""},""message"":""fix: registry cast to AbstractRegistry error in telnet (#8619)\n\n* chore:add @Override for some methods\r\n\r\n* chore:delete unused import\r\n\r\n* chore:checkstyle"",""distinct"":true,""url"":""https://api.github.com/repos/x-shadow-man/dubbo/commits/8e4d9f694ccf990b386b5feb7490e89fb2334268""},{""sha"":""9b849de679713678951b945c0ac72b7c80fa8a86"",""author"":{""name"":""x-shadow-man"",""email"":""69465755f95757ad0d2d2e64e6853de1499ae734@qq.com""},""message"":""merge 3.0 branch"",""distinct"":true,""url"":""https://api.github.com/repos/x-shadow-man/dubbo/commits/9b849de679713678951b945c0ac72b7c80fa8a86""}]",,,,,,,,,,
18156581737,DeleteEvent,true,2021-09-27 03:01:40.000000 UTC,45942572,SiarheiSakharevich,337402726,saby/react,"""21.5100/mergerator/270921_060129""","""branch""","""user""",,,,,,,,,,,,,,
18156581779,CreateEvent,true,2021-09-27 03:01:40.000000 UTC,45942572,SiarheiSakharevich,337402726,saby/react,"""21.5100/mergerator/270921_060129""","""branch""","""user""",,,,,,,,,,,,,,
18156713272,PushEvent,true,2021-09-27 03:15:50.000000 UTC,13098309,guohao,4710920,apache/dubbo,"""refs/heads/3.0""",,,8018996333,1,1,"[{""sha"":""6a79caffe59396acea7ebacecbc4388917065512"",""author"":{""name"":""earthchen"",""email"":""3e0bd8c7f32133a058973e69e24ef8c7f65fc316@duobei.com""},""message"":""optimize triple server send frame error handler (#8922)"",""distinct"":true,""url"":""https://api.github.com/repos/apache/dubbo/commits/6a79caffe59396acea7ebacecbc4388917065512""}]",,,,,,,,,,
18156734360,IssueCommentEvent,true,2021-09-27 03:18:12.000000 UTC,49699333,dependabot[bot],263168227,santakd/kuma,,,,,,,,"""created""",,,,,,,,,
18156775809,ForkEvent,true,2021-09-27 03:23:28.000000 UTC,91420228,Long20001017,5108051,opencv/opencv,,,,,,,,,,"""Long20001017/opencv""",,,,,,,
18156835128,ForkEvent,true,2021-09-27 03:31:13.000000 UTC,82407170,yeetric,5108051,opencv/opencv,,,,,,,,,,"""yeetric/opencv""",,,,,,,
18157015639,PullRequestReviewEvent,true,2021-09-27 03:58:18.000000 UTC,20812407,venkyyuvy,843222,scikit-learn/scikit-learn,,,,,,,,"""created""",21086,,,"""commented""","""CONTRIBUTOR""",,,,
18156925059,WatchEvent,true,2021-09-27 03:44:34.000000 UTC,21276343,WeirShi,261624474,WeirShi/react,,,,,,,,"""started""",,,,,,,,,
18156597351,PushEvent,true,2021-09-27 03:03:20.000000 UTC,876651,rpocklin,277514382,rpocklin/phoenix,"""refs/heads/patch-8""",,,8018943367,1,1,"[{""sha"":""9b3f55cc59b6a8bc4228cfd95e8e6e19c31f0810"",""author"":{""name"":""Robert Pocklington"",""email"":""920c9b19180aed292f1da371d65c8e1ebfb3a4dc@gmail.com""},""message"":""fix: change sticky header top offset to reflect actual height on page of #files-app-bar not relative height"",""distinct"":true,""url"":""https://api.github.com/repos/rpocklin/phoenix/commits/9b3f55cc59b6a8bc4228cfd95e8e6e19c31f0810""}]",,,,,,,,,,
18156825818,PushEvent,true,2021-09-27 03:30:01.000000 UTC,27521767,mdfaijul,78224733,Intel-tensorflow/tensorflow,"""refs/heads/twitter-patch""",,,8019051596,1,1,"[{""sha"":""681e8a8b40ada176f20e100028f0d5c3e4719963"",""author"":{""name"":""mdfaijul"",""email"":""4b549258c3f6de96da1d9533666692c253788d99@intel.com""},""message"":""Small update to LayerNorm"",""distinct"":true,""url"":""https://api.github.com/repos/Intel-tensorflow/tensorflow/commits/681e8a8b40ada176f20e100028f0d5c3e4719963""}]",,,,,,,,,,
18156964560,PushEvent,true,2021-09-27 03:50:30.000000 UTC,1173274,mahak,75548328,mahak/tensorflow,"""refs/heads/master""",,,8019122851,11,11,"[{""sha"":""9f46ec76df5754fb9f6103bbf82bc8a5038f71dc"",""author"":{""name"":""A. Unique TensorFlower"",""email"":""746aced590a184ef4169166e753f7c211e32e5fc@tensorflow.org""},""message"":""Go: Update generated wrapper functions for TensorFlow ops.\n\nPiperOrigin-RevId: 398988524\nChange-Id: Ie0bc89d0593129eac4ebac6de6633100650c9ca1"",""distinct"":true,""url"":""https://api.github.com/repos/mahak/tensorflow/commits/9f46ec76df5754fb9f6103bbf82bc8a5038f71dc""},{""sha"":""4516c9dd4b2a47d14c0d2aa1516ca0fbd79aecec"",""author"":{""name"":""A. Unique TensorFlower"",""email"":""746aced590a184ef4169166e753f7c211e32e5fc@tensorflow.org""},""message"":""compat: Update forward compatibility horizon to 2021-09-26\n\nPiperOrigin-RevId: 399008805\nChange-Id: Ieee4bfa9d3afd046df47eb5972136592ae3e7a20"",""distinct"":true,""url"":""https://api.github.com/repos/mahak/tensorflow/commits/4516c9dd4b2a47d14c0d2aa1516ca0fbd79aecec""},{""sha"":""67535121544bf0f702df3b2fd97ee130cff9fe5f"",""author"":{""name"":""A. Unique TensorFlower"",""email"":""746aced590a184ef4169166e753f7c211e32e5fc@tensorflow.org""},""message"":""Update GraphDef version to 901.\n\nPiperOrigin-RevId: 399008806\nChange-Id: I1d91cb1a207f040a1841037dc6c1ff6eba9d6c6b"",""distinct"":true,""url"":""https://api.github.com/repos/mahak/tensorflow/commits/67535121544bf0f702df3b2fd97ee130cff9fe5f""},{""sha"":""2d165079cf95b9945619d6b294681d605ad3e2fe"",""author"":{""name"":""A. Unique TensorFlower"",""email"":""746aced590a184ef4169166e753f7c211e32e5fc@tensorflow.org""},""message"":""Go: Update generated wrapper functions for TensorFlow ops.\n\nPiperOrigin-RevId: 399017587\nChange-Id: I0e3c064d79a0554ef5ade59a1f83b9f41e16ac5a"",""distinct"":true,""url"":""https://api.github.com/repos/mahak/tensorflow/commits/2d165079cf95b9945619d6b294681d605ad3e2fe""},{""sha"":""37cacc485defb9855c4983326cbed48da684b8e5"",""author"":{""name"":""Blake Hechtman"",""email"":""b7e6ede6c0dce642aea514111977e2ba2248ed91@google.com""},""message"":""[XLA] Correctly handle the types of zeros in dot and convolution since they natively support mixed precision.\n\nPiperOrigin-RevId: 399032916\nChange-Id: Id55552d05f4fe6f14f9be7628d1c9d86e03fa646"",""distinct"":true,""url"":""https://api.github.com/repos/mahak/tensorflow/commits/37cacc485defb9855c4983326cbed48da684b8e5""},{""sha"":""be2e72640722086b8382054a5ad438ee997fbc5d"",""author"":{""name"":""A. Unique TensorFlower"",""email"":""746aced590a184ef4169166e753f7c211e32e5fc@tensorflow.org""},""message"":""Go: Update generated wrapper functions for TensorFlow ops.\n\nPiperOrigin-RevId: 399054855\nChange-Id: Ic2149ac84967db0c9ae2f044c0ccb8888366f2d2"",""distinct"":true,""url"":""https://api.github.com/repos/mahak/tensorflow/commits/be2e72640722086b8382054a5ad438ee997fbc5d""},{""sha"":""305d30ce6130d0d621746a59dc3116c5824ab523"",""author"":{""name"":""Mehdi Amini"",""email"":""808100943be7b7010123d78912f654820a5ee1c1@google.com""},""message"":""Fix MSAN failure in TF-XLA lowering\n\nThis is an issue with an ArrayRef with content going out of scope at the end of the expression.\n\nPiperOrigin-RevId: 399055398\nChange-Id: Ieb7c4c1ce3cf77b5000553fb13b254961f187bd3"",""distinct"":true,""url"":""https://api.github.com/repos/mahak/tensorflow/commits/305d30ce6130d0d621746a59dc3116c5824ab523""},{""sha"":""e05e0f6068c55056c7be00e7c4e8281cafde59cf"",""author"":{""name"":""A. Unique TensorFlower"",""email"":""746aced590a184ef4169166e753f7c211e32e5fc@tensorflow.org""},""message"":""Go: Update generated wrapper functions for TensorFlow ops.\n\nPiperOrigin-RevId: 399083662\nChange-Id: I7025a7710ac2582f05cdcd4116b654fddc658a53"",""distinct"":true,""url"":""https://api.github.com/repos/mahak/tensorflow/commits/e05e0f6068c55056c7be00e7c4e8281cafde59cf""},{""sha"":""9aecb36fa51c64e07b38e00639bec87a992c3170"",""author"":{""name"":""Jing Dong"",""email"":""d30e2b8d11e514c224487cb7c6b7b0ab8b9fd9fd@google.com""},""message"":""Move tpu_runner out of experimental directory as it is now being deployed in prodution.\n\nWe will move the test files and tpu_fused_kernel directory out of the experimental directory in follow up CLs.\n\nPiperOrigin-RevId: 399087254\nChange-Id: Ifddeb5f7eba9ae87eaf8edcc4a914aa17ebb3e63"",""distinct"":true,""url"":""https://api.github.com/repos/mahak/tensorflow/commits/9aecb36fa51c64e07b38e00639bec87a992c3170""},{""sha"":""d9d2b4498923dde31cce0e7d2f0e0f828a591a98"",""author"":{""name"":""Thai Nguyen"",""email"":""77c7cb715bbfb6a72d1c8dd380160fd6eb2ba9c0@google.com""},""message"":""Refactoring: Move all metric-related code to a common directory\n\nThis makes the file structure cleaner as it collects all metric-related file under \""lite/python/\"" and it makes more sense for \""converter_error_data.proto\"" to stay under a directory named \""metrics\"" than \""metrics_wrapper\"".\n\nBesides, at the moment, if we want to add a new metric-related file, we have to choose between adding it to \""metrics_wrapper\"" (which might not match the purpose of the new file) and \""lite/python/\"" (which is too general and already crowded). Having a \""metrics\"" directory will fill that gap.\n\nPiperOrigin-RevId: 399091254\nChange-Id: I789eca7d8699b2c786b6c4b6e8f2c6daf8f9a369"",""distinct"":true,""url"":""https://api.github.com/repos/mahak/tensorflow/commits/d9d2b4498923dde31cce0e7d2f0e0f828a591a98""},{""sha"":""866bade85dec9a231350201fb147f9381eee55c7"",""author"":{""name"":""Stella Laurenzo"",""email"":""6e272f397544edbefaff5c117839061e3c31e01f@google.com""},""message"":""Remove deprecation on int64 type.\n\nI have half a million lines of log-spew in my CI from this and clearly there has been ~no effort in the codebase to actually stop using it. Please do not deprecate such a critical type until at least its own codebase has substantially migrated off of it.\n\nPiperOrigin-RevId: 399093429\nChange-Id: I807d9e6c79c4c33f4a50f88ba28fe5fda194ddd4"",""distinct"":true,""url"":""https://api.github.com/repos/mahak/tensorflow/commits/866bade85dec9a231350201fb147f9381eee55c7""}]",,,,,,,,,,
18156621778,PullRequestEvent,true,2021-09-27 03:05:59.000000 UTC,49699333,dependabot[bot],69504221,escattone/kuma,,,,,,,,"""opened""",175,,,,,,,,
18156710276,PullRequestReviewEvent,true,2021-09-27 03:15:31.000000 UTC,13098309,guohao,4710920,apache/dubbo,,,,,,,,"""created""",8922,,,"""approved""","""CONTRIBUTOR""",,,,
18156998383,ForkEvent,true,2021-09-27 03:55:43.000000 UTC,1011826,cdy51223,5108051,opencv/opencv,,,,,,,,,,"""cdy51223/opencv""",,,,,,,
18157015641,PullRequestReviewCommentEvent,true,2021-09-27 03:58:18.000000 UTC,20812407,venkyyuvy,843222,scikit-learn/scikit-learn,,,,,,,,"""created""",21086,,,,,,,,
18156762623,PushEvent,true,2021-09-27 03:21:44.000000 UTC,3460267,adam2392,197068409,neurodata/scikit-learn,"""refs/heads/optimism""",,,8019020001,1,1,"[{""sha"":""bf77e7766602ad4108fdbbd4742c383a54a664ea"",""author"":{""name"":""Adam Li"",""email"":""133b03ce893fd1849cdfd5008f4c79a78c003286@gmail.com""},""message"":""Adding example"",""distinct"":true,""url"":""https://api.github.com/repos/neurodata/scikit-learn/commits/bf77e7766602ad4108fdbbd4742c383a54a664ea""}]",,,,,,,,,,
18156884975,PublicEvent,true,2021-09-27 03:38:35.000000 UTC,83605707,nikhil9431,388525184,nikhil9431/terraform,,,,,,,,,,,,,,,,,
18156612156,CreateEvent,true,2021-09-27 03:04:58.000000 UTC,49699333,dependabot[bot],69504221,escattone/kuma,"""dependabot/pip/sentry-sdk-1.4.1""","""branch""","""user""",,,,,,,,,,,,,,
18156718832,CreateEvent,true,2021-09-27 03:16:24.000000 UTC,3460267,adam2392,197068409,neurodata/scikit-learn,"""optimism""","""branch""","""user""",,,,,,,,,,,,,,
18156646216,PushEvent,true,2021-09-27 03:08:36.000000 UTC,41898282,github-actions[bot],159692533,smalltalkman/tensorflow,"""refs/heads/master""",,,8018965728,1,1,"[{""sha"":""866bade85dec9a231350201fb147f9381eee55c7"",""author"":{""name"":""Stella Laurenzo"",""email"":""6e272f397544edbefaff5c117839061e3c31e01f@google.com""},""message"":""Remove deprecation on int64 type.\n\nI have half a million lines of log-spew in my CI from this and clearly there has been ~no effort in the codebase to actually stop using it. Please do not deprecate such a critical type until at least its own codebase has substantially migrated off of it.\n\nPiperOrigin-RevId: 399093429\nChange-Id: I807d9e6c79c4c33f4a50f88ba28fe5fda194ddd4"",""distinct"":true,""url"":""https://api.github.com/repos/smalltalkman/tensorflow/commits/866bade85dec9a231350201fb147f9381eee55c7""}]",,,,,,,,,,
18156734211,IssueCommentEvent,true,2021-09-27 03:18:11.000000 UTC,49699333,dependabot[bot],263168227,santakd/kuma,,,,,,,,"""created""",,,,,,,,,
18157015521,PushEvent,true,2021-09-27 03:58:17.000000 UTC,20812407,venkyyuvy,202078426,venkyyuvy/scikit-learn,"""refs/heads/sparse_qr""",,,8019149106,1,1,"[{""sha"":""3bed0bc7391d1b6f4542cc121181c5815c66802d"",""author"":{""name"":""Venkatachalam"",""email"":""559e07fc3047da31416f569c84629a5e09d3f5c9@gmail.com""},""message"":""skipping test for low sp_version"",""distinct"":true,""url"":""https://api.github.com/repos/venkyyuvy/scikit-learn/commits/3bed0bc7391d1b6f4542cc121181c5815c66802d""}]",,,,,,,,,,
18156716784,DeleteEvent,true,2021-09-27 03:16:11.000000 UTC,20179425,EarthChen,390895276,EarthChen/dubbo,"""optimizate-server-send-frame-error""","""branch""","""user""",,,,,,,,,,,,,,
18156739179,WatchEvent,true,2021-09-27 03:18:47.000000 UTC,31981203,wan766405890,7691631,moby/moby,,,,,,,,"""started""",,,,,,,,,
18156968118,ForkEvent,true,2021-09-27 03:51:01.000000 UTC,91383469,bhupaudel0,10270250,facebook/react,,,,,,,,,,"""bhupaudel0/react""",,,,,,,
18156893015,CreateEvent,true,2021-09-27 03:39:47.000000 UTC,12093674,csterry12,410731847,csterry12/react,,"""repository""","""user""",,,,,,,,,,,,,,
18156704983,IssueCommentEvent,true,2021-09-27 03:15:00.000000 UTC,49699333,dependabot[bot],263168227,santakd/kuma,,,,,,,,"""created""",,,,,,,,,
18156893561,CreateEvent,true,2021-09-27 03:39:52.000000 UTC,12093674,csterry12,410731847,csterry12/react,"""main""","""branch""","""user""",,,,,,,,,,,,,,
18156922331,PullRequestEvent,true,2021-09-27 03:44:12.000000 UTC,21276343,WeirShi,261624474,WeirShi/react,,,,,,,,"""closed""",8,,,,,,,,
18156615037,CreateEvent,true,2021-09-27 03:05:16.000000 UTC,49699333,dependabot[bot],69504221,escattone/kuma,"""dependabot/pip/elasticmock-1.8.1""","""branch""","""user""",,,,,,,,,,,,,,
18156729576,CreateEvent,true,2021-09-27 03:17:38.000000 UTC,86714324,liuSiana,410727234,liuSiana/phoenix,,"""repository""","""user""",,,,,,,,,,,,,,
18156704696,CreateEvent,true,2021-09-27 03:14:58.000000 UTC,49699333,dependabot[bot],263168227,santakd/kuma,"""dependabot/go_modules/pkg/plugins/resources/k8s/native/k8s.io/client-go-0.22.2""","""branch""","""user""",,,,,,,,,,,,,,
18156957979,PushEvent,true,2021-09-27 03:49:31.000000 UTC,9292748,AlbumenJ,4710920,apache/dubbo,"""refs/heads/3.0""",,,8019119525,1,1,"[{""sha"":""8e4d9f694ccf990b386b5feb7490e89fb2334268"",""author"":{""name"":""Lei Zhiyuan"",""email"":""ae64b05349075ebed9aa2e04ab1c255c769ba1ee@gmail.com""},""message"":""fix: registry cast to AbstractRegistry error in telnet (#8619)\n\n* chore:add @Override for some methods\r\n\r\n* chore:delete unused import\r\n\r\n* chore:checkstyle"",""distinct"":true,""url"":""https://api.github.com/repos/apache/dubbo/commits/8e4d9f694ccf990b386b5feb7490e89fb2334268""}]",,,,,,,,,,
18156865512,WatchEvent,true,2021-09-27 03:35:39.000000 UTC,57674301,oshan35,5108051,opencv/opencv,,,,,,,,"""started""",,,,,,,,,
18156993182,PushEvent,true,2021-09-27 03:54:56.000000 UTC,3624098,acdlite,45281256,acdlite/react,"""refs/heads/codemod-invariant""",,,8019137664,1,1,"[{""sha"":""e93819fc1740ba8e161cd36f103e66136aa9eeb6"",""author"":{""name"":""Andrew Clark"",""email"":""46f1a0bd5592a2f9244ca321b129902a06b53e03@andrewclark.io""},""message"":""Manual touch ups\n\nA few manual changes I made after the codemod ran."",""distinct"":true,""url"":""https://api.github.com/repos/acdlite/react/commits/e93819fc1740ba8e161cd36f103e66136aa9eeb6""}]",,,,,,,,,,
18156615081,PullRequestEvent,true,2021-09-27 03:05:16.000000 UTC,49699333,dependabot[bot],69504221,escattone/kuma,,,,,,,,"""opened""",173,,,,,,,,
18156809371,WatchEvent,true,2021-09-27 03:27:52.000000 UTC,54489701,zhyjc6,45717250,tensorflow/tensorflow,,,,,,,,"""started""",,,,,,,,,
18156830547,PushEvent,true,2021-09-27 03:30:35.000000 UTC,5947531,coeuvre,397841194,coeuvre/tensorflow,"""refs/heads/master""",,,8019054015,1000,1406,"[{""sha"":""5bd28622b9a40b8f6bab648cd97918d69ba6a814"",""author"":{""name"":""Faizan Muhammad"",""email"":""e3fc50ed296d79c6720aa7c9833422e1162f273e@google.com""},""message"":""Modified g4 rollback of changelist 394772826.\n\nPiperOrigin-RevId: 395384724\nChange-Id: I61e5e2b68b2a13f81ab4e6a60b0207bfa62485f0"",""distinct"":true,""url"":""https://api.github.com/repos/coeuvre/tensorflow/commits/5bd28622b9a40b8f6bab648cd97918d69ba6a814""},{""sha"":""8137d0d1f752ea535d546c5fd26dc632db9affa5"",""author"":{""name"":""A. Unique TensorFlower"",""email"":""746aced590a184ef4169166e753f7c211e32e5fc@tensorflow.org""},""message"":""Update Function.__get__ to properly handle the case where `self` is a CompositeTensor.\n\nPiperOrigin-RevId: 395389927\nChange-Id: Idf20a851d9b053c777303db352f4f1cba7640ce5"",""distinct"":true,""url"":""https://api.github.com/repos/coeuvre/tensorflow/commits/8137d0d1f752ea535d546c5fd26dc632db9affa5""},{""sha"":""a3039b68a9c12d94a03836a4a6e5f94425ef6190"",""author"":{""name"":""A. Unique TensorFlower"",""email"":""746aced590a184ef4169166e753f7c211e32e5fc@tensorflow.org""},""message"":""Integrate LLVM at llvm/llvm-project@2bf8be79b10c\n\nUpdates LLVM usage to match\n[2bf8be79b10c](https://github.com/llvm/llvm-project/commit/2bf8be79b10c)\n\nPiperOrigin-RevId: 395395052\nChange-Id: If3d445fbd5fa298c6c072951b3d7fc2365724918"",""distinct"":true,""url"":""https://api.github.com/repos/coeuvre/tensorflow/commits/a3039b68a9c12d94a03836a4a6e5f94425ef6190""},{""sha"":""f5a82d20ede5da5c76d9e2e15c6603dfff435221"",""author"":{""name"":""svobora"",""email"":""1227687ea10b1ad60c8d7fcf605132a6d7f67161@eyedea.cz""},""message"":""Revert blank lines in copyright"",""distinct"":true,""url"":""https://api.github.com/repos/coeuvre/tensorflow/commits/f5a82d20ede5da5c76d9e2e15c6603dfff435221""},{""sha"":""c49813dd0f4af5e74bad512ff58cbc22c81a4d39"",""author"":{""name"":""A. Unique TensorFlower"",""email"":""746aced590a184ef4169166e753f7c211e32e5fc@tensorflow.org""},""message"":""Legalize mhlo.sort to tf.TopKV2.\n\nWe only support the simple case where\n1. The mhlo.sort has only two operands(values and indices), and the indices must be\n   generated from IotaOp.\n2. The comparator has to be GT w.r.t first operand (values).\n\nPiperOrigin-RevId: 395400744\nChange-Id: I5e4df52d586856f18f2f2f9ce3790add03eebd6d"",""distinct"":true,""url"":""https://api.github.com/repos/coeuvre/tensorflow/commits/c49813dd0f4af5e74bad512ff58cbc22c81a4d39""},{""sha"":""b17422ab8d39107f01e5d5be24db3ffa1068c7ae"",""author"":{""name"":""Srinivas Vasudevan"",""email"":""1c9a765dc3e88e8ad1bd24a021687799076a155a@google.com""},""message"":""Improve `LinearOperatorKronecker` by removing most transposes.\n    - Use a variant of of Roth's column lemma that is based on row-major storage.\n    - Don't transpose batch shapes, and instead use broadcasting as much as possible (artifact from when broadcasting wasn't completely supported).\n\nPiperOrigin-RevId: 395400888\nChange-Id: I6260300dda0498465fe2a3d7c368de00972efe8c"",""distinct"":true,""url"":""https://api.github.com/repos/coeuvre/tensorflow/commits/b17422ab8d39107f01e5d5be24db3ffa1068c7ae""},{""sha"":""6fb794456a76bb64a323aa71c7282a0e224d0eaf"",""author"":{""name"":""A. Unique TensorFlower"",""email"":""746aced590a184ef4169166e753f7c211e32e5fc@tensorflow.org""},""message"":""Go: Update generated wrapper functions for TensorFlow ops.\n\nPiperOrigin-RevId: 395408723\nChange-Id: Ideb4a2aa357bd2dbb2b14a4b3ec9273738265bdc"",""distinct"":true,""url"":""https://api.github.com/repos/coeuvre/tensorflow/commits/6fb794456a76bb64a323aa71c7282a0e224d0eaf""},{""sha"":""a06f84639707294cd8ac9b8a84be5644e9b2c1d3"",""author"":{""name"":""Xunkai Zhang"",""email"":""1d5979d59af63754bcbbd2fcc0ae42cebb3149a1@google.com""},""message"":""#tflite-maven-reorg Split API target out of TFLite maven package.\n\nPiperOrigin-RevId: 395413761\nChange-Id: I43ed7dcf4b2a2b4d4b93fb6fc1f83b0a434be261"",""distinct"":true,""url"":""https://api.github.com/repos/coeuvre/tensorflow/commits/a06f84639707294cd8ac9b8a84be5644e9b2c1d3""},{""sha"":""9ca4d85e0ea3ea042e2adf053bf9c47cc2eb469a"",""author"":{""name"":""A. Unique TensorFlower"",""email"":""746aced590a184ef4169166e753f7c211e32e5fc@tensorflow.org""},""message"":""Go: Update generated wrapper functions for TensorFlow ops.\n\nPiperOrigin-RevId: 395423800\nChange-Id: I2a703269ed39246f58c50cf3afeca4c722acbfd1"",""distinct"":true,""url"":""https://api.github.com/repos/coeuvre/tensorflow/commits/9ca4d85e0ea3ea042e2adf053bf9c47cc2eb469a""},{""sha"":""d92cd6a5ed72daa049f4758a135b42a83467d6a0"",""author"":{""name"":""A. Unique TensorFlower"",""email"":""746aced590a184ef4169166e753f7c211e32e5fc@tensorflow.org""},""message"":""compat: Update forward compatibility horizon to 2021-09-08\n\nPiperOrigin-RevId: 395425815\nChange-Id: I4a3688c627d450beacf9c5437cb42a33770a91cc"",""distinct"":true,""url"":""https://api.github.com/repos/coeuvre/tensorflow/commits/d92cd6a5ed72daa049f4758a135b42a83467d6a0""},{""sha"":""98e7abdc041e80055a584a34ffd7875f965e48d4"",""author"":{""name"":""A. Unique TensorFlower"",""email"":""746aced590a184ef4169166e753f7c211e32e5fc@tensorflow.org""},""message"":""Update GraphDef version to 883.\n\nPiperOrigin-RevId: 395425850\nChange-Id: I8201ee733d27f1db05898cc9f7275d134c31ee97"",""distinct"":true,""url"":""https://api.github.com/repos/coeuvre/tensorflow/commits/98e7abdc041e80055a584a34ffd7875f965e48d4""},{""sha"":""94ae84bdb9b759fdc6cce212c9253cd01cd782af"",""author"":{""name"":""Xunkai Zhang"",""email"":""1d5979d59af63754bcbbd2fcc0ae42cebb3149a1@google.com""},""message"":""#public-doc Fix the repo setting for maven.\n\nPiperOrigin-RevId: 395430196\nChange-Id: I011e7033bc4a64b32a087cde3c3ea4e43841d177"",""distinct"":true,""url"":""https://api.github.com/repos/coeuvre/tensorflow/commits/94ae84bdb9b759fdc6cce212c9253cd01cd782af""},{""sha"":""516e8df2ea4d6515dcfdb0bba5f2abe2dbf7f822"",""author"":{""name"":""A. Unique TensorFlower"",""email"":""746aced590a184ef4169166e753f7c211e32e5fc@tensorflow.org""},""message"":""Integrate LLVM at llvm/llvm-project@89786c2b992c\n\nUpdates LLVM usage to match\n[89786c2b992c](https://github.com/llvm/llvm-project/commit/89786c2b992c)\n\nPiperOrigin-RevId: 395437677\nChange-Id: I501bd3f202b5f870466bec2f88e010ef4a58da74"",""distinct"":true,""url"":""https://api.github.com/repos/coeuvre/tensorflow/commits/516e8df2ea4d6515dcfdb0bba5f2abe2dbf7f822""},{""sha"":""ea5eee26f2b8766c1207698ab1f6828e8d8607ee"",""author"":{""name"":""A. Unique TensorFlower"",""email"":""746aced590a184ef4169166e753f7c211e32e5fc@tensorflow.org""},""message"":""Update TFRT dependency to use revision\nhttp://github.com/tensorflow/runtime/commit/2400d53b8872e5e821934e549f15bcffc844d322.\n\nPiperOrigin-RevId: 395442088\nChange-Id: I72d81e322a4a25cbffd90af5a889908c0f5f3713"",""distinct"":true,""url"":""https://api.github.com/repos/coeuvre/tensorflow/commits/ea5eee26f2b8766c1207698ab1f6828e8d8607ee""},{""sha"":""405235973d3e1589e49d914ce7e13237f8dd2219"",""author"":{""name"":""Tres Popp"",""email"":""bb390cedfd91dd9be00fd9562bdc5562c5867450@google.com""},""message"":""Use loop peeling improve performance of cwise vectorization with tiled loops.\n\nThis will be used once loops are vectorized in MLIR based code and eliminate almost all padding/masking related overhead.\n\nThis will be extended to support peeling in other dimensions than the last, but that is to benefit reductions/matrix multiplies rather than cwise.\n\nPiperOrigin-RevId: 395449360\nChange-Id: If328c93e1fbd9d51d909e29318801f1f8c572cba"",""distinct"":true,""url"":""https://api.github.com/repos/coeuvre/tensorflow/commits/405235973d3e1589e49d914ce7e13237f8dd2219""},{""sha"":""b9f1cbe432904460dc586dc2054feb3a15500355"",""author"":{""name"":""A. Unique TensorFlower"",""email"":""746aced590a184ef4169166e753f7c211e32e5fc@tensorflow.org""},""message"":""Go: Update generated wrapper functions for TensorFlow ops.\n\nPiperOrigin-RevId: 395452918\nChange-Id: Ia707345dfdf6a33141da24ee738ac966121007d2"",""distinct"":true,""url"":""https://api.github.com/repos/coeuvre/tensorflow/commits/b9f1cbe432904460dc586dc2054feb3a15500355""},{""sha"":""edc16b85123e36295d72d55a1e75b9dca74914f9"",""author"":{""name"":""Tres Popp"",""email"":""bb390cedfd91dd9be00fd9562bdc5562c5867450@google.com""},""message"":""Support user disabling of JIT compiled kernels\n\nThis labels all JIT kernels when they are added, and then either removes the labels or removes the kernels on the first occurrence that the kernel registry is retrieved.\n\nThe points these features are implemented are in GlobalKernelRegistryTyped() and in the macros specific to mlir_generated kernels.\n\nPiperOrigin-RevId: 395459868\nChange-Id: I4fb63c876e13d76804337dfd6f57b5ef01ddbe4d"",""distinct"":true,""url"":""https://api.github.com/repos/coeuvre/tensorflow/commits/edc16b85123e36295d72d55a1e75b9dca74914f9""},{""sha"":""cf452ffc60ab3bcca127ca683c3187ed8bb0fe29"",""author"":{""name"":""Alexander Belyaev"",""email"":""a33a2701f6790f0a44360bcc1a194138e928e0d3@google.com""},""message"":""Add options to TF CPURT to enable codegen strategy for reductions and cwise.\n\nBy default, the codegen is disabled. These options are needed to keep the new features disabled until we are confident enough.\n\nPiperOrigin-RevId: 395461582\nChange-Id: I57f6b28d5c7783881d1064e1b954c63c34943309"",""distinct"":true,""url"":""https://api.github.com/repos/coeuvre/tensorflow/commits/cf452ffc60ab3bcca127ca683c3187ed8bb0fe29""},{""sha"":""1b4be8acbcc52d6480f9e44b10b148259070d1c9"",""author"":{""name"":""Thai Nguyen"",""email"":""77c7cb715bbfb6a72d1c8dd380160fd6eb2ba9c0@google.com""},""message"":""Don't raise error of missing inputs/outputs on custom ops\n\nCustom ops, including Flex ops, might not have inputs/outputs and custom ops in general depends on the users' impelementation, which we cannot check here.\n\nPiperOrigin-RevId: 395464527\nChange-Id: I5500b4acf76ad72bd6b8d1909f56c82afb2e31b3"",""distinct"":true,""url"":""https://api.github.com/repos/coeuvre/tensorflow/commits/1b4be8acbcc52d6480f9e44b10b148259070d1c9""},{""sha"":""6adbd0ec91063628720f6eceb981b50368d8af92"",""author"":{""name"":""A. Unique TensorFlower"",""email"":""746aced590a184ef4169166e753f7c211e32e5fc@tensorflow.org""},""message"":""Integrate LLVM at llvm/llvm-project@1524b0154116\n\nUpdates LLVM usage to match\n[1524b0154116](https://github.com/llvm/llvm-project/commit/1524b0154116)\n\nPiperOrigin-RevId: 395471069\nChange-Id: I02d870fd5973c19c01b939f557237f3f72db74e5"",""distinct"":true,""url"":""https://api.github.com/repos/coeuvre/tensorflow/commits/6adbd0ec91063628720f6eceb981b50368d8af92""}]",,,,,,,,,,
18157000299,WatchEvent,true,2021-09-27 03:56:00.000000 UTC,47653786,WLL-1017065322,75396575,duxianwei520/react,,,,,,,,"""started""",,,,,,,,,
18156611961,PullRequestEvent,true,2021-09-27 03:04:56.000000 UTC,49699333,dependabot[bot],69504221,escattone/kuma,,,,,,,,"""opened""",172,,,,,,,,
18156762175,IssueCommentEvent,true,2021-09-27 03:21:41.000000 UTC,7434837,owen200008,4710920,apache/dubbo,,,,,,,,"""created""",,,,,,,,,
18156747113,PushEvent,true,2021-09-27 03:19:47.000000 UTC,3460267,adam2392,197068409,neurodata/scikit-learn,"""refs/heads/optimism""",,,8019012405,1,1,"[{""sha"":""505e336981acf1c772d66f6e67e3fcc6846e8b34"",""author"":{""name"":""Adam Li"",""email"":""133b03ce893fd1849cdfd5008f4c79a78c003286@gmail.com""},""message"":""Remove scruff and add changelog"",""distinct"":true,""url"":""https://api.github.com/repos/neurodata/scikit-learn/commits/505e336981acf1c772d66f6e67e3fcc6846e8b34""}]",,,,,,,,,,
18156774283,WatchEvent,true,2021-09-27 03:23:15.000000 UTC,31103749,RossZheiski,97969812,NebulousCloud/helix,,,,,,,,"""started""",,,,,,,,,
18156955404,PullRequestEvent,true,2021-09-27 03:49:08.000000 UTC,9292748,AlbumenJ,4710920,apache/dubbo,,,,,,,,"""closed""",8619,,,,,,,,
18156618232,CreateEvent,true,2021-09-27 03:05:37.000000 UTC,49699333,dependabot[bot],69504221,escattone/kuma,"""dependabot/pip/newrelic-7.0.0.166""","""branch""","""user""",,,,,,,,,,,,,,
18156845386,IssueCommentEvent,true,2021-09-27 03:32:42.000000 UTC,21031150,MrinalTyagi,45717250,tensorflow/tensorflow,,,,,,,,"""created""",,,,,,,,,
18170005722,PushEvent,true,2021-09-27 18:48:48.000000 UTC,35102309,thebpc,223957215,thebpc/react,"""refs/heads/snyk-fix-53cd2a9c2f27a614d61bb85838f63e2b""",,,8025243230,1,1,"[{""sha"":""a001e4d33f4439476742a3d6b7a1957da0f71b38"",""author"":{""name"":""snyk-bot"",""email"":""6524ae312692b75c8ed05087d0aa3c757ac39348@snyk.io""},""message"":""fix: scripts/bench/package.json & scripts/bench/yarn.lock to reduce vulnerabilities\n\nThe following vulnerabilities are fixed with an upgrade:\n- https://snyk.io/vuln/SNYK-JS-ANSIREGEX-1583908"",""distinct"":true,""url"":""https://api.github.com/repos/thebpc/react/commits/a001e4d33f4439476742a3d6b7a1957da0f71b38""}]",,,,,,,,,,
18170100609,PullRequestEvent,true,2021-09-27 18:55:57.000000 UTC,19733683,snyk-bot,357733184,feemstr/react,,,,,,,,"""opened""",15,,,,,,,,
18170102175,PushEvent,true,2021-09-27 18:56:04.000000 UTC,82482709,feemstr,357733184,feemstr/react,"""refs/heads/snyk-fix-ec7d9b411703f34a4145cdb8d220ee29""",,,8025287284,1,1,"[{""sha"":""223474b21912fce781cfe7cb2f65d8d29db0e956"",""author"":{""name"":""snyk-bot"",""email"":""6524ae312692b75c8ed05087d0aa3c757ac39348@snyk.io""},""message"":""fix: scripts/bench/package.json & scripts/bench/yarn.lock to reduce vulnerabilities\n\nThe following vulnerabilities are fixed with an upgrade:\n- https://snyk.io/vuln/SNYK-JS-ANSIREGEX-1583908"",""distinct"":true,""url"":""https://api.github.com/repos/feemstr/react/commits/223474b21912fce781cfe7cb2f65d8d29db0e956""}]",,,,,,,,,,
18169919146,PushEvent,true,2021-09-27 18:42:19.000000 UTC,24976862,rogday,366653779,rogday/opencv,"""refs/heads/argmaxnd""",,,8025203255,1,1,"[{""sha"":""dd264146be7962989df48ef3481dbc4021eefebe"",""author"":{""name"":""Smirnov Egor"",""email"":""9951d70b99a568cda55036e5dec71024df2ce43a@yandex.ru""},""message"":""MSVC workaround for std::isnan()"",""distinct"":true,""url"":""https://api.github.com/repos/rogday/opencv/commits/dd264146be7962989df48ef3481dbc4021eefebe""}]",,,,,,,,,,
18169721962,PushEvent,true,2021-09-27 18:27:28.000000 UTC,335567,Carreau,2344073,Carreau/ipython,"""refs/heads/pdbskip""",,,8025109090,42,2,"[{""sha"":""58e4653a04f5ca5081a7153d92f6b00741f2d0e2"",""author"":{""name"":""Artur Svistunov"",""email"":""96b4a463293d4ed1d1ef5b5cb45fd7065a3abc4e@users.noreply.github.com""},""message"":""Fixed: Issue https://github.com/ipython/ipython/issues/12897\n\nProblem:\n  Changing to vi mode via config magic makes repl stop reacting\n  to almost all keyboard input.\nSolution:\n  Recreating prompt tookit app every time editing mode changed."",""distinct"":false,""url"":""https://api.github.com/repos/Carreau/ipython/commits/58e4653a04f5ca5081a7153d92f6b00741f2d0e2""},{""sha"":""b18c585c730230ea66326fd34675d7e2e179676c"",""author"":{""name"":""Artur Svistunov"",""email"":""96b4a463293d4ed1d1ef5b5cb45fd7065a3abc4e@users.noreply.github.com""},""message"":""' -> \"""",""distinct"":false,""url"":""https://api.github.com/repos/Carreau/ipython/commits/b18c585c730230ea66326fd34675d7e2e179676c""},{""sha"":""62ebcb337087f76b869c1cd77a507f450602d93c"",""author"":{""name"":""Artur Svistunov"",""email"":""96b4a463293d4ed1d1ef5b5cb45fd7065a3abc4e@users.noreply.github.com""},""message"":""Remove redundant newline"",""distinct"":false,""url"":""https://api.github.com/repos/Carreau/ipython/commits/62ebcb337087f76b869c1cd77a507f450602d93c""},{""sha"":""d4ad76fcfd10736797b80aa1d7827d8d32cffda0"",""author"":{""name"":""Artur Svistunov"",""email"":""96b4a463293d4ed1d1ef5b5cb45fd7065a3abc4e@users.noreply.github.com""},""message"":""Remove unused variable"",""distinct"":false,""url"":""https://api.github.com/repos/Carreau/ipython/commits/d4ad76fcfd10736797b80aa1d7827d8d32cffda0""},{""sha"":""e62d7600bbb43a53035180a2d84a9b5b6c78e2f1"",""author"":{""name"":""MRCWirtz"",""email"":""21c2f6119918e38dcc28d69cb0b395186525bf5d@rwth-aachen.de""},""message"":""Fix virtual environment user warning for lower case pathes"",""distinct"":false,""url"":""https://api.github.com/repos/Carreau/ipython/commits/e62d7600bbb43a53035180a2d84a9b5b6c78e2f1""},{""sha"":""0ddc69a747ac7ddcdacc618c58c75f268c69ae9a"",""author"":{""name"":""MRCWirtz"",""email"":""21c2f6119918e38dcc28d69cb0b395186525bf5d@rwth-aachen.de""},""message"":""Only apply lower-case path comparison for Windows filesystem"",""distinct"":false,""url"":""https://api.github.com/repos/Carreau/ipython/commits/0ddc69a747ac7ddcdacc618c58c75f268c69ae9a""},{""sha"":""63c4effb16bdc1b154eb02222b8e172f8e83ee52"",""author"":{""name"":""Artur Svistunov"",""email"":""18f8f3b4051ff99cfcb0dc464ac151132f5b07e8@gmail.com""},""message"":""User `EditingMode` instance instead of upper-cased name of a mode"",""distinct"":false,""url"":""https://api.github.com/repos/Carreau/ipython/commits/63c4effb16bdc1b154eb02222b8e172f8e83ee52""},{""sha"":""853f202ee240ee194379746ac040f1fcc2e4dafd"",""author"":{""name"":""Artur Svistunov"",""email"":""18f8f3b4051ff99cfcb0dc464ac151132f5b07e8@gmail.com""},""message"":""Revert method name to minimize possible impact of the fix"",""distinct"":false,""url"":""https://api.github.com/repos/Carreau/ipython/commits/853f202ee240ee194379746ac040f1fcc2e4dafd""},{""sha"":""6e77325722869fb25e0453bb364d1f014f320111"",""author"":{""name"":""Artur Svistunov"",""email"":""18f8f3b4051ff99cfcb0dc464ac151132f5b07e8@gmail.com""},""message"":""Simplify a bit, remove preliminary computation of mode"",""distinct"":false,""url"":""https://api.github.com/repos/Carreau/ipython/commits/6e77325722869fb25e0453bb364d1f014f320111""},{""sha"":""8ab56c7c0af853d4ed24d8429c3f8cdeacf8ae50"",""author"":{""name"":""Tomasz Kłoczko"",""email"":""00dd7c265be03c381150912b5b8354033eccfa1d@github.com""},""message"":""nose2pytest migration batch 1\n\nMost of the changes done by sed -i s/nt.assert/assert/ -> use\nnose2pytest script from `nose2pytest` module from\nhttps://github.com/schollii/nose2pytest/\nAt the end some manual changes (mostly about proper pytest module\nimport).\n\nSigned-off-by: Tomasz Kłoczko <kloczek@github.com>"",""distinct"":false,""url"":""https://api.github.com/repos/Carreau/ipython/commits/8ab56c7c0af853d4ed24d8429c3f8cdeacf8ae50""},{""sha"":""7b2546d20c8f0d272dc665b5d50bb253241ae0b3"",""author"":{""name"":""Blazej Michalik"",""email"":""5274fa5ed41bc0ab80b761dc4b8355b126300494@nokia.com""},""message"":""Darker"",""distinct"":false,""url"":""https://api.github.com/repos/Carreau/ipython/commits/7b2546d20c8f0d272dc665b5d50bb253241ae0b3""},{""sha"":""241c1f571deef0e4ffa9ba49c7680865c54b5ce0"",""author"":{""name"":""Artur Svistunov"",""email"":""18f8f3b4051ff99cfcb0dc464ac151132f5b07e8@gmail.com""},""message"":""Use custom CommandCompiler for input validation"",""distinct"":false,""url"":""https://api.github.com/repos/Carreau/ipython/commits/241c1f571deef0e4ffa9ba49c7680865c54b5ce0""},{""sha"":""aff59c6dd9867026facf6fc32784b8605013e5c3"",""author"":{""name"":""Artur Svistunov"",""email"":""18f8f3b4051ff99cfcb0dc464ac151132f5b07e8@gmail.com""},""message"":""Fix `compile()` invocation"",""distinct"":false,""url"":""https://api.github.com/repos/Carreau/ipython/commits/aff59c6dd9867026facf6fc32784b8605013e5c3""},{""sha"":""c84fa60f85127cea3ba620034cebf023b0660bed"",""author"":{""name"":""Artur Svistunov"",""email"":""18f8f3b4051ff99cfcb0dc464ac151132f5b07e8@gmail.com""},""message"":""declare `MaybeAsyncCompile.__call__()` as a method"",""distinct"":false,""url"":""https://api.github.com/repos/Carreau/ipython/commits/c84fa60f85127cea3ba620034cebf023b0660bed""},{""sha"":""64631c580aa78fcb15325ecd29df94614772f8dd"",""author"":{""name"":""Matthias Bussonnier"",""email"":""bc6ce7c050ee90e1f3b70c16cec57d4205e63b6c@gmail.com""},""message"":""Merge pull request #13090 from madbird1304/madbird1304/issue#12975\n\nFix: `async with` doesn't allow newlines (ipython/ipython/issues/12975)"",""distinct"":false,""url"":""https://api.github.com/repos/Carreau/ipython/commits/64631c580aa78fcb15325ecd29df94614772f8dd""},{""sha"":""e7680611230333038b7f8d5b6765f3f22bebe1b6"",""author"":{""name"":""Matthias Bussonnier"",""email"":""bc6ce7c050ee90e1f3b70c16cec57d4205e63b6c@gmail.com""},""message"":""Merge pull request #13091 from madbird1304/madbird1304/issue#12897\n\nFix for issue #12897"",""distinct"":false,""url"":""https://api.github.com/repos/Carreau/ipython/commits/e7680611230333038b7f8d5b6765f3f22bebe1b6""},{""sha"":""d17b81ee6609afe151a941006b491e3a939528d2"",""author"":{""name"":""Marcus Wirtz"",""email"":""21c2f6119918e38dcc28d69cb0b395186525bf5d@rwth-aachen.de""},""message"":""Fix typo in comment\n\nCo-authored-by: Blazej Michalik <6691643+MrMino@users.noreply.github.com>"",""distinct"":false,""url"":""https://api.github.com/repos/Carreau/ipython/commits/d17b81ee6609afe151a941006b491e3a939528d2""},{""sha"":""3e2c48a0aaf251b06acbf717b462bc4e7fec8cd6"",""author"":{""name"":""Blazej Michalik"",""email"":""f9bfdcb69d59d2aec7809cdd36c8dd5d84925b31@users.noreply.github.com""},""message"":""Merge pull request #13094 from MRCWirtz/master\n\nFix virtual environment user warning for lower case pathes"",""distinct"":false,""url"":""https://api.github.com/repos/Carreau/ipython/commits/3e2c48a0aaf251b06acbf717b462bc4e7fec8cd6""},{""sha"":""f5e8a3c78ef6100abfa6622329a56592025b1383"",""author"":{""name"":""Blazej Michalik"",""email"":""5274fa5ed41bc0ab80b761dc4b8355b126300494@nokia.com""},""message"":""Improve formatting of %time documentation"",""distinct"":false,""url"":""https://api.github.com/repos/Carreau/ipython/commits/f5e8a3c78ef6100abfa6622329a56592025b1383""},{""sha"":""981302a49e7fdc18dccc1b67666380d87b3a2ad9"",""author"":{""name"":""Blazej Michalik"",""email"":""f9bfdcb69d59d2aec7809cdd36c8dd5d84925b31@users.noreply.github.com""},""message"":""Merge pull request #13125 from MrMino/fix_time_docs_formatting\n\nImprove formatting of %time documentation"",""distinct"":false,""url"":""https://api.github.com/repos/Carreau/ipython/commits/981302a49e7fdc18dccc1b67666380d87b3a2ad9""}]",,,,,,,,,,
18169894031,PushEvent,true,2021-09-27 18:40:22.000000 UTC,266755,jjeffers,175842148,jjeffers/katello,"""refs/heads/33557_create_ostree_repository""",,,8025191409,1,1,"[{""sha"":""3c2db4c12962947f824b45b425d4a78e316c5ce9"",""author"":{""name"":""James Jeffers"",""email"":""7e66d8e7404d9fb110ca3890d2026fc5a28e215f@redhat.com""},""message"":""Fixes #33557 - further trim out uneeded changes"",""distinct"":true,""url"":""https://api.github.com/repos/jjeffers/katello/commits/3c2db4c12962947f824b45b425d4a78e316c5ce9""}]",,,,,,,,,,
18169982177,PushEvent,true,2021-09-27 18:47:04.000000 UTC,40196028,saitejmnvj,387832025,saitejmnvj/react,"""refs/heads/snyk-fix-eb0a021643f5ae20117b225346242623""",,,8025232605,1,1,"[{""sha"":""f20b158fb6c709d2625beca11e7d0ed6f871b980"",""author"":{""name"":""snyk-bot"",""email"":""6524ae312692b75c8ed05087d0aa3c757ac39348@snyk.io""},""message"":""fix: scripts/bench/package.json & scripts/bench/yarn.lock to reduce vulnerabilities\n\nThe following vulnerabilities are fixed with an upgrade:\n- https://snyk.io/vuln/SNYK-JS-ANSIREGEX-1583908"",""distinct"":true,""url"":""https://api.github.com/repos/saitejmnvj/react/commits/f20b158fb6c709d2625beca11e7d0ed6f871b980""}]",,,,,,,,,,
18169980389,PullRequestEvent,true,2021-09-27 18:46:56.000000 UTC,19733683,snyk-bot,387832025,saitejmnvj/react,,,,,,,,"""opened""",18,,,,,,,,
18170108621,PushEvent,true,2021-09-27 18:56:34.000000 UTC,32175777,Hyperion101010,405708897,Hyperion101010/react,"""refs/heads/main""",,,8025290289,4,4,"[{""sha"":""c9d64e5f4c2b7cc70a618eec78900dbfd6d201e8"",""author"":{""name"":""Behnam Mohammadi"",""email"":""e60bfd15efa0ef0d0b5be4cda8700dbcfca0b68a@live.com""},""message"":""add hasOwnProperty to devTools backend (#22437)"",""distinct"":true,""url"":""https://api.github.com/repos/Hyperion101010/react/commits/c9d64e5f4c2b7cc70a618eec78900dbfd6d201e8""},{""sha"":""05726d72ccd3940a927462d520d0d2674012ad85"",""author"":{""name"":""Andrew Clark"",""email"":""46f1a0bd5592a2f9244ca321b129902a06b53e03@andrewclark.io""},""message"":""[Fix] Errors should not \""unsuspend\"" a transition (#22423)\n\nIf an error is thrown during a transition where we would have otherwise\r\nsuspended without showing a fallback (i.e. during a refresh), we should\r\nstill suspend.\r\n\r\nThe current behavior is that the error will force the fallback to\r\nappear, even if it's completely unrelated to the component that errored,\r\nwhich breaks the contract of `startTransition`."",""distinct"":true,""url"":""https://api.github.com/repos/Hyperion101010/react/commits/05726d72ccd3940a927462d520d0d2674012ad85""},{""sha"":""c88fb49d37fd01024e0a254a37b7810d107bdd1d"",""author"":{""name"":""Justin Grant"",""email"":""8d98433eeba340cfbd8ad789949e75dfb0df2bb3@users.noreply.github.com""},""message"":""Improve DEV errors if string coercion throws (Temporal.*, Symbol, etc.) (#22064)\n\n* Revise ESLint rules for string coercion\r\n\r\nCurrently, react uses `'' + value` to coerce mixed values to strings.\r\nThis code will throw for Temporal objects or symbols.\r\n\r\nTo make string-coercion safer and to improve user-facing error messages,\r\nThis commit adds a new ESLint rule called `safe-string-coercion`.\r\n\r\nThis rule has two modes: a production mode and a non-production mode.\r\n* If the `isProductionUserAppCode` option is true, then `'' + value`\r\n  coercions are allowed (because they're faster, although they may\r\n  throw) and `String(value)` coercions are disallowed. Exception:\r\n  when building error messages or running DEV-only code in prod\r\n  files, `String()` should be used because it won't throw.\r\n* If the `isProductionUserAppCode` option is false, then `'' + value`\r\n  coercions are disallowed (because they may throw, and in non-prod\r\n  code it's not worth the risk) and `String(value)` are allowed.\r\n\r\nProduction mode is used for all files which will be bundled with\r\ndevelopers' userland apps. Non-prod mode is used for all other React\r\ncode: tests, DEV blocks, devtools extension, etc.\r\n\r\nIn production mode, in addiiton to flagging `String(value)` calls,\r\nthe rule will also flag `'' + value` or `value + ''` coercions that may\r\nthrow. The rule is smart enough to silence itself in the following\r\n\""will never throw\"" cases:\r\n* When the coercion is wrapped in a `typeof` test that restricts to safe\r\n  (non-symbol, non-object) types. Example:\r\n    if (typeof value === 'string' || typeof value === 'number') {\r\n      thisWontReport('' + value);\r\n    }\r\n* When what's being coerced is a unary function result, because unary\r\n   functions never return an object or a symbol.\r\n* When the coerced value is a commonly-used numeric identifier:\r\n  `i`, `idx`, or `lineNumber`.\r\n* When the statement immeidately before the coercion is a DEV-only\r\n  call to a function from shared/CheckStringCoercion.js. This call is a\r\n  no-op in production, but in DEV it will show a console error\r\n  explaining the problem, then will throw right after a long explanatory\r\n  code comment so that debugger users will have an idea what's going on.\r\n  The check function call must be in the following format:\r\n    if (__DEV__) {\r\n      checkXxxxxStringCoercion(value);\r\n    };\r\n\r\nManually disabling the rule is usually not necessary because almost all\r\nprod use of the `'' + value` pattern falls into one of the categories\r\nabove. But in the rare cases where the rule isn't smart enough to detect\r\nsafe usage (e.g. when a coercion is inside a nested ternary operator),\r\nmanually disabling the rule will be needed.\r\n\r\nThe rule should also be manually disabled in prod error handling code\r\nwhere `String(value)` should be used for coercions, because it'd be\r\nbad to throw while building an error message or stack trace!\r\n\r\nThe prod and non-prod modes have differentiated error messages to\r\nexplain how to do a proper coercion in that mode.\r\n\r\nIf a production check call is needed but is missing or incorrect\r\n(e.g. not in a DEV block or not immediately before the coercion), then\r\na context-sensitive error message will be reported so that developers\r\ncan figure out what's wrong and how to fix the problem.\r\n\r\nBecause string coercions are now handled by the `safe-string-coercion`\r\nrule, the `no-primitive-constructor` rule no longer flags `String()`\r\nusage. It still flags `new String(value)` because that usage is almost\r\nalways a bug.\r\n\r\n* Add DEV-only string coercion check functions\r\n\r\nThis commit adds DEV-only functions to check whether coercing\r\nvalues to strings using the `'' + value` pattern will throw. If it will\r\nthrow, these functions will:\r\n1. Display a console error with a friendly error message describing\r\n   the problem and the developer can fix it.\r\n2. Perform the coercion, which will throw. Right before the line where\r\n   the throwing happens, there's a long code comment that will help\r\n   debugger users (or others looking at the exception call stack) figure\r\n   out what happened and how to fix the problem.\r\n\r\nOne of these check functions should be called before all string coercion\r\nof user-provided values, except when the the coercion is guaranteed not\r\nto throw, e.g.\r\n* if inside a typeof check like `if (typeof value === 'string')`\r\n* if coercing the result of a unary function like `+value` or `value++`\r\n* if coercing a variable named in a whitelist of numeric identifiers:\r\n  `i`, `idx`, or `lineNumber`.\r\n\r\nThe new `safe-string-coercion` internal ESLint rule enforces that\r\nthese check functions are called when they are required.\r\n\r\nOnly use these check functions in production code that will be bundled\r\nwith user apps.  For non-prod code (and for production error-handling\r\ncode), use `String(value)` instead which may be a little slower but will\r\nnever throw.\r\n\r\n* Add failing tests for string coercion\r\n\r\nAdded failing tests to verify:\r\n* That input, select, and textarea elements with value and defaultValue\r\n  set to Temporal-like objects which will throw when coerced to string\r\n  using the `'' + value` pattern.\r\n* That text elements will throw for Temporal-like objects\r\n* That dangerouslySetInnerHTML will *not* throw for Temporal-like\r\n  objects because this value is not cast to a string before passing to\r\n  the DOM.\r\n* That keys that are Temporal-like objects will throw\r\n\r\nAll tests above validate the friendly error messages thrown.\r\n\r\n* Use `String(value)` for coercion in non-prod files\r\n\r\nThis commit switches non-production code from `'' + value` (which\r\nthrows for Temporal objects and symbols) to instead use `String(value)`\r\nwhich won't throw for these or other future plus-phobic types.\r\n\r\n\""Non-produciton code\"" includes anything not bundled into user apps:\r\n* Tests and test utilities. Note that I didn't change legacy React\r\n  test fixtures because I assumed it was good for those files to\r\n  act just like old React, including coercion behavior.\r\n* Build scripts\r\n* Dev tools package - In addition to switching to `String`, I also\r\n  removed special-case code for coercing symbols which is now\r\n  unnecessary.\r\n\r\n* Add DEV-only string coercion checks to prod files\r\n\r\nThis commit adds DEV-only function calls to to check if string coercion\r\nusing `'' + value` will throw, which it will if the value is a Temporal\r\nobject or a symbol because those types can't be added with `+`.\r\n\r\nIf it will throw, then in DEV these checks will show a console error\r\nto help the user undertsand what went wrong and how to fix the\r\nproblem. After emitting the console error, the check functions will\r\nretry the coercion which will throw with a call stack that's easy (or\r\nat least easier!) to troubleshoot because the exception happens right\r\nafter a long comment explaining the issue. So whether the user is in\r\na debugger, looking at the browser console, or viewing the in-browser\r\nDEV call stack, it should be easy to understand and fix the problem.\r\n\r\nIn most cases, the safe-string-coercion ESLint rule is smart enough to\r\ndetect when a coercion is safe. But in rare cases (e.g. when a coercion\r\nis inside a ternary) this rule will have to be manually disabled.\r\n\r\nThis commit also switches error-handling code to use `String(value)`\r\nfor coercion, because it's bad to crash when you're trying to build\r\nan error message or a call stack!  Because `String()` is usually\r\ndisallowed by the `safe-string-coercion` ESLint rule in production\r\ncode, the rule must be disabled when `String()` is used."",""distinct"":true,""url"":""https://api.github.com/repos/Hyperion101010/react/commits/c88fb49d37fd01024e0a254a37b7810d107bdd1d""},{""sha"":""2e41568313620ab564425be7e5d777581e2db5d4"",""author"":{""name"":""Brian Vaughn"",""email"":""59942a8ec08225673b377c556396ca24baabd1b2@fb.com""},""message"":""DevTools encoding supports multibyte characters (e.g. \""🟩\"") (#22424)\n\nChanges our text encoding approach to properly support multibyte characters following this algorithm. Based on benchmarking, this new approach is roughly equivalent in terms of performance (sometimes slightly faster, sometimes slightly slower).\r\n\r\nI also considered using TextEncoder/TextDecoder for this, but it was much slower (~85%)."",""distinct"":true,""url"":""https://api.github.com/repos/Hyperion101010/react/commits/2e41568313620ab564425be7e5d777581e2db5d4""}]",,,,,,,,,,
18169775038,PullRequestEvent,true,2021-09-27 18:31:20.000000 UTC,39814207,pull[bot],298802916,NeatNerdPrime/katello,,,,,,,,"""opened""",334,,,,,,,,
18169821904,PullRequestEvent,true,2021-09-27 18:34:50.000000 UTC,19733683,snyk-bot,133090063,heshamelmasry77/react,,,,,,,,"""opened""",50,,,,,,,,
18169823427,CreateEvent,true,2021-09-27 18:34:57.000000 UTC,15607302,heshamelmasry77,133090063,heshamelmasry77/react,"""snyk-fix-3c53b635e1e69dc1729e575265bdeaea""","""branch""","""user""",,,,,,,,,,,,,,
18170143185,PushEvent,true,2021-09-27 18:59:12.000000 UTC,7650812,brunosantanati,410933274,brunosantanati/terraform,"""refs/heads/main""",,,8025306074,1,1,"[{""sha"":""078b7e6d14a986918f62c30a6c57731eb7e18a2c"",""author"":{""name"":""Bruno Rafael Sant Ana"",""email"":""98185e55ca25190d3f323410552f777fdfe5c2b4@gmail.com""},""message"":""Acessar instancia EC2 via SSH."",""distinct"":true,""url"":""https://api.github.com/repos/brunosantanati/terraform/commits/078b7e6d14a986918f62c30a6c57731eb7e18a2c""}]",,,,,,,,,,
18169568536,PushEvent,true,2021-09-27 18:16:41.000000 UTC,10923599,DEKHTIARJonathan,407689153,meena-at-work/tensorflow,"""refs/heads/meenakshiv/gatherv2_converter_remix""",,,8025036452,1,1,"[{""sha"":""a7d20b26383070e9c97c6345e597e427cec1feb5"",""author"":{""name"":""DEKHTIARJonathan"",""email"":""1a73af9e7ae00182733b2292511b814be66f065f@jonathandekhtiar.eu""},""message"":""Remove development artifacts"",""distinct"":true,""url"":""https://api.github.com/repos/meena-at-work/tensorflow/commits/a7d20b26383070e9c97c6345e597e427cec1feb5""}]",,,,,,,,,,
18169592999,PushEvent,true,2021-09-27 18:18:19.000000 UTC,10923599,DEKHTIARJonathan,407689153,meena-at-work/tensorflow,"""refs/heads/meenakshiv/gatherv2_converter""",,,8025047400,1,1,"[{""sha"":""309926d0f1b7951d0ae72ea9f415ffb65657a347"",""author"":{""name"":""DEKHTIARJonathan"",""email"":""1a73af9e7ae00182733b2292511b814be66f065f@jonathandekhtiar.eu""},""message"":""Development artifacts removed"",""distinct"":true,""url"":""https://api.github.com/repos/meena-at-work/tensorflow/commits/309926d0f1b7951d0ae72ea9f415ffb65657a347""}]",,,,,,,,,,
18169441444,PushEvent,true,2021-09-27 18:08:29.000000 UTC,4741199,stefan-niedermann,409554011,stefan-niedermann/phoenix,"""refs/heads/master""",,,8024975330,1,1,"[{""sha"":""2600d41d699e1dbbfdd8dbc3fd04738965f52776"",""author"":{""name"":""Stefan Niedermann"",""email"":""59bd0a3ff43b32849b319e645d4798d8a5d1e889@niedermann.it""},""message"":""Refactor build process"",""distinct"":true,""url"":""https://api.github.com/repos/stefan-niedermann/phoenix/commits/2600d41d699e1dbbfdd8dbc3fd04738965f52776""}]",,,,,,,,,,
18169478453,PushEvent,true,2021-09-27 18:10:48.000000 UTC,4741199,stefan-niedermann,409554011,stefan-niedermann/phoenix,"""refs/heads/master""",,,8024992722,1,1,"[{""sha"":""7e03ed966a84ae4423a550bf6f81cef609063d07"",""author"":{""name"":""Stefan Niedermann"",""email"":""59bd0a3ff43b32849b319e645d4798d8a5d1e889@niedermann.it""},""message"":""Fix build"",""distinct"":true,""url"":""https://api.github.com/repos/stefan-niedermann/phoenix/commits/7e03ed966a84ae4423a550bf6f81cef609063d07""}]",,,,,,,,,,
18169370854,CreateEvent,true,2021-09-27 18:04:00.000000 UTC,75055889,efundamentals-cuongdo,410991173,efundamentals-cuongdo/react,"""master""","""branch""","""user""",,,,,,,,,,,,,,
18169907946,IssueCommentEvent,true,2021-09-27 18:41:26.000000 UTC,32175777,Hyperion101010,10270250,facebook/react,,,,,,,,"""created""",,,,,,,,,
18169543993,PullRequestReviewCommentEvent,true,2021-09-27 18:15:03.000000 UTC,1549069,behnammodi,10270250,facebook/react,,,,,,,,"""created""",22438,,,,,,,,
18169930124,WatchEvent,true,2021-09-27 18:43:11.000000 UTC,40705628,mmportella,10270250,facebook/react,,,,,,,,"""started""",,,,,,,,,
18169563280,IssueCommentEvent,true,2021-09-27 18:16:19.000000 UTC,29597,bvaughn,10270250,facebook/react,,,,,,,,"""created""",,,,,,,,,
18169505154,PullRequestReviewCommentEvent,true,2021-09-27 18:12:29.000000 UTC,29597,bvaughn,10270250,facebook/react,,,,,,,,"""created""",22438,,,,,,,,
18169818099,PullRequestEvent,true,2021-09-27 18:34:32.000000 UTC,2286579,salazarm,10270250,facebook/react,,,,,,,,"""closed""",22440,,,,,,,,
18169543927,PullRequestReviewEvent,true,2021-09-27 18:15:04.000000 UTC,1549069,behnammodi,10270250,facebook/react,,,,,,,,"""created""",22438,,,"""commented""","""CONTRIBUTOR""",,,,
18169564173,IssuesEvent,true,2021-09-27 18:16:23.000000 UTC,6425824,josephsavona,10270250,facebook/react,,,,,,,,"""opened""",,,,,,,,,
18169429733,IssueCommentEvent,true,2021-09-27 18:07:45.000000 UTC,1549069,behnammodi,10270250,facebook/react,,,,,,,,"""created""",,,,,,,,,
18169523724,PullRequestReviewEvent,true,2021-09-27 18:13:44.000000 UTC,1549069,behnammodi,10270250,facebook/react,,,,,,,,"""created""",22438,,,"""commented""","""CONTRIBUTOR""",,,,
18169402917,IssuesEvent,true,2021-09-27 18:06:03.000000 UTC,15324633,lorentzenchr,843222,scikit-learn/scikit-learn,,,,,,,,"""opened""",,,,,,,,,
18169496083,IssueCommentEvent,true,2021-09-27 18:11:56.000000 UTC,3460267,adam2392,843222,scikit-learn/scikit-learn,,,,,,,,"""created""",,,,,,,,,
18169788307,PullRequestReviewEvent,true,2021-09-27 18:32:19.000000 UTC,5402633,thomasjpfan,843222,scikit-learn/scikit-learn,,,,,,,,"""created""",20254,,,"""commented""","""MEMBER""",,,,
18170024993,PullRequestReviewEvent,true,2021-09-27 18:50:15.000000 UTC,395077,jlsherrill,4007018,Katello/katello,,,,,,,,"""created""",9667,,,"""commented""","""MEMBER""",,,,
18169448118,IssueCommentEvent,true,2021-09-27 18:08:54.000000 UTC,395077,jlsherrill,4007018,Katello/katello,,,,,,,,"""created""",,,,,,,,,
18170025009,PullRequestReviewCommentEvent,true,2021-09-27 18:50:14.000000 UTC,395077,jlsherrill,4007018,Katello/katello,,,,,,,,"""created""",9667,,,,,,,,
18169656478,IssueCommentEvent,true,2021-09-27 18:22:47.000000 UTC,395077,jlsherrill,4007018,Katello/katello,,,,,,,,"""created""",,,,,,,,,
18169658610,PullRequestReviewEvent,true,2021-09-27 18:22:55.000000 UTC,24976862,rogday,5108051,opencv/opencv,,,,,,,,"""created""",20733,,,"""commented""","""CONTRIBUTOR""",,,,
18169658577,PullRequestReviewCommentEvent,true,2021-09-27 18:22:55.000000 UTC,24976862,rogday,5108051,opencv/opencv,,,,,,,,"""created""",20733,,,,,,,,
18169687928,PullRequestReviewEvent,true,2021-09-27 18:25:01.000000 UTC,24976862,rogday,5108051,opencv/opencv,,,,,,,,"""created""",20702,,,"""commented""","""CONTRIBUTOR""",,,,
18170128087,WatchEvent,true,2021-09-27 18:58:03.000000 UTC,22726768,Anim-101,5108051,opencv/opencv,,,,,,,,"""started""",,,,,,,,,
18170058730,ForkEvent,true,2021-09-27 18:52:46.000000 UTC,83194640,kenpachi01011,5108051,opencv/opencv,,,,,,,,,,"""kenpachi01011/opencv""",,,,,,,
18169687960,PullRequestReviewCommentEvent,true,2021-09-27 18:25:01.000000 UTC,24976862,rogday,5108051,opencv/opencv,,,,,,,,"""created""",20702,,,,,,,,
18169654587,PushEvent,true,2021-09-27 18:22:39.000000 UTC,56741989,copybara-service[bot],45717250,tensorflow/tensorflow,"""refs/heads/master""",,,8025075052,1,1,"[{""sha"":""9403b5da995d7528a81e222c6bf37539d9542187"",""author"":{""name"":""Martin Wicke"",""email"":""36423fe978b4ea954bc241157f471a64241e0f1c@google.com""},""message"":""Change example in segment_sum to use canonical name.\n\nPiperOrigin-RevId: 399233082\nChange-Id: I61b40b9a37394887180ac5b70059a2c8f84c7363"",""distinct"":true,""url"":""https://api.github.com/repos/tensorflow/tensorflow/commits/9403b5da995d7528a81e222c6bf37539d9542187""}]",,,,,,,,,,
18169477511,PushEvent,true,2021-09-27 18:10:44.000000 UTC,56741989,copybara-service[bot],45717250,tensorflow/tensorflow,"""refs/heads/master""",,,8024990126,1,1,"[{""sha"":""561efb4ae2f03a271e1660f3f1e1c3edd550ef2c"",""author"":{""name"":""Sagun Bajra"",""email"":""8e269ab859de84ffd69b56346bf76b0e8ce1bd3b@google.com""},""message"":""Internal change\n\nPiperOrigin-RevId: 399230779\nChange-Id: I6ea36aff343a3ee245dd568576dfbf076b00e45e"",""distinct"":true,""url"":""https://api.github.com/repos/tensorflow/tensorflow/commits/561efb4ae2f03a271e1660f3f1e1c3edd550ef2c""}]",,,,,,,,,,
18169841945,PullRequestEvent,true,2021-09-27 18:36:22.000000 UTC,710255,fchollet,45717250,tensorflow/tensorflow,,,,,,,,"""closed""",49861,,,,,,,,
18169577746,PushEvent,true,2021-09-27 18:17:18.000000 UTC,56741989,copybara-service[bot],45717250,tensorflow/tensorflow,"""refs/heads/master""",,,8025038891,1,1,"[{""sha"":""65037ce1570cefd34040f241af3d095a8ce6c1a3"",""author"":{""name"":""Lu Wang"",""email"":""bb4ea195588a4447f4ab0d60d396369d687bcd9e@google.com""},""message"":""Move Task QA into the root dir of task/text\n\nMatching the directory structure of other domains, such as vision and audio\n\nPiperOrigin-RevId: 399232179\nChange-Id: I7b913f760fd3e22a036f4fcc2ece47c725496f98"",""distinct"":true,""url"":""https://api.github.com/repos/tensorflow/tensorflow/commits/65037ce1570cefd34040f241af3d095a8ce6c1a3""}]",,,,,,,,,,
18169676681,IssueCommentEvent,true,2021-09-27 18:24:13.000000 UTC,56610014,google-ml-butler[bot],45717250,tensorflow/tensorflow,,,,,,,,"""created""",,,,,,,,,
18169676365,IssuesEvent,true,2021-09-27 18:24:11.000000 UTC,56610014,google-ml-butler[bot],45717250,tensorflow/tensorflow,,,,,,,,"""closed""",,,,,,,,,
18169665175,ForkEvent,true,2021-09-27 18:23:23.000000 UTC,75268993,Harsh5chal,45717250,tensorflow/tensorflow,,,,,,,,,,"""Harsh5chal/tensorflow""",,,,,,,
18169918720,CommitCommentEvent,true,2021-09-27 18:42:17.000000 UTC,35613825,vercel[bot],390171312,pinpt/react,,,,,,,,,,,,,,,,,
18169882687,PushEvent,true,2021-09-27 18:39:30.000000 UTC,6027,jhaynie,390171312,pinpt/react,"""refs/heads/master""",,,8025186015,1,1,"[{""sha"":""7bfa2d7be208756098aa4318ae701dd35908c657"",""author"":{""name"":""Jeff Haynie"",""email"":""dfa69866463ece55768a5cab70c9583a2322fc28@pinpoint.com""},""message"":""Image Performance Improvements (#138)\n\n* Improve and speed up performance of images:\r\n\r\n- Use the browser lazy loading attribute if possible\r\n- Load imagese on-demand using Intersection Observer\r\n- Add support for blurhash\r\n- Add support for dynamic image sizing using srcSet and sizes based on\r\n  tailwind breakpoints\r\n\r\n* 1.0.32"",""distinct"":true,""url"":""https://api.github.com/repos/pinpt/react/commits/7bfa2d7be208756098aa4318ae701dd35908c657""}]",,,,,,,,,,
18169318909,PushEvent,true,2021-09-27 18:00:41.000000 UTC,19616653,ArmageddonKnight,204371788,UofT-EcoSystem/tensorflow,"""refs/heads/master""",,,8024916960,8,8,"[{""sha"":""dca0a5b445ed7bb33996acbbc8764d5557b7d607"",""author"":{""name"":""lipracer"",""email"":""31d2c3d834a0a0b161098baaa2b965d81182ce69@gmail.com""},""message"":""[MHLO]: refine delete redundant specialization function\n\nusing c++ SFINAE auto select map template paramater"",""distinct"":true,""url"":""https://api.github.com/repos/UofT-EcoSystem/tensorflow/commits/dca0a5b445ed7bb33996acbbc8764d5557b7d607""},{""sha"":""c7ad6d72b79462bb01c86ce8f47ce2db1abb764a"",""author"":{""name"":""lipracer"",""email"":""31d2c3d834a0a0b161098baaa2b965d81182ce69@gmail.com""},""message"":""fix clang compile erroe with -std=c++14"",""distinct"":true,""url"":""https://api.github.com/repos/UofT-EcoSystem/tensorflow/commits/c7ad6d72b79462bb01c86ce8f47ce2db1abb764a""},{""sha"":""f66cb2e7f8272ccd8d83016b7c32f2375163be4e"",""author"":{""name"":""A. Unique TensorFlower"",""email"":""746aced590a184ef4169166e753f7c211e32e5fc@tensorflow.org""},""message"":""Propagate `unconditionally_use_set_output_shapes` for deferred functions as well\n\nPiperOrigin-RevId: 399219498\nChange-Id: I79e1ce2bbe402adaa641274901d171b92fa9b362"",""distinct"":true,""url"":""https://api.github.com/repos/UofT-EcoSystem/tensorflow/commits/f66cb2e7f8272ccd8d83016b7c32f2375163be4e""},{""sha"":""cde2ced5d4b58bad653e1b5868b2cfa5a1cf3dcc"",""author"":{""name"":""A. Unique TensorFlower"",""email"":""746aced590a184ef4169166e753f7c211e32e5fc@tensorflow.org""},""message"":""Rollback of rollback: Move responsibility for default algorithms to callers.\n\nThere are three instances of this pattern in the codebase (reduced from 8\nrecently), and the original CL didn't update all of them correctly.  In\nAutotuneFusedConv, it did the intended thing: when autotuning is /disabled/ and\nthe new API is enabled, choose a fallback algorithm.  Propagating this to\nAutotuneUnfusedConv went wrong: instead, it chose a fallback algorithm whenever\nautotuning was not performed, thus overruling cached autotuning decisions, and\nmaking things very slow.  In fused_conv, the code was not updated at all.\n\nPiperOrigin-RevId: 399220361\nChange-Id: Icea09a2e57010c03f5595c2681f8caa5ba544c7b"",""distinct"":true,""url"":""https://api.github.com/repos/UofT-EcoSystem/tensorflow/commits/cde2ced5d4b58bad653e1b5868b2cfa5a1cf3dcc""},{""sha"":""9f3428bf8fc5eaaea388a93e775521e80513bbaa"",""author"":{""name"":""Karim Nosir"",""email"":""b18ad2d0fce287112ab07dfc92c989dd2697c06d@google.com""},""message"":""[lite] Update analyze-variables pass to allow resource to be passed to TFLite control flow ops (If, While, CallOnce) these pass the resources for other ops inside the functions, if any of the other ops that use the resources are not supported we shouldn't enable variables. This should be handled since we inspect all ops in the graph.\n\nPiperOrigin-RevId: 399222824\nChange-Id: I0546d8abc9f72d3d9f0247e72910b6bfaf24f339"",""distinct"":true,""url"":""https://api.github.com/repos/UofT-EcoSystem/tensorflow/commits/9f3428bf8fc5eaaea388a93e775521e80513bbaa""},{""sha"":""8c624204eb686a91779149dc500e6c8c60096074"",""author"":{""name"":""TensorFlower Gardener"",""email"":""746aced590a184ef4169166e753f7c211e32e5fc@tensorflow.org""},""message"":""Merge pull request #52093 from lipracer:feature\n\nPiperOrigin-RevId: 399222945\nChange-Id: I325af2e5a88a560f9fa593a9fea8e6f562d9cdf2"",""distinct"":true,""url"":""https://api.github.com/repos/UofT-EcoSystem/tensorflow/commits/8c624204eb686a91779149dc500e6c8c60096074""},{""sha"":""3d8ec6b4caba1af7c4ee5955a9bb035296ac13f2"",""author"":{""name"":""Kuangyuan Chen"",""email"":""aa926aa014ad01d64759a4230e567ab87731ebc4@google.com""},""message"":""Internal TFRT change\n\nPiperOrigin-RevId: 399225347\nChange-Id: I5cfcbb6d5fd4723ef548320ca82cb0844422795b"",""distinct"":true,""url"":""https://api.github.com/repos/UofT-EcoSystem/tensorflow/commits/3d8ec6b4caba1af7c4ee5955a9bb035296ac13f2""},{""sha"":""b7ae5f28b4b55098ae64ed2bcab21f6e29d5abee"",""author"":{""name"":""Loren Maggiore"",""email"":""732e634f45d84bb523433be99816fb1504e48096@google.com""},""message"":""Simplify MemcpyRewritePattern by using the MemcpyOpAdaptor.\n\nPiperOrigin-RevId: 399226638\nChange-Id: Iebccf00cdce622d33e40f8a98704d09d8139dbed"",""distinct"":true,""url"":""https://api.github.com/repos/UofT-EcoSystem/tensorflow/commits/b7ae5f28b4b55098ae64ed2bcab21f6e29d5abee""}]",,,,,,,,,,
18169859642,PullRequestEvent,true,2021-09-27 18:37:45.000000 UTC,16622747,10sa,97969812,NebulousCloud/helix,,,,,,,,"""reopened""",242,,,,,,,,
18169333911,CreateEvent,true,2021-09-27 18:01:40.000000 UTC,45942572,SiarheiSakharevich,337402726,saby/react,"""21.5100/mergerator/270921_210129""","""branch""","""user""",,,,,,,,,,,,,,
18169967464,WatchEvent,true,2021-09-27 18:45:59.000000 UTC,36879997,sahinhurcan,135786093,typescript-cheatsheets/react,,,,,,,,"""started""",,,,,,,,,
18169668873,WatchEvent,true,2021-09-27 18:23:39.000000 UTC,12584040,donniean,135786093,typescript-cheatsheets/react,,,,,,,,"""started""",,,,,,,,,
18169630437,IssueCommentEvent,true,2021-09-27 18:20:57.000000 UTC,34083928,nrdxp,268424739,helix-editor/helix,,,,,,,,"""created""",,,,,,,,,
18167527235,CreateEvent,true,2021-09-27 16:03:46.000000 UTC,16622747,10sa,310781260,10sa/helix,"""player-database-loaded-hooks""","""branch""","""user""",,,,,,,,,,,,,,
18167672813,PushEvent,true,2021-09-27 16:12:06.000000 UTC,24976862,rogday,366653779,rogday/opencv,"""refs/heads/non_continuous_argmax""",,,8024133725,1,1,"[{""sha"":""c67226b5df8649f9a2b5c30aa947c6f79a9c292e"",""author"":{""name"":""Smirnov Egor"",""email"":""9951d70b99a568cda55036e5dec71024df2ce43a@yandex.ru""},""message"":""fixup non-cont mats"",""distinct"":true,""url"":""https://api.github.com/repos/rogday/opencv/commits/c67226b5df8649f9a2b5c30aa947c6f79a9c292e""}]",,,,,,,,,,
18167848577,PullRequestEvent,true,2021-09-27 16:22:44.000000 UTC,45157899,sayanasay,403942196,sayanasay/react,,,,,,,,"""opened""",2,,,,,,,,
18167784031,CreateEvent,true,2021-09-27 16:18:44.000000 UTC,56207254,verantius,410957579,verantius/react,,"""repository""","""user""",,,,,,,,,,,,,,
18168177131,CreateEvent,true,2021-09-27 16:44:47.000000 UTC,56207254,verantius,410957579,verantius/react,"""master""","""branch""","""user""",,,,,,,,,,,,,,
18168300545,PushEvent,true,2021-09-27 16:53:07.000000 UTC,50351133,Sasayaki7,381237919,Sasayaki7/opencv,"""refs/heads/master""",,,8024426072,1,1,"[{""sha"":""32729e9c403ea11dd4be11ffde2221461bfc7576"",""author"":{""name"":""Sasayaki7"",""email"":""ef7c4f528132578296dc539ec8a4989ce6e6ad10@hotmail.com""},""message"":""polished"",""distinct"":true,""url"":""https://api.github.com/repos/Sasayaki7/opencv/commits/32729e9c403ea11dd4be11ffde2221461bfc7576""}]",,,,,,,,,,
18167926629,CreateEvent,true,2021-09-27 16:27:50.000000 UTC,29968940,dimzrio,292133791,dimzrio/terraform,"""google""","""branch""","""user""",,,,,,,,,,,,,,
18168198190,CreateEvent,true,2021-09-27 16:46:11.000000 UTC,85295356,rchkumar,410966351,rchkumar/terraform,,"""repository""","""user""",,,,,,,,,,,,,,
18168076704,PullRequestReviewEvent,true,2021-09-27 16:37:51.000000 UTC,32611736,SokolAlexander,400642472,GrigorevFedor/react,,,,,,,,"""created""",9,,,"""approved""","""NONE""",,,,
18167906281,PushEvent,true,2021-09-27 16:26:29.000000 UTC,42650045,lobpcg,151857331,lobpcg/scikit-learn,"""refs/heads/patch-1""",,,8024240061,1,1,"[{""sha"":""79504f225d4c282c54d2d7e147ee94a241ace230"",""author"":{""name"":""Andrew Knyazev"",""email"":""9136a0eb59564f0de8a0f131c6e603f4e72e08f7@ucdenver.edu""},""message"":""Update test_spectral.py\n\nblack formatting"",""distinct"":true,""url"":""https://api.github.com/repos/lobpcg/scikit-learn/commits/79504f225d4c282c54d2d7e147ee94a241ace230""}]",,,,,,,,,,
18168048315,WatchEvent,true,2021-09-27 16:35:52.000000 UTC,7643586,flappysquirrel,118923971,MakotoKurauchi/helix,,,,,,,,"""started""",,,,,,,,,
18168176634,PushEvent,true,2021-09-27 16:44:45.000000 UTC,68436405,akeemlh,409003816,akeemlh/scikit-learn,"""refs/heads/main""",,,8024368565,23,23,"[{""sha"":""ee7ecff4bdae5d8065a4de93a8b710be6fd1e5d3"",""author"":{""name"":""Adrin Jalali"",""email"":""c2e71c99a89dffcbbc40ea50f906e1e30b8fca14@gmail.com""},""message"":""DOC fix news entry for v1.0 (#21123)"",""distinct"":true,""url"":""https://api.github.com/repos/akeemlh/scikit-learn/commits/ee7ecff4bdae5d8065a4de93a8b710be6fd1e5d3""},{""sha"":""98ef23dcf884fa81f904b491ee89ae86441e3173"",""author"":{""name"":""milana2"",""email"":""5f91a9f843593361327250258b78961a2a896b12@gmail.com""},""message"":""DOC correct input array type in MeanShift.predict (#20796)\n\nCo-authored-by: Ana Milanova <milana2@rpi.edu>\r\nCo-authored-by: Thomas J. Fan <thomasjpfan@gmail.com>"",""distinct"":true,""url"":""https://api.github.com/repos/akeemlh/scikit-learn/commits/98ef23dcf884fa81f904b491ee89ae86441e3173""},{""sha"":""813d53787ade72ed19b4610d8e0ce4f15fa3ebb5"",""author"":{""name"":""Adrin Jalali"",""email"":""c2e71c99a89dffcbbc40ea50f906e1e30b8fca14@gmail.com""},""message"":""DOC link to highlights from the changelog (#21125)"",""distinct"":true,""url"":""https://api.github.com/repos/akeemlh/scikit-learn/commits/813d53787ade72ed19b4610d8e0ce4f15fa3ebb5""},{""sha"":""08f009f94ad0aacd65e03f4c918030cd24eb43b9"",""author"":{""name"":""Dimitri Papadopoulos Orfanos"",""email"":""cadff36249149a6a16cb05b20ee2bf0e101c0f1f@users.noreply.github.com""},""message"":""DOC One more typo in release highlights (#21124)"",""distinct"":true,""url"":""https://api.github.com/repos/akeemlh/scikit-learn/commits/08f009f94ad0aacd65e03f4c918030cd24eb43b9""},{""sha"":""5af0de2c540a1505fef0525ce924a50fcd7c43c4"",""author"":{""name"":""Dimitri Papadopoulos Orfanos"",""email"":""cadff36249149a6a16cb05b20ee2bf0e101c0f1f@users.noreply.github.com""},""message"":""DOC Consistently use \""or newer\"" to document Python version (#21121)"",""distinct"":true,""url"":""https://api.github.com/repos/akeemlh/scikit-learn/commits/5af0de2c540a1505fef0525ce924a50fcd7c43c4""},{""sha"":""16ed1580540d0d2b330fc7396d7312171bd4a754"",""author"":{""name"":""EricEllwanger"",""email"":""a38ee1d0152bac93290666c041d692774b9a9e25@users.noreply.github.com""},""message"":""DOC Ensure SGDRegressor passes numpydoc validation (#21097)\n\nCo-authored-by: frellwan <frellwan@hotmail.com>\r\nCo-authored-by: Guillaume Lemaitre <g.lemaitre58@gmail.com>"",""distinct"":true,""url"":""https://api.github.com/repos/akeemlh/scikit-learn/commits/16ed1580540d0d2b330fc7396d7312171bd4a754""},{""sha"":""05d470d9050cbadcc20f04fd032a2355f09cbd37"",""author"":{""name"":""Olivier Grisel"",""email"":""2debdaedc015a28b6d296a878ea9501beb58cbd4@ensta.org""},""message"":""Typo: StandardScalar => StandardScaler in release highlights (#21126)"",""distinct"":true,""url"":""https://api.github.com/repos/akeemlh/scikit-learn/commits/05d470d9050cbadcc20f04fd032a2355f09cbd37""},{""sha"":""30cc5d76ef65ce8df02991c1b063ce4c4f434cdd"",""author"":{""name"":""Loïc Estève"",""email"":""b4f57ceb208f2c5eae4e1192d707c3466a564837@ymail.com""},""message"":""DOC Fix minor issues in bike sharing example (#21127)"",""distinct"":true,""url"":""https://api.github.com/repos/akeemlh/scikit-learn/commits/30cc5d76ef65ce8df02991c1b063ce4c4f434cdd""},{""sha"":""2eabb45d3588bd0bb3422e1b3c2c6189268b3b1e"",""author"":{""name"":""Andrew Knyazev"",""email"":""9136a0eb59564f0de8a0f131c6e603f4e72e08f7@ucdenver.edu""},""message"":""DOC ensure SpectralClustering passes numpydoc validation and improve references (#20987)\n\nCo-authored-by: Guillaume Lemaitre <g.lemaitre58@gmail.com>"",""distinct"":true,""url"":""https://api.github.com/repos/akeemlh/scikit-learn/commits/2eabb45d3588bd0bb3422e1b3c2c6189268b3b1e""},{""sha"":""762eca546a3cd25e7ee268503cbbf9ca10824716"",""author"":{""name"":""Tom Dupré la Tour"",""email"":""8c52e8836149a69161dca64db02b97292a8c0240@m4x.org""},""message"":""FIX improve error message for large sparse matrix input in LogisticRegression (#21093)"",""distinct"":true,""url"":""https://api.github.com/repos/akeemlh/scikit-learn/commits/762eca546a3cd25e7ee268503cbbf9ca10824716""},{""sha"":""9b90126f10e04ab711ecdd498c69121425ed386e"",""author"":{""name"":""Jon Haitz Legarreta Gorroño"",""email"":""4f238bd055896e88127324d86ff380350ca7d40f@gmail.com""},""message"":""DOC Build proper sentence for Davies-Bouldin Index advantage (#21081)\n\nBuild proper sentence for Davies-Bouldin Index advantage in User Guide."",""distinct"":true,""url"":""https://api.github.com/repos/akeemlh/scikit-learn/commits/9b90126f10e04ab711ecdd498c69121425ed386e""},{""sha"":""a2eb04da26a8c68e13386eadfd2c5fb8e29dba4b"",""author"":{""name"":""Thomas J. Fan"",""email"":""5e8796a332fafc9c261437cd1787ae2709a896a7@gmail.com""},""message"":""TST Adjust learning rate to compare with LightGBM 3.X (#21082)\n\n\r\nCo-authored-by: Christian Lorentzen <lorentzen.ch@gmail.com>"",""distinct"":true,""url"":""https://api.github.com/repos/akeemlh/scikit-learn/commits/a2eb04da26a8c68e13386eadfd2c5fb8e29dba4b""},{""sha"":""3c6805ad6e091672d17e3b1e9fdd663f37fbc382"",""author"":{""name"":""赵丰 (Zhao Feng)"",""email"":""6d49ab6e7f5bcc3535fd28c1d8cd5d9ba85b4675@qq.com""},""message"":""DOC remove redundant code in GPR example (#21133)"",""distinct"":true,""url"":""https://api.github.com/repos/akeemlh/scikit-learn/commits/3c6805ad6e091672d17e3b1e9fdd663f37fbc382""},{""sha"":""c588230dad7ce151e6a995e222f25993f405195a"",""author"":{""name"":""Niket Jain"",""email"":""90a90a00347551488b949555d941a50a97839907@users.noreply.github.com""},""message"":""DOC Ensures that RandomizedSearchCV passes numpydoc validation (#21131)"",""distinct"":true,""url"":""https://api.github.com/repos/akeemlh/scikit-learn/commits/c588230dad7ce151e6a995e222f25993f405195a""},{""sha"":""28567a5073f7c51e14aef7abc5b3452e3f92a8b1"",""author"":{""name"":""Guillaume Lemaitre"",""email"":""e5e78d384e205244ed69377c80930de68a2732ec@gmail.com""},""message"":""DOC correct the type of estimator attributes (#21141)"",""distinct"":true,""url"":""https://api.github.com/repos/akeemlh/scikit-learn/commits/28567a5073f7c51e14aef7abc5b3452e3f92a8b1""},{""sha"":""f33fb0af65380e3360cfc9dd7f291ab59e2ef63b"",""author"":{""name"":""Gabor Kertesz"",""email"":""a420acb60728d9b47dbf2bb97df4acf77d07e5fb@arm.com""},""message"":""FIX Fixes test for checking gitignore and Cython templates (#20997)"",""distinct"":true,""url"":""https://api.github.com/repos/akeemlh/scikit-learn/commits/f33fb0af65380e3360cfc9dd7f291ab59e2ef63b""},{""sha"":""1b51ae220ebd5249e640e0d418ea2d802a51a76d"",""author"":{""name"":""Juan Martin Loyola"",""email"":""bac18c3815d8dcc0c5d975b27af08b0c6f83bdab@outlook.com""},""message"":""DOC Ensures that MissingIndicator passes numpydoc validation (#21149)"",""distinct"":true,""url"":""https://api.github.com/repos/akeemlh/scikit-learn/commits/1b51ae220ebd5249e640e0d418ea2d802a51a76d""},{""sha"":""6e2388f9016c07a813fa5925f9429f1b2ea4f217"",""author"":{""name"":""Juan Martin Loyola"",""email"":""bac18c3815d8dcc0c5d975b27af08b0c6f83bdab@outlook.com""},""message"":""DOC Ensures that RobustScaler passes numpydoc validation (#21155)"",""distinct"":true,""url"":""https://api.github.com/repos/akeemlh/scikit-learn/commits/6e2388f9016c07a813fa5925f9429f1b2ea4f217""},{""sha"":""20d5eaf42601b8216fe7daa2fb073d569d28a6b7"",""author"":{""name"":""赵丰 (Zhao Feng)"",""email"":""6d49ab6e7f5bcc3535fd28c1d8cd5d9ba85b4675@qq.com""},""message"":""DOC fix an import in the docsting of RationalQuadratic (#21156)"",""distinct"":true,""url"":""https://api.github.com/repos/akeemlh/scikit-learn/commits/20d5eaf42601b8216fe7daa2fb073d569d28a6b7""},{""sha"":""9ed1c6555885f9df1a3c3961662e0fcad4fb7b04"",""author"":{""name"":""EricEllwanger"",""email"":""a38ee1d0152bac93290666c041d692774b9a9e25@users.noreply.github.com""},""message"":""DOC Ensure StackingClassifier pass numpydoc validation (#21135)\n\nCo-authored-by: frellwan <frellwan@hotmail.com>\r\nCo-authored-by: Guillaume Lemaitre <g.lemaitre58@gmail.com>"",""distinct"":true,""url"":""https://api.github.com/repos/akeemlh/scikit-learn/commits/9ed1c6555885f9df1a3c3961662e0fcad4fb7b04""}]",,,,,,,,,,
18168285041,PushEvent,true,2021-09-27 16:52:05.000000 UTC,53457695,vincentbaylon,409317073,vincentbaylon/phoenix,"""refs/heads/routine""",,,8024418867,1,1,"[{""sha"":""ef6860cdb33c7cf1f8b47605dbdd2fa797fe5e85"",""author"":{""name"":""VinceBaylon"",""email"":""8296bf1bf7d7781f3f04826dbe74c090492e60b5@gmail.com""},""message"":""Layed out needed elements"",""distinct"":true,""url"":""https://api.github.com/repos/vincentbaylon/phoenix/commits/ef6860cdb33c7cf1f8b47605dbdd2fa797fe5e85""}]",,,,,,,,,,
18167666841,PushEvent,true,2021-09-27 16:11:45.000000 UTC,41898282,github-actions[bot],159692533,smalltalkman/tensorflow,"""refs/heads/master""",,,8024131069,2,2,"[{""sha"":""fc5d6058e6e0dc097ce7e0b331bd48a33c45b383"",""author"":{""name"":""Itai Zukerman"",""email"":""926c149cc28b17036268aac28997d867b307ddaf@google.com""},""message"":""Internal change only.\n\nPiperOrigin-RevId: 399197401\nChange-Id: I594e48a585e95406fe3754c4cd339a3fd23eb5cf"",""distinct"":true,""url"":""https://api.github.com/repos/smalltalkman/tensorflow/commits/fc5d6058e6e0dc097ce7e0b331bd48a33c45b383""},{""sha"":""ec2cc392f3a78d5cda64a36c615572693a80c8d7"",""author"":{""name"":""Zachary Garrett"",""email"":""89ff30759f71dfd168a6c9a0c3bdb0e8a9ef2e27@google.com""},""message"":""Replace deprecated `absl::Status::error_message` call with `absl::Status::message`.\n\nPiperOrigin-RevId: 399198325\nChange-Id: Ib4a5e1d3a5e1447fefe9de428946341522a021a4"",""distinct"":true,""url"":""https://api.github.com/repos/smalltalkman/tensorflow/commits/ec2cc392f3a78d5cda64a36c615572693a80c8d7""}]",,,,,,,,,,
18168282437,PushEvent,true,2021-09-27 16:51:54.000000 UTC,80416898,meena-at-work,407689153,meena-at-work/tensorflow,"""refs/heads/meenakshiv/concatv2_converter""",,,8024417723,1,1,"[{""sha"":""c27224fa6024f8f88522c9eee0aea954c4a509e3"",""author"":{""name"":""Meenakshi Venkataraman"",""email"":""34f9eb1a3cdc52508ec0e2e373db2e3e9409fbd5@nvidia.com""},""message"":""TF-TRT: Support ConcatV2 in dynamic shape mode\n\nIn dynamic shape mode, inputs to concatV2 can be weights.\n\nSigned-off-by: Meenakshi Venkataraman <meenakshiv@nvidia.com>"",""distinct"":true,""url"":""https://api.github.com/repos/meena-at-work/tensorflow/commits/c27224fa6024f8f88522c9eee0aea954c4a509e3""}]",,,,,,,,,,
18168162099,ForkEvent,true,2021-09-27 16:43:46.000000 UTC,4405004,lextoc,10270250,facebook/react,,,,,,,,,,"""lextoc/react""",,,,,,,
18167821287,PullRequestReviewEvent,true,2021-09-27 16:20:59.000000 UTC,29597,bvaughn,10270250,facebook/react,,,,,,,,"""created""",22424,,,"""commented""","""CONTRIBUTOR""",,,,
18168366112,ForkEvent,true,2021-09-27 16:57:10.000000 UTC,6425824,josephsavona,10270250,facebook/react,,,,,,,,,,"""josephsavona/react""",,,,,,,
18168240864,WatchEvent,true,2021-09-27 16:49:06.000000 UTC,84017147,l33th,10270250,facebook/react,,,,,,,,"""started""",,,,,,,,,
18167821304,PullRequestReviewCommentEvent,true,2021-09-27 16:20:59.000000 UTC,29597,bvaughn,10270250,facebook/react,,,,,,,,"""created""",22424,,,,,,,,
18167574203,PullRequestReviewEvent,true,2021-09-27 16:06:28.000000 UTC,2286579,salazarm,10270250,facebook/react,,,,,,,,"""created""",22440,,,"""commented""","""MEMBER""",,,,
18167574119,PullRequestReviewEvent,true,2021-09-27 16:06:28.000000 UTC,2286579,salazarm,10270250,facebook/react,,,,,,,,"""created""",22440,,,"""commented""","""MEMBER""",,,,
18167574255,PullRequestReviewCommentEvent,true,2021-09-27 16:06:21.000000 UTC,2286579,salazarm,10270250,facebook/react,,,,,,,,"""created""",22440,,,,,,,,
18167990925,PullRequestReviewEvent,true,2021-09-27 16:32:03.000000 UTC,29597,bvaughn,10270250,facebook/react,,,,,,,,"""created""",22424,,,"""commented""","""CONTRIBUTOR""",,,,
18167777735,PullRequestReviewEvent,true,2021-09-27 16:18:20.000000 UTC,13029839,jjerphan,843222,scikit-learn/scikit-learn,,,,,,,,"""created""",20254,,,"""commented""","""MEMBER""",,,,
18167717101,PullRequestReviewEvent,true,2021-09-27 16:14:43.000000 UTC,13029839,jjerphan,843222,scikit-learn/scikit-learn,,,,,,,,"""created""",20254,,,"""commented""","""MEMBER""",,,,
18167717192,PullRequestReviewCommentEvent,true,2021-09-27 16:14:42.000000 UTC,13029839,jjerphan,843222,scikit-learn/scikit-learn,,,,,,,,"""created""",20254,,,,,,,,
18167777799,PullRequestReviewCommentEvent,true,2021-09-27 16:18:19.000000 UTC,13029839,jjerphan,843222,scikit-learn/scikit-learn,,,,,,,,"""created""",20254,,,,,,,,
18168106046,PullRequestEvent,true,2021-09-27 16:39:57.000000 UTC,20961507,tczhao,843222,scikit-learn/scikit-learn,,,,,,,,"""closed""",19496,,,,,,,,
18168257084,IssuesEvent,true,2021-09-27 16:50:13.000000 UTC,42650045,lobpcg,843222,scikit-learn/scikit-learn,,,,,,,,"""opened""",,,,,,,,,
18167694732,WatchEvent,true,2021-09-27 16:13:24.000000 UTC,78837196,Otabek-Kholmirzaev,843222,scikit-learn/scikit-learn,,,,,,,,"""started""",,,,,,,,,
18167659615,IssuesEvent,true,2021-09-27 16:11:20.000000 UTC,19671526,m-r-munroe,66285767,rstudio/tensorflow,,,,,,,,"""opened""",,,,,,,,,
18168329690,PushEvent,true,2021-09-27 16:55:07.000000 UTC,35067,jbardin,17728164,hashicorp/terraform,"""refs/heads/main""",,,8024439574,2,2,"[{""sha"":""cac1f5c2641bb21d3e14a570dc10ff01801cf459"",""author"":{""name"":""James Bardin"",""email"":""62973226c85cb5a1996aaed2ce372ac02dcad8b7@gmail.com""},""message"":""refactoring: exhaustive NestedWithin checks\n\nWhen checking dependencies between statements, we need to check all\ncombinations of To and From addresses."",""distinct"":true,""url"":""https://api.github.com/repos/hashicorp/terraform/commits/cac1f5c2641bb21d3e14a570dc10ff01801cf459""},{""sha"":""372814e49ad7d210eb5fb00a8764f1e8a7f3caa7"",""author"":{""name"":""James Bardin"",""email"":""62973226c85cb5a1996aaed2ce372ac02dcad8b7@gmail.com""},""message"":""Merge pull request #29659 from hashicorp/jbardin/really-nested-within\n\nrefactoring: exhaustive NestedWithin checks"",""distinct"":true,""url"":""https://api.github.com/repos/hashicorp/terraform/commits/372814e49ad7d210eb5fb00a8764f1e8a7f3caa7""}]",,,,,,,,,,
18168230945,PushEvent,true,2021-09-27 16:48:25.000000 UTC,35067,jbardin,17728164,hashicorp/terraform,"""refs/heads/jbardin/really-nested-within""",,,8024393772,1,1,"[{""sha"":""cac1f5c2641bb21d3e14a570dc10ff01801cf459"",""author"":{""name"":""James Bardin"",""email"":""62973226c85cb5a1996aaed2ce372ac02dcad8b7@gmail.com""},""message"":""refactoring: exhaustive NestedWithin checks\n\nWhen checking dependencies between statements, we need to check all\ncombinations of To and From addresses."",""distinct"":true,""url"":""https://api.github.com/repos/hashicorp/terraform/commits/cac1f5c2641bb21d3e14a570dc10ff01801cf459""}]",,,,,,,,,,
18168175359,PullRequestReviewEvent,true,2021-09-27 16:44:40.000000 UTC,20180,apparentlymart,17728164,hashicorp/terraform,,,,,,,,"""created""",29659,,,"""approved""","""MEMBER""",,,,
18167685977,PushEvent,true,2021-09-27 16:12:52.000000 UTC,35067,jbardin,17728164,hashicorp/terraform,"""refs/heads/jbardin/really-nested-within""",,,8024139443,1,1,"[{""sha"":""597e6c2d3fbdf06413cf10dd01ba3f0067c522c5"",""author"":{""name"":""James Bardin"",""email"":""62973226c85cb5a1996aaed2ce372ac02dcad8b7@gmail.com""},""message"":""refactoring: exhaustive NestedWithin checks\n\nWhen checking dependencies between statements, we need to check all\ncombinations of To and From addresses."",""distinct"":true,""url"":""https://api.github.com/repos/hashicorp/terraform/commits/597e6c2d3fbdf06413cf10dd01ba3f0067c522c5""}]",,,,,,,,,,
18167462784,PullRequestEvent,true,2021-09-27 16:00:07.000000 UTC,35067,jbardin,17728164,hashicorp/terraform,,,,,,,,"""opened""",29659,,,,,,,,
18168328869,PullRequestEvent,true,2021-09-27 16:55:05.000000 UTC,35067,jbardin,17728164,hashicorp/terraform,,,,,,,,"""closed""",29659,,,,,,,,
18167687397,ForkEvent,true,2021-09-27 16:12:58.000000 UTC,86732367,kabir0104k,5108051,opencv/opencv,,,,,,,,,,"""kabir0104k/opencv""",,,,,,,
18168402357,CreateEvent,true,2021-09-27 16:59:34.000000 UTC,49699333,dependabot[bot],121814210,primer/react,"""dependabot/npm_and_yarn/types/jest-27.0.2""","""branch""","""user""",,,,,,,,,,,,,,
18168334745,PullRequestEvent,true,2021-09-27 16:55:27.000000 UTC,4608155,colebemis,121814210,primer/react,,,,,,,,"""closed""",1465,,,,,,,,
18167870585,IssueCommentEvent,true,2021-09-27 16:24:09.000000 UTC,56610014,google-ml-butler[bot],45717250,tensorflow/tensorflow,,,,,,,,"""created""",,,,,,,,,
18168164665,WatchEvent,true,2021-09-27 16:43:56.000000 UTC,57999478,l1onhearted,45717250,tensorflow/tensorflow,,,,,,,,"""started""",,,,,,,,,
18168164033,IssueCommentEvent,true,2021-09-27 16:43:54.000000 UTC,87846724,sanatmpa1,45717250,tensorflow/tensorflow,,,,,,,,"""created""",,,,,,,,,
18167872133,IssuesEvent,true,2021-09-27 16:24:15.000000 UTC,56610014,google-ml-butler[bot],45717250,tensorflow/tensorflow,,,,,,,,"""closed""",,,,,,,,,
18168319294,IssuesEvent,true,2021-09-27 16:54:26.000000 UTC,12195202,bkeys,45717250,tensorflow/tensorflow,,,,,,,,"""opened""",,,,,,,,,
18168187454,PullRequestReviewCommentEvent,true,2021-09-27 16:45:06.000000 UTC,35820639,bixia1,45717250,tensorflow/tensorflow,,,,,,,,"""created""",51475,,,,,,,,
18167616460,IssueCommentEvent,true,2021-09-27 16:08:53.000000 UTC,1804568,thaJeztah,7691631,moby/moby,,,,,,,,"""created""",,,,,,,,,
18167622241,PullRequestEvent,true,2021-09-27 16:09:12.000000 UTC,1804568,thaJeztah,7691631,moby/moby,,,,,,,,"""closed""",42879,,,,,,,,
18167473978,PushEvent,true,2021-09-27 16:00:45.000000 UTC,19616653,ArmageddonKnight,204371788,UofT-EcoSystem/tensorflow,"""refs/heads/master""",,,8024044119,2,2,"[{""sha"":""fc5d6058e6e0dc097ce7e0b331bd48a33c45b383"",""author"":{""name"":""Itai Zukerman"",""email"":""926c149cc28b17036268aac28997d867b307ddaf@google.com""},""message"":""Internal change only.\n\nPiperOrigin-RevId: 399197401\nChange-Id: I594e48a585e95406fe3754c4cd339a3fd23eb5cf"",""distinct"":true,""url"":""https://api.github.com/repos/UofT-EcoSystem/tensorflow/commits/fc5d6058e6e0dc097ce7e0b331bd48a33c45b383""},{""sha"":""ec2cc392f3a78d5cda64a36c615572693a80c8d7"",""author"":{""name"":""Zachary Garrett"",""email"":""89ff30759f71dfd168a6c9a0c3bdb0e8a9ef2e27@google.com""},""message"":""Replace deprecated `absl::Status::error_message` call with `absl::Status::message`.\n\nPiperOrigin-RevId: 399198325\nChange-Id: Ib4a5e1d3a5e1447fefe9de428946341522a021a4"",""distinct"":true,""url"":""https://api.github.com/repos/UofT-EcoSystem/tensorflow/commits/ec2cc392f3a78d5cda64a36c615572693a80c8d7""}]",,,,,,,,,,
18168248532,IssueCommentEvent,true,2021-09-27 16:49:37.000000 UTC,60613196,BullyHunter32,97969812,NebulousCloud/helix,,,,,,,,"""created""",,,,,,,,,
18167899716,PublicEvent,true,2021-09-27 16:26:03.000000 UTC,91000442,Harshhaa-Dev-Projects,410934323,Harshhaa-Dev-Projects/terraform,,,,,,,,,,,,,,,,,
18170815695,DeleteEvent,true,2021-09-27 19:48:17.000000 UTC,9973,axelson,87227648,axelson/phoenix,"""add-1.6-upgrade-guide""","""branch""","""user""",,,,,,,,,,,,,,
18170467761,PullRequestEvent,true,2021-09-27 19:21:47.000000 UTC,19733683,snyk-bot,215233412,smk579702/react,,,,,,,,"""opened""",124,,,,,,,,
18170468324,PushEvent,true,2021-09-27 19:21:50.000000 UTC,56575816,smk579702,215233412,smk579702/react,"""refs/heads/snyk-fix-2712901c67ae062e9f73ef0ee43a35ad""",,,8025454729,1,1,"[{""sha"":""131db6d0dd84b9cd54b528701630aea5002eba7b"",""author"":{""name"":""snyk-bot"",""email"":""6524ae312692b75c8ed05087d0aa3c757ac39348@snyk.io""},""message"":""fix: packages/react-devtools/package.json to reduce vulnerabilities\n\nThe following vulnerabilities are fixed with an upgrade:\n- https://snyk.io/vuln/SNYK-JS-ANSIREGEX-1583908"",""distinct"":true,""url"":""https://api.github.com/repos/smk579702/react/commits/131db6d0dd84b9cd54b528701630aea5002eba7b""}]",,,,,,,,,,
18170412172,CreateEvent,true,2021-09-27 19:17:40.000000 UTC,1549069,behnammodi,276963306,behnammodi/react,"""improvment-prevent-run-getCurrentValue""","""branch""","""user""",,,,,,,,,,,,,,
18170466118,PushEvent,true,2021-09-27 19:21:41.000000 UTC,266755,jjeffers,175842148,jjeffers/katello,"""refs/heads/33557_create_ostree_repository""",,,8025453747,1,1,"[{""sha"":""3d3922d084906a3df6262c70931f89475f262817"",""author"":{""name"":""James Jeffers"",""email"":""7e66d8e7404d9fb110ca3890d2026fc5a28e215f@redhat.com""},""message"":""Fixes #33557 - drop qpid pin"",""distinct"":true,""url"":""https://api.github.com/repos/jjeffers/katello/commits/3d3922d084906a3df6262c70931f89475f262817""}]",,,,,,,,,,
18170933481,PullRequestEvent,true,2021-09-27 19:57:23.000000 UTC,49699333,dependabot[bot],68322925,mpetka/terraform,,,,,,,,"""closed""",9,,,,,,,,
18170934406,DeleteEvent,true,2021-09-27 19:57:27.000000 UTC,49699333,dependabot[bot],68322925,mpetka/terraform,"""dependabot/go_modules/github.com/aws/aws-sdk-go-1.40.49""","""branch""","""user""",,,,,,,,,,,,,,
18170933272,IssueCommentEvent,true,2021-09-27 19:57:22.000000 UTC,49699333,dependabot[bot],68322925,mpetka/terraform,,,,,,,,"""created""",,,,,,,,,
18170452950,CreateEvent,true,2021-09-27 19:20:42.000000 UTC,11279351,apoorvanand,124758770,apoorvanand/react,"""snyk-fix-58db08080efa3b3773b21c72f5d3c811""","""branch""","""user""",,,,,,,,,,,,,,
18170451138,PullRequestEvent,true,2021-09-27 19:20:34.000000 UTC,19733683,snyk-bot,124758770,apoorvanand/react,,,,,,,,"""opened""",82,,,,,,,,
18170452891,PushEvent,true,2021-09-27 19:20:42.000000 UTC,11279351,apoorvanand,124758770,apoorvanand/react,"""refs/heads/snyk-fix-58db08080efa3b3773b21c72f5d3c811""",,,8025447693,1,1,"[{""sha"":""5c67279c663847453e1dfc1212e9851755e36e7a"",""author"":{""name"":""snyk-bot"",""email"":""6524ae312692b75c8ed05087d0aa3c757ac39348@snyk.io""},""message"":""fix: scripts/bench/package.json & scripts/bench/yarn.lock to reduce vulnerabilities\n\nThe following vulnerabilities are fixed with an upgrade:\n- https://snyk.io/vuln/SNYK-JS-ANSIREGEX-1583908"",""distinct"":true,""url"":""https://api.github.com/repos/apoorvanand/react/commits/5c67279c663847453e1dfc1212e9851755e36e7a""}]",,,,,,,,,,
18170634711,PushEvent,true,2021-09-27 19:34:30.000000 UTC,56173335,imanashoorii,410927310,imanashoorii/opencv,"""refs/heads/main""",,,8025535272,1,1,"[{""sha"":""9b237de6518b61932a997869f17ed5286a2b7c31"",""author"":{""name"":""Iman Ashoorii"",""email"":""2e97726b8a283ef8d20fe3e07e1a9aa81b6ff2ae@gmail.com""},""message"":""Capture from webcam"",""distinct"":true,""url"":""https://api.github.com/repos/imanashoorii/opencv/commits/9b237de6518b61932a997869f17ed5286a2b7c31""}]",,,,,,,,,,
18170686625,PushEvent,true,2021-09-27 19:38:31.000000 UTC,42650045,lobpcg,151857331,lobpcg/scikit-learn,"""refs/heads/patch-1""",,,8025560232,1,1,"[{""sha"":""898a287f8937f995a80f3819de149166007384f2"",""author"":{""name"":""Andrew Knyazev"",""email"":""9136a0eb59564f0de8a0f131c6e603f4e72e08f7@ucdenver.edu""},""message"":""Update test_spectral.py\n\nadding test cluster_qr by itself to the same test with discretize"",""distinct"":true,""url"":""https://api.github.com/repos/lobpcg/scikit-learn/commits/898a287f8937f995a80f3819de149166007384f2""}]",,,,,,,,,,
18170450799,PushEvent,true,2021-09-27 19:20:32.000000 UTC,42650045,lobpcg,151857331,lobpcg/scikit-learn,"""refs/heads/patch-1""",,,8025446710,1,1,"[{""sha"":""24fcf28f4aa775d501ecad7b655809ae510a662e"",""author"":{""name"":""Andrew Knyazev"",""email"":""9136a0eb59564f0de8a0f131c6e603f4e72e08f7@ucdenver.edu""},""message"":""Update test_spectral.py\n\ntrying to change the discretize test by itself to also test kmeans by itself and cluster_qr by itself"",""distinct"":true,""url"":""https://api.github.com/repos/lobpcg/scikit-learn/commits/24fcf28f4aa775d501ecad7b655809ae510a662e""}]",,,,,,,,,,
18170451618,PullRequestEvent,true,2021-09-27 19:20:36.000000 UTC,39814207,pull[bot],390100480,MaxMood96/tensorflow,,,,,,,,"""closed""",96,,,,,,,,
18170451569,PushEvent,true,2021-09-27 19:20:36.000000 UTC,39814207,pull[bot],390100480,MaxMood96/tensorflow,"""refs/heads/master""",,,8025447042,39,39,"[{""sha"":""dca0a5b445ed7bb33996acbbc8764d5557b7d607"",""author"":{""name"":""lipracer"",""email"":""31d2c3d834a0a0b161098baaa2b965d81182ce69@gmail.com""},""message"":""[MHLO]: refine delete redundant specialization function\n\nusing c++ SFINAE auto select map template paramater"",""distinct"":true,""url"":""https://api.github.com/repos/MaxMood96/tensorflow/commits/dca0a5b445ed7bb33996acbbc8764d5557b7d607""},{""sha"":""c7ad6d72b79462bb01c86ce8f47ce2db1abb764a"",""author"":{""name"":""lipracer"",""email"":""31d2c3d834a0a0b161098baaa2b965d81182ce69@gmail.com""},""message"":""fix clang compile erroe with -std=c++14"",""distinct"":true,""url"":""https://api.github.com/repos/MaxMood96/tensorflow/commits/c7ad6d72b79462bb01c86ce8f47ce2db1abb764a""},{""sha"":""e05e0f6068c55056c7be00e7c4e8281cafde59cf"",""author"":{""name"":""A. Unique TensorFlower"",""email"":""746aced590a184ef4169166e753f7c211e32e5fc@tensorflow.org""},""message"":""Go: Update generated wrapper functions for TensorFlow ops.\n\nPiperOrigin-RevId: 399083662\nChange-Id: I7025a7710ac2582f05cdcd4116b654fddc658a53"",""distinct"":true,""url"":""https://api.github.com/repos/MaxMood96/tensorflow/commits/e05e0f6068c55056c7be00e7c4e8281cafde59cf""},{""sha"":""9aecb36fa51c64e07b38e00639bec87a992c3170"",""author"":{""name"":""Jing Dong"",""email"":""d30e2b8d11e514c224487cb7c6b7b0ab8b9fd9fd@google.com""},""message"":""Move tpu_runner out of experimental directory as it is now being deployed in prodution.\n\nWe will move the test files and tpu_fused_kernel directory out of the experimental directory in follow up CLs.\n\nPiperOrigin-RevId: 399087254\nChange-Id: Ifddeb5f7eba9ae87eaf8edcc4a914aa17ebb3e63"",""distinct"":true,""url"":""https://api.github.com/repos/MaxMood96/tensorflow/commits/9aecb36fa51c64e07b38e00639bec87a992c3170""},{""sha"":""d9d2b4498923dde31cce0e7d2f0e0f828a591a98"",""author"":{""name"":""Thai Nguyen"",""email"":""77c7cb715bbfb6a72d1c8dd380160fd6eb2ba9c0@google.com""},""message"":""Refactoring: Move all metric-related code to a common directory\n\nThis makes the file structure cleaner as it collects all metric-related file under \""lite/python/\"" and it makes more sense for \""converter_error_data.proto\"" to stay under a directory named \""metrics\"" than \""metrics_wrapper\"".\n\nBesides, at the moment, if we want to add a new metric-related file, we have to choose between adding it to \""metrics_wrapper\"" (which might not match the purpose of the new file) and \""lite/python/\"" (which is too general and already crowded). Having a \""metrics\"" directory will fill that gap.\n\nPiperOrigin-RevId: 399091254\nChange-Id: I789eca7d8699b2c786b6c4b6e8f2c6daf8f9a369"",""distinct"":true,""url"":""https://api.github.com/repos/MaxMood96/tensorflow/commits/d9d2b4498923dde31cce0e7d2f0e0f828a591a98""},{""sha"":""866bade85dec9a231350201fb147f9381eee55c7"",""author"":{""name"":""Stella Laurenzo"",""email"":""6e272f397544edbefaff5c117839061e3c31e01f@google.com""},""message"":""Remove deprecation on int64 type.\n\nI have half a million lines of log-spew in my CI from this and clearly there has been ~no effort in the codebase to actually stop using it. Please do not deprecate such a critical type until at least its own codebase has substantially migrated off of it.\n\nPiperOrigin-RevId: 399093429\nChange-Id: I807d9e6c79c4c33f4a50f88ba28fe5fda194ddd4"",""distinct"":true,""url"":""https://api.github.com/repos/MaxMood96/tensorflow/commits/866bade85dec9a231350201fb147f9381eee55c7""},{""sha"":""e37a3a8341b1d4a600d82abe5daa8d79ad5f59cd"",""author"":{""name"":""A. Unique TensorFlower"",""email"":""746aced590a184ef4169166e753f7c211e32e5fc@tensorflow.org""},""message"":""Go: Update generated wrapper functions for TensorFlow ops.\n\nPiperOrigin-RevId: 399104960\nChange-Id: I49bb85868f907fcefe5da405f0978242e9337999"",""distinct"":true,""url"":""https://api.github.com/repos/MaxMood96/tensorflow/commits/e37a3a8341b1d4a600d82abe5daa8d79ad5f59cd""},{""sha"":""9ffa4a9d9e3e4d3c0f00ca90e3845cbe0f1dba72"",""author"":{""name"":""A. Unique TensorFlower"",""email"":""746aced590a184ef4169166e753f7c211e32e5fc@tensorflow.org""},""message"":""Go: Update generated wrapper functions for TensorFlow ops.\n\nPiperOrigin-RevId: 399116682\nChange-Id: I536914a8ae8cdc6423ef416ff38a3460dd63fa90"",""distinct"":true,""url"":""https://api.github.com/repos/MaxMood96/tensorflow/commits/9ffa4a9d9e3e4d3c0f00ca90e3845cbe0f1dba72""},{""sha"":""ab6d2f4442e92b058e2e6c7ff40d5094cd9a48cc"",""author"":{""name"":""Christian Sigg"",""email"":""bf0bb771be8a27677291ada19f594af5450440c6@google.com""},""message"":""Remove unused lit_test() macro.\n\nPiperOrigin-RevId: 399133502\nChange-Id: I7c96b95806a5b06d39a4fed1dc0249deb8e07ec7"",""distinct"":true,""url"":""https://api.github.com/repos/MaxMood96/tensorflow/commits/ab6d2f4442e92b058e2e6c7ff40d5094cd9a48cc""},{""sha"":""ebea4a60f0557f7b1c906c81b308a3a738c4d234"",""author"":{""name"":""A. Unique TensorFlower"",""email"":""746aced590a184ef4169166e753f7c211e32e5fc@tensorflow.org""},""message"":""Go: Update generated wrapper functions for TensorFlow ops.\n\nPiperOrigin-RevId: 399133830\nChange-Id: I33fb9d930694179b5acda6695e9c0dd6b61d8329"",""distinct"":true,""url"":""https://api.github.com/repos/MaxMood96/tensorflow/commits/ebea4a60f0557f7b1c906c81b308a3a738c4d234""},{""sha"":""8d174a2dc65dd86d437efd72de27ce1ed3d73470"",""author"":{""name"":""A. Unique TensorFlower"",""email"":""746aced590a184ef4169166e753f7c211e32e5fc@tensorflow.org""},""message"":""Update GraphDef version to 902.\n\nPiperOrigin-RevId: 399136060\nChange-Id: Ic4b0ae4152e9dbcd1ad9f6b240c92c900824a617"",""distinct"":true,""url"":""https://api.github.com/repos/MaxMood96/tensorflow/commits/8d174a2dc65dd86d437efd72de27ce1ed3d73470""},{""sha"":""5c689295afe0b2d9c0928fcb98ba0b0356ede22b"",""author"":{""name"":""A. Unique TensorFlower"",""email"":""746aced590a184ef4169166e753f7c211e32e5fc@tensorflow.org""},""message"":""compat: Update forward compatibility horizon to 2021-09-27\n\nPiperOrigin-RevId: 399136069\nChange-Id: Id07d962b4b0ee0dd5ba2b81aa126d614f4dd54ce"",""distinct"":true,""url"":""https://api.github.com/repos/MaxMood96/tensorflow/commits/5c689295afe0b2d9c0928fcb98ba0b0356ede22b""},{""sha"":""bdc6a138403e8257841e8dff6d6b9322bb65053a"",""author"":{""name"":""Tres Popp"",""email"":""bb390cedfd91dd9be00fd9562bdc5562c5867450@google.com""},""message"":""Peel once on all tiled_loop dimensions\n\nThis CL assumes that the best single rule for loop peeling is to ensure that there is a single loop without any padding needed. All dimensions are peeled once to ensure that this loop exists. Other peeled loops could be peeled again to remove more padding, but the assumption is that in the common case, this will not be worth the IR size/compile time increase.\n\nThis is a temporary rule of thumb until more advanced heuristics can be created with multiple different code generation strategies depending on the input.\n\nPiperOrigin-RevId: 399143335\nChange-Id: Ie20653fc4d900c43b03107211c9cac4a3a89781c"",""distinct"":true,""url"":""https://api.github.com/repos/MaxMood96/tensorflow/commits/bdc6a138403e8257841e8dff6d6b9322bb65053a""},{""sha"":""a7fbbe862ac50b0217b6d705b7d6016feb34107d"",""author"":{""name"":""A. Unique TensorFlower"",""email"":""746aced590a184ef4169166e753f7c211e32e5fc@tensorflow.org""},""message"":""Go: Update generated wrapper functions for TensorFlow ops.\n\nPiperOrigin-RevId: 399151697\nChange-Id: Ic33be09dc10e458c12309e345e5ff5dba4dab352"",""distinct"":true,""url"":""https://api.github.com/repos/MaxMood96/tensorflow/commits/a7fbbe862ac50b0217b6d705b7d6016feb34107d""},{""sha"":""7a9045dca0fb1f089034d7e48639db9f3087b672"",""author"":{""name"":""A. Unique TensorFlower"",""email"":""746aced590a184ef4169166e753f7c211e32e5fc@tensorflow.org""},""message"":""Integrate LLVM at llvm/llvm-project@8cb234e07d46\n\nUpdates LLVM usage to match\n[8cb234e07d46](https://github.com/llvm/llvm-project/commit/8cb234e07d46)\n\nPiperOrigin-RevId: 399154862\nChange-Id: I59b8c6cb5e1e2c6fd9a73eb8639fa8c92cc9f0d3"",""distinct"":true,""url"":""https://api.github.com/repos/MaxMood96/tensorflow/commits/7a9045dca0fb1f089034d7e48639db9f3087b672""},{""sha"":""4d5a1c23b8b5a972172e6cf470d84e8dd85572d7"",""author"":{""name"":""A. Unique TensorFlower"",""email"":""746aced590a184ef4169166e753f7c211e32e5fc@tensorflow.org""},""message"":""Update TFRT dependency to use revision\nhttp://github.com/tensorflow/runtime/commit/b247cb1e58a3c85945847a7520e1795fde556c4e.\n\nPiperOrigin-RevId: 399156647\nChange-Id: I6bc3254abebdd0727f880926f4491a9906e0c0b2"",""distinct"":true,""url"":""https://api.github.com/repos/MaxMood96/tensorflow/commits/4d5a1c23b8b5a972172e6cf470d84e8dd85572d7""},{""sha"":""a163ecfbe2cded83fcf960516754bf78b061e9c0"",""author"":{""name"":""Adrian Kuegel"",""email"":""576389c0b07786a91efdf2778233c297d15750c4@google.com""},""message"":""Enable MLIR generated Sigmoid GPU kernel by default.\n\nPiperOrigin-RevId: 399166253\nChange-Id: If71a566f63108ad5067417e77b2e394287a1f5b8"",""distinct"":true,""url"":""https://api.github.com/repos/MaxMood96/tensorflow/commits/a163ecfbe2cded83fcf960516754bf78b061e9c0""},{""sha"":""75fd1c868956e0aa41efa439dbc04331b7f55e75"",""author"":{""name"":""A. Unique TensorFlower"",""email"":""746aced590a184ef4169166e753f7c211e32e5fc@tensorflow.org""},""message"":""[XLA:TPU] Adding an experimental ApproxTopK op to XLA.\nThis op is only available for the TPU backend.\n\nPiperOrigin-RevId: 399167111\nChange-Id: I034f2d24983b47804ac07f07905e0e463886dd19"",""distinct"":true,""url"":""https://api.github.com/repos/MaxMood96/tensorflow/commits/75fd1c868956e0aa41efa439dbc04331b7f55e75""},{""sha"":""5ce3ff1f6ffa5bb46e516e697130e6e7a61fda64"",""author"":{""name"":""A. Unique TensorFlower"",""email"":""746aced590a184ef4169166e753f7c211e32e5fc@tensorflow.org""},""message"":""Go: Update generated wrapper functions for TensorFlow ops.\n\nPiperOrigin-RevId: 399168366\nChange-Id: Ib5def1f249633d34e3f9cdcfa56a0affd0843f07"",""distinct"":true,""url"":""https://api.github.com/repos/MaxMood96/tensorflow/commits/5ce3ff1f6ffa5bb46e516e697130e6e7a61fda64""},{""sha"":""7dc26e5fe5139b77de7886c965d04465a7228dc5"",""author"":{""name"":""A. Unique TensorFlower"",""email"":""746aced590a184ef4169166e753f7c211e32e5fc@tensorflow.org""},""message"":""[MLIR] Move `assuming_all` ops over assuming regions for broadcast propagation\n\nMoving `assuming_all` ops over assuming region unblocks merging assuming\nregions.\n\nPiperOrigin-RevId: 399170560\nChange-Id: I1a791a04cde1fb157ece57c3822e3e1e054ef4a9"",""distinct"":true,""url"":""https://api.github.com/repos/MaxMood96/tensorflow/commits/7dc26e5fe5139b77de7886c965d04465a7228dc5""}]",,,,,,,,,,
18170653355,PushEvent,true,2021-09-27 19:35:56.000000 UTC,39814207,pull[bot],406072705,suddenlyGiovanni/react,"""refs/heads/main""",,,8025544218,3,3,"[{""sha"":""05726d72ccd3940a927462d520d0d2674012ad85"",""author"":{""name"":""Andrew Clark"",""email"":""46f1a0bd5592a2f9244ca321b129902a06b53e03@andrewclark.io""},""message"":""[Fix] Errors should not \""unsuspend\"" a transition (#22423)\n\nIf an error is thrown during a transition where we would have otherwise\r\nsuspended without showing a fallback (i.e. during a refresh), we should\r\nstill suspend.\r\n\r\nThe current behavior is that the error will force the fallback to\r\nappear, even if it's completely unrelated to the component that errored,\r\nwhich breaks the contract of `startTransition`."",""distinct"":true,""url"":""https://api.github.com/repos/suddenlyGiovanni/react/commits/05726d72ccd3940a927462d520d0d2674012ad85""},{""sha"":""c88fb49d37fd01024e0a254a37b7810d107bdd1d"",""author"":{""name"":""Justin Grant"",""email"":""8d98433eeba340cfbd8ad789949e75dfb0df2bb3@users.noreply.github.com""},""message"":""Improve DEV errors if string coercion throws (Temporal.*, Symbol, etc.) (#22064)\n\n* Revise ESLint rules for string coercion\r\n\r\nCurrently, react uses `'' + value` to coerce mixed values to strings.\r\nThis code will throw for Temporal objects or symbols.\r\n\r\nTo make string-coercion safer and to improve user-facing error messages,\r\nThis commit adds a new ESLint rule called `safe-string-coercion`.\r\n\r\nThis rule has two modes: a production mode and a non-production mode.\r\n* If the `isProductionUserAppCode` option is true, then `'' + value`\r\n  coercions are allowed (because they're faster, although they may\r\n  throw) and `String(value)` coercions are disallowed. Exception:\r\n  when building error messages or running DEV-only code in prod\r\n  files, `String()` should be used because it won't throw.\r\n* If the `isProductionUserAppCode` option is false, then `'' + value`\r\n  coercions are disallowed (because they may throw, and in non-prod\r\n  code it's not worth the risk) and `String(value)` are allowed.\r\n\r\nProduction mode is used for all files which will be bundled with\r\ndevelopers' userland apps. Non-prod mode is used for all other React\r\ncode: tests, DEV blocks, devtools extension, etc.\r\n\r\nIn production mode, in addiiton to flagging `String(value)` calls,\r\nthe rule will also flag `'' + value` or `value + ''` coercions that may\r\nthrow. The rule is smart enough to silence itself in the following\r\n\""will never throw\"" cases:\r\n* When the coercion is wrapped in a `typeof` test that restricts to safe\r\n  (non-symbol, non-object) types. Example:\r\n    if (typeof value === 'string' || typeof value === 'number') {\r\n      thisWontReport('' + value);\r\n    }\r\n* When what's being coerced is a unary function result, because unary\r\n   functions never return an object or a symbol.\r\n* When the coerced value is a commonly-used numeric identifier:\r\n  `i`, `idx`, or `lineNumber`.\r\n* When the statement immeidately before the coercion is a DEV-only\r\n  call to a function from shared/CheckStringCoercion.js. This call is a\r\n  no-op in production, but in DEV it will show a console error\r\n  explaining the problem, then will throw right after a long explanatory\r\n  code comment so that debugger users will have an idea what's going on.\r\n  The check function call must be in the following format:\r\n    if (__DEV__) {\r\n      checkXxxxxStringCoercion(value);\r\n    };\r\n\r\nManually disabling the rule is usually not necessary because almost all\r\nprod use of the `'' + value` pattern falls into one of the categories\r\nabove. But in the rare cases where the rule isn't smart enough to detect\r\nsafe usage (e.g. when a coercion is inside a nested ternary operator),\r\nmanually disabling the rule will be needed.\r\n\r\nThe rule should also be manually disabled in prod error handling code\r\nwhere `String(value)` should be used for coercions, because it'd be\r\nbad to throw while building an error message or stack trace!\r\n\r\nThe prod and non-prod modes have differentiated error messages to\r\nexplain how to do a proper coercion in that mode.\r\n\r\nIf a production check call is needed but is missing or incorrect\r\n(e.g. not in a DEV block or not immediately before the coercion), then\r\na context-sensitive error message will be reported so that developers\r\ncan figure out what's wrong and how to fix the problem.\r\n\r\nBecause string coercions are now handled by the `safe-string-coercion`\r\nrule, the `no-primitive-constructor` rule no longer flags `String()`\r\nusage. It still flags `new String(value)` because that usage is almost\r\nalways a bug.\r\n\r\n* Add DEV-only string coercion check functions\r\n\r\nThis commit adds DEV-only functions to check whether coercing\r\nvalues to strings using the `'' + value` pattern will throw. If it will\r\nthrow, these functions will:\r\n1. Display a console error with a friendly error message describing\r\n   the problem and the developer can fix it.\r\n2. Perform the coercion, which will throw. Right before the line where\r\n   the throwing happens, there's a long code comment that will help\r\n   debugger users (or others looking at the exception call stack) figure\r\n   out what happened and how to fix the problem.\r\n\r\nOne of these check functions should be called before all string coercion\r\nof user-provided values, except when the the coercion is guaranteed not\r\nto throw, e.g.\r\n* if inside a typeof check like `if (typeof value === 'string')`\r\n* if coercing the result of a unary function like `+value` or `value++`\r\n* if coercing a variable named in a whitelist of numeric identifiers:\r\n  `i`, `idx`, or `lineNumber`.\r\n\r\nThe new `safe-string-coercion` internal ESLint rule enforces that\r\nthese check functions are called when they are required.\r\n\r\nOnly use these check functions in production code that will be bundled\r\nwith user apps.  For non-prod code (and for production error-handling\r\ncode), use `String(value)` instead which may be a little slower but will\r\nnever throw.\r\n\r\n* Add failing tests for string coercion\r\n\r\nAdded failing tests to verify:\r\n* That input, select, and textarea elements with value and defaultValue\r\n  set to Temporal-like objects which will throw when coerced to string\r\n  using the `'' + value` pattern.\r\n* That text elements will throw for Temporal-like objects\r\n* That dangerouslySetInnerHTML will *not* throw for Temporal-like\r\n  objects because this value is not cast to a string before passing to\r\n  the DOM.\r\n* That keys that are Temporal-like objects will throw\r\n\r\nAll tests above validate the friendly error messages thrown.\r\n\r\n* Use `String(value)` for coercion in non-prod files\r\n\r\nThis commit switches non-production code from `'' + value` (which\r\nthrows for Temporal objects and symbols) to instead use `String(value)`\r\nwhich won't throw for these or other future plus-phobic types.\r\n\r\n\""Non-produciton code\"" includes anything not bundled into user apps:\r\n* Tests and test utilities. Note that I didn't change legacy React\r\n  test fixtures because I assumed it was good for those files to\r\n  act just like old React, including coercion behavior.\r\n* Build scripts\r\n* Dev tools package - In addition to switching to `String`, I also\r\n  removed special-case code for coercing symbols which is now\r\n  unnecessary.\r\n\r\n* Add DEV-only string coercion checks to prod files\r\n\r\nThis commit adds DEV-only function calls to to check if string coercion\r\nusing `'' + value` will throw, which it will if the value is a Temporal\r\nobject or a symbol because those types can't be added with `+`.\r\n\r\nIf it will throw, then in DEV these checks will show a console error\r\nto help the user undertsand what went wrong and how to fix the\r\nproblem. After emitting the console error, the check functions will\r\nretry the coercion which will throw with a call stack that's easy (or\r\nat least easier!) to troubleshoot because the exception happens right\r\nafter a long comment explaining the issue. So whether the user is in\r\na debugger, looking at the browser console, or viewing the in-browser\r\nDEV call stack, it should be easy to understand and fix the problem.\r\n\r\nIn most cases, the safe-string-coercion ESLint rule is smart enough to\r\ndetect when a coercion is safe. But in rare cases (e.g. when a coercion\r\nis inside a ternary) this rule will have to be manually disabled.\r\n\r\nThis commit also switches error-handling code to use `String(value)`\r\nfor coercion, because it's bad to crash when you're trying to build\r\nan error message or a call stack!  Because `String()` is usually\r\ndisallowed by the `safe-string-coercion` ESLint rule in production\r\ncode, the rule must be disabled when `String()` is used."",""distinct"":true,""url"":""https://api.github.com/repos/suddenlyGiovanni/react/commits/c88fb49d37fd01024e0a254a37b7810d107bdd1d""},{""sha"":""2e41568313620ab564425be7e5d777581e2db5d4"",""author"":{""name"":""Brian Vaughn"",""email"":""59942a8ec08225673b377c556396ca24baabd1b2@fb.com""},""message"":""DevTools encoding supports multibyte characters (e.g. \""🟩\"") (#22424)\n\nChanges our text encoding approach to properly support multibyte characters following this algorithm. Based on benchmarking, this new approach is roughly equivalent in terms of performance (sometimes slightly faster, sometimes slightly slower).\r\n\r\nI also considered using TextEncoder/TextDecoder for this, but it was much slower (~85%)."",""distinct"":true,""url"":""https://api.github.com/repos/suddenlyGiovanni/react/commits/2e41568313620ab564425be7e5d777581e2db5d4""}]",,,,,,,,,,
18170653473,PullRequestEvent,true,2021-09-27 19:35:56.000000 UTC,39814207,pull[bot],406072705,suddenlyGiovanni/react,,,,,,,,"""closed""",16,,,,,,,,
18170623810,PullRequestEvent,true,2021-09-27 19:33:40.000000 UTC,39814207,pull[bot],406072705,suddenlyGiovanni/react,,,,,,,,"""opened""",16,,,,,,,,
18170952334,PushEvent,true,2021-09-27 19:58:50.000000 UTC,7650812,brunosantanati,410933274,brunosantanati/terraform,"""refs/heads/main""",,,8025683427,2,2,"[{""sha"":""2530dd4090d90787a686cdad3dbbad0f76811023"",""author"":{""name"":""Bruno Rafael Sant Ana"",""email"":""98185e55ca25190d3f323410552f777fdfe5c2b4@gmail.com""},""message"":""Add mais 2 instancias EC2 e um bucket no S3."",""distinct"":true,""url"":""https://api.github.com/repos/brunosantanati/terraform/commits/2530dd4090d90787a686cdad3dbbad0f76811023""},{""sha"":""1417360efb8c331960ebe20798cd9a1719d2bc79"",""author"":{""name"":""Bruno Rafael Sant Ana"",""email"":""98185e55ca25190d3f323410552f777fdfe5c2b4@gmail.com""},""message"":""Definir dependencia entre o bucket S3 e a instancia EC2."",""distinct"":true,""url"":""https://api.github.com/repos/brunosantanati/terraform/commits/1417360efb8c331960ebe20798cd9a1719d2bc79""}]",,,,,,,,,,
18170363481,PushEvent,true,2021-09-27 19:14:13.000000 UTC,7650812,brunosantanati,410933274,brunosantanati/terraform,"""refs/heads/main""",,,8025406111,1,1,"[{""sha"":""74ed898439351eb0b8f723bc7141c5efac312f2b"",""author"":{""name"":""Bruno Rafael Sant Ana"",""email"":""98185e55ca25190d3f323410552f777fdfe5c2b4@gmail.com""},""message"":""Usar referencia para o id do security group."",""distinct"":true,""url"":""https://api.github.com/repos/brunosantanati/terraform/commits/74ed898439351eb0b8f723bc7141c5efac312f2b""}]",,,,,,,,,,
18170744343,PushEvent,true,2021-09-27 19:42:52.000000 UTC,64695632,utkarshluthra,406100146,utkarshluthra/tensorflow,"""refs/heads/master""",,,8025587158,787,787,"[{""sha"":""2a07b7e1835dd6b23cfb0fcc5520fd4b7093beb3"",""author"":{""name"":""Kun-Lu"",""email"":""fb67b68a5303a8c6bc622a93134ffe52dd3fe174@ibm.com""},""message"":""Fix importing a SavedModel into a TF 1.x-style graph on s390x\n\nSigned-off-by: Kun-Lu <kun.lu@ibm.com>"",""distinct"":true,""url"":""https://api.github.com/repos/utkarshluthra/tensorflow/commits/2a07b7e1835dd6b23cfb0fcc5520fd4b7093beb3""},{""sha"":""78852fb37c42c72abe7c6bc37fd13449b0ca303f"",""author"":{""name"":""Kun-Lu"",""email"":""fb67b68a5303a8c6bc622a93134ffe52dd3fe174@ibm.com""},""message"":""Fix incorrect dim data when loading saved_model file on s390x\n\nSigned-off-by: Kun-Lu <kun.lu@ibm.com>"",""distinct"":true,""url"":""https://api.github.com/repos/utkarshluthra/tensorflow/commits/78852fb37c42c72abe7c6bc37fd13449b0ca303f""},{""sha"":""3574f92c53c41220a9eff2ba9d736a5a27ee59be"",""author"":{""name"":""Kun-Lu"",""email"":""fb67b68a5303a8c6bc622a93134ffe52dd3fe174@ibm.com""},""message"":""Refactor code to remove duplication\n\nSigned-off-by: Kun-Lu <kun.lu@ibm.com>"",""distinct"":true,""url"":""https://api.github.com/repos/utkarshluthra/tensorflow/commits/3574f92c53c41220a9eff2ba9d736a5a27ee59be""},{""sha"":""828477d2416107ea3b0d891f85ea67d2c212e5bd"",""author"":{""name"":""Kun-Lu"",""email"":""fb67b68a5303a8c6bc622a93134ffe52dd3fe174@ibm.com""},""message"":""Resolve conflicts in reader.cc\n\nSigned-off-by: Kun-Lu <kun.lu@ibm.com>"",""distinct"":true,""url"":""https://api.github.com/repos/utkarshluthra/tensorflow/commits/828477d2416107ea3b0d891f85ea67d2c212e5bd""},{""sha"":""8f2b6bba17403e32bc5c8289b6ecc13948f65f23"",""author"":{""name"":""Kun Lu"",""email"":""fb67b68a5303a8c6bc622a93134ffe52dd3fe174@ibm.com""},""message"":""Merge branch 'master' into tf-s390x-loader_impl-fix"",""distinct"":true,""url"":""https://api.github.com/repos/utkarshluthra/tensorflow/commits/8f2b6bba17403e32bc5c8289b6ecc13948f65f23""},{""sha"":""04a4dc9f70b064ef2332a14af0934f3c88e1daf8"",""author"":{""name"":""Mahmoud Abuzaina"",""email"":""a2ed0f6fa01f715ca5a92264281888c73ba9e3c6@intel.com""},""message"":""Improving mkl_layout_pass performance"",""distinct"":true,""url"":""https://api.github.com/repos/utkarshluthra/tensorflow/commits/04a4dc9f70b064ef2332a14af0934f3c88e1daf8""},{""sha"":""d9b27593638f2ae356c6205517f28ff9b21ae34c"",""author"":{""name"":""Yong Tang"",""email"":""765086fe2e0c1f980161f127fec596800f327f62@outlook.com""},""message"":""Fix tf.tile crash when n is large\n\nThis PR tries to fix the issue raised in 46911 where tf.tile\nwill crash when n is large. This PR add additional check\nto make sure an error message is rendered (instead of crash).\n\nThis PR fixes 46911.\n\nSigned-off-by: Yong Tang <yong.tang.github@outlook.com>"",""distinct"":true,""url"":""https://api.github.com/repos/utkarshluthra/tensorflow/commits/d9b27593638f2ae356c6205517f28ff9b21ae34c""},{""sha"":""c38bb99429970046dbb846155bacaaa4cd3f9615"",""author"":{""name"":""Kun Lu"",""email"":""fb67b68a5303a8c6bc622a93134ffe52dd3fe174@ibm.com""},""message"":""Merge branch 'master' into tf-s390x-loader_impl-fix"",""distinct"":true,""url"":""https://api.github.com/repos/utkarshluthra/tensorflow/commits/c38bb99429970046dbb846155bacaaa4cd3f9615""},{""sha"":""77380d6f2f8c41c42e27a0bd01ed16f1de8c600f"",""author"":{""name"":""Artem Sokolovskii"",""email"":""d0c38013de63562c937044821c508fb88f15aa0d@gmail.com""},""message"":""Made rounding in convert_image_dtype for numbers close to zero\n\nFixes #48701"",""distinct"":true,""url"":""https://api.github.com/repos/utkarshluthra/tensorflow/commits/77380d6f2f8c41c42e27a0bd01ed16f1de8c600f""},{""sha"":""7285c1b372c904bd07e902a86b883ceb1977b2de"",""author"":{""name"":""Kun-Lu"",""email"":""fb67b68a5303a8c6bc622a93134ffe52dd3fe174@ibm.com""},""message"":""Fix endianness issue in LiteralUtilTest(F16) on BE machines\n\nThis PR swaps the data of internal data views on BE machines\nto make the data format machine endianness dependent."",""distinct"":true,""url"":""https://api.github.com/repos/utkarshluthra/tensorflow/commits/7285c1b372c904bd07e902a86b883ceb1977b2de""},{""sha"":""d999613b2fb722ea91d2ff4667358d9fb92b6480"",""author"":{""name"":""Frederic Bastien"",""email"":""f97faf633e0f27948feb654f3e29ab2be0f12d06@nvidia.com""},""message"":""Make replay_computation accept input HLO file with multiple module."",""distinct"":true,""url"":""https://api.github.com/repos/utkarshluthra/tensorflow/commits/d999613b2fb722ea91d2ff4667358d9fb92b6480""},{""sha"":""37275d71e71eeb407b9d2916195dc64fc314388f"",""author"":{""name"":""Kun-Lu"",""email"":""fb67b68a5303a8c6bc622a93134ffe52dd3fe174@ibm.com""},""message"":""Reformat to fix Ubuntu Sanity issue"",""distinct"":true,""url"":""https://api.github.com/repos/utkarshluthra/tensorflow/commits/37275d71e71eeb407b9d2916195dc64fc314388f""},{""sha"":""0048c23660371f78750acffacd87716229f2123a"",""author"":{""name"":""Wang,Quintin"",""email"":""513dfc56e4dc03d75afc539ab71ab85d7fa92dbe@intel.com""},""message"":""add DEVICE_DEFAULT for Mutex/DestroyResource/Sequence ops"",""distinct"":true,""url"":""https://api.github.com/repos/utkarshluthra/tensorflow/commits/0048c23660371f78750acffacd87716229f2123a""},{""sha"":""2d4a88f45a57d45a91dba65d22c4cf73a8926bc8"",""author"":{""name"":""Wang,Quintin"",""email"":""513dfc56e4dc03d75afc539ab71ab85d7fa92dbe@intel.com""},""message"":""add DEVICE_DEFAULT for python ops"",""distinct"":true,""url"":""https://api.github.com/repos/utkarshluthra/tensorflow/commits/2d4a88f45a57d45a91dba65d22c4cf73a8926bc8""},{""sha"":""30f4f4402fa45d8544da337c0ee55dd7e0f18f4a"",""author"":{""name"":""Annie Tallund"",""email"":""810efd6f5049d94852495606109a1822fef157d2@arm.com""},""message"":""Refactor Slice reference op for port to TFLM\n\nChange-Id: I1c8e2a4550d9c6fd792b2d5ad0361579b9d437dd"",""distinct"":true,""url"":""https://api.github.com/repos/utkarshluthra/tensorflow/commits/30f4f4402fa45d8544da337c0ee55dd7e0f18f4a""},{""sha"":""ae5dadada18c0fdaf7bc834ca9c5b22fec45fe6d"",""author"":{""name"":""Zhoulong Jiang"",""email"":""9310ceb31e5c50bda3b06d32dc899a7706dc3b4d@intel.com""},""message"":""[PluggableDevice] Add pluggable profiler support"",""distinct"":true,""url"":""https://api.github.com/repos/utkarshluthra/tensorflow/commits/ae5dadada18c0fdaf7bc834ca9c5b22fec45fe6d""},{""sha"":""bd385fed80e945869d124d2c4430753aa1be34d7"",""author"":{""name"":""Zhoulong Jiang"",""email"":""9310ceb31e5c50bda3b06d32dc899a7706dc3b4d@intel.com""},""message"":""address comments"",""distinct"":true,""url"":""https://api.github.com/repos/utkarshluthra/tensorflow/commits/bd385fed80e945869d124d2c4430753aa1be34d7""},{""sha"":""361f894f66712afeb807cbb3fafe81dae312f647"",""author"":{""name"":""guozhong.zhuang"",""email"":""870f7e5c937c6f0ebd8d778278ecaece281ed5b0@intel.com""},""message"":""fix UT failure due to recent conv 3d test change"",""distinct"":true,""url"":""https://api.github.com/repos/utkarshluthra/tensorflow/commits/361f894f66712afeb807cbb3fafe81dae312f647""},{""sha"":""c3749b37f15432ec933b5544412e1bd093f4778e"",""author"":{""name"":""Ben Barsdell"",""email"":""fb55efc015c19b6b983311e9fae7c0ecda2e4774@nvidia.com""},""message"":""Refactor SparseSliceOp to use a functor\n\n- This is in preparation for adding a GPU implementation.\n- No functional change."",""distinct"":true,""url"":""https://api.github.com/repos/utkarshluthra/tensorflow/commits/c3749b37f15432ec933b5544412e1bd093f4778e""},{""sha"":""442a8e70db60be3e9ea38b006a4dfe7a8b2cee4e"",""author"":{""name"":""Ben Barsdell"",""email"":""fb55efc015c19b6b983311e9fae7c0ecda2e4774@nvidia.com""},""message"":""Add empty tensor tests to SparseSliceOpTest\n\n- Ensures that the op works with empty input and/or output sparse\n  tensors."",""distinct"":true,""url"":""https://api.github.com/repos/utkarshluthra/tensorflow/commits/442a8e70db60be3e9ea38b006a4dfe7a8b2cee4e""}]",,,,,,,,,,
18170728734,WatchEvent,true,2021-09-27 19:41:40.000000 UTC,91498301,Bayehd,4710920,apache/dubbo,,,,,,,,"""started""",,,,,,,,,
18170532510,PullRequestEvent,true,2021-09-27 19:26:52.000000 UTC,63648,sebmarkbage,10270250,facebook/react,,,,,,,,"""opened""",22443,,,,,,,,
18170546175,PullRequestReviewEvent,true,2021-09-27 19:27:55.000000 UTC,2286579,salazarm,10270250,facebook/react,,,,,,,,"""created""",22443,,,"""approved""","""MEMBER""",,,,
18170194855,ForkEvent,true,2021-09-27 19:02:45.000000 UTC,91496867,frenchy77,10270250,facebook/react,,,,,,,,,,"""frenchy77/react""",,,,,,,
18170464066,PullRequestEvent,true,2021-09-27 19:21:32.000000 UTC,1549069,behnammodi,10270250,facebook/react,,,,,,,,"""opened""",22442,,,,,,,,
18170549548,WatchEvent,true,2021-09-27 19:28:10.000000 UTC,74377339,Samculo,10270250,facebook/react,,,,,,,,"""started""",,,,,,,,,
18170333495,PullRequestReviewCommentEvent,true,2021-09-27 19:12:06.000000 UTC,13029839,jjerphan,843222,scikit-learn/scikit-learn,,,,,,,,"""created""",20254,,,,,,,,
18170186667,PullRequestReviewEvent,true,2021-09-27 19:02:12.000000 UTC,13029839,jjerphan,843222,scikit-learn/scikit-learn,,,,,,,,"""created""",20254,,,"""commented""","""MEMBER""",,,,
18170491422,ForkEvent,true,2021-09-27 19:23:38.000000 UTC,84462827,Cma-N,843222,scikit-learn/scikit-learn,,,,,,,,,,"""Cma-N/scikit-learn""",,,,,,,
18170838393,WatchEvent,true,2021-09-27 19:50:03.000000 UTC,3947634,weak-head,843222,scikit-learn/scikit-learn,,,,,,,,"""started""",,,,,,,,,
18170417300,PullRequestReviewEvent,true,2021-09-27 19:18:04.000000 UTC,395077,jlsherrill,4007018,Katello/katello,,,,,,,,"""created""",9660,,,"""commented""","""MEMBER""",,,,
18170603496,PullRequestReviewCommentEvent,true,2021-09-27 19:32:06.000000 UTC,395077,jlsherrill,4007018,Katello/katello,,,,,,,,"""created""",9660,,,,,,,,
18170917078,PullRequestEvent,true,2021-09-27 19:56:08.000000 UTC,1069779,parthaa,4007018,Katello/katello,,,,,,,,"""opened""",9673,,,,,,,,
18170326334,PullRequestReviewCommentEvent,true,2021-09-27 19:11:35.000000 UTC,395077,jlsherrill,4007018,Katello/katello,,,,,,,,"""created""",9660,,,,,,,,
18170417342,PullRequestReviewCommentEvent,true,2021-09-27 19:18:04.000000 UTC,395077,jlsherrill,4007018,Katello/katello,,,,,,,,"""created""",9660,,,,,,,,
18170594324,PullRequestReviewCommentEvent,true,2021-09-27 19:31:25.000000 UTC,395077,jlsherrill,4007018,Katello/katello,,,,,,,,"""created""",9660,,,,,,,,
18170594332,PullRequestReviewEvent,true,2021-09-27 19:31:25.000000 UTC,395077,jlsherrill,4007018,Katello/katello,,,,,,,,"""created""",9660,,,"""commented""","""MEMBER""",,,,
18170917499,IssueCommentEvent,true,2021-09-27 19:56:10.000000 UTC,3763234,theforeman-bot,4007018,Katello/katello,,,,,,,,"""created""",,,,,,,,,
18170597822,PullRequestReviewEvent,true,2021-09-27 19:31:40.000000 UTC,395077,jlsherrill,4007018,Katello/katello,,,,,,,,"""created""",9660,,,"""commented""","""MEMBER""",,,,
18170603440,PullRequestReviewEvent,true,2021-09-27 19:32:06.000000 UTC,395077,jlsherrill,4007018,Katello/katello,,,,,,,,"""created""",9660,,,"""commented""","""MEMBER""",,,,
18170401958,IssueCommentEvent,true,2021-09-27 19:16:57.000000 UTC,4981219,alalek,5108051,opencv/opencv,,,,,,,,"""created""",,,,,,,,,
18170491429,IssueCommentEvent,true,2021-09-27 19:23:38.000000 UTC,83194640,kenpachi01011,5108051,opencv/opencv,,,,,,,,"""created""",,,,,,,,,
18170402079,PullRequestEvent,true,2021-09-27 19:16:58.000000 UTC,4981219,alalek,5108051,opencv/opencv,,,,,,,,"""closed""",20756,,,,,,,,
18170160990,PushEvent,true,2021-09-27 19:00:28.000000 UTC,56741989,copybara-service[bot],45717250,tensorflow/tensorflow,"""refs/heads/master""",,,8025312346,1,1,"[{""sha"":""0e255e18310fd048dbf2bae9b39c1f8858c2a78d"",""author"":{""name"":""Dan Moldovan"",""email"":""02bd3f004a63c78990e4cfa97922eaaaa6d78ea5@google.com""},""message"":""Define type information for dataset producer ops.\nThis enables more robust treatment by placer (to follow in a future change).\n\nPiperOrigin-RevId: 399245156\nChange-Id: Icacb19d281045033f0976cdd5896c2d25efa99ba"",""distinct"":true,""url"":""https://api.github.com/repos/tensorflow/tensorflow/commits/0e255e18310fd048dbf2bae9b39c1f8858c2a78d""}]",,,,,,,,,,
18170700363,PushEvent,true,2021-09-27 19:39:34.000000 UTC,56741989,copybara-service[bot],45717250,tensorflow/tensorflow,"""refs/heads/master""",,,8025565074,1,1,"[{""sha"":""cbc6864b509e80d7c81722ac7808f55649c01e6b"",""author"":{""name"":""Aden Grue"",""email"":""8b97dad34e6e7244a74f1f2e40ee3b43517e9736@google.com""},""message"":""More clearly document how XLA CPU codegen for intra-op parallelism works\n\nPiperOrigin-RevId: 399254092\nChange-Id: I1eab5526b22b9fec71260e256486a0a4b196622f"",""distinct"":true,""url"":""https://api.github.com/repos/tensorflow/tensorflow/commits/cbc6864b509e80d7c81722ac7808f55649c01e6b""}]",,,,,,,,,,
18170849970,PushEvent,true,2021-09-27 19:50:56.000000 UTC,56741989,copybara-service[bot],45717250,tensorflow/tensorflow,"""refs/heads/master""",,,8025634372,1,1,"[{""sha"":""f63f4c0fb2b4ed0927b00c3c36c6b337f3bd6fd2"",""author"":{""name"":""A. Unique TensorFlower"",""email"":""746aced590a184ef4169166e753f7c211e32e5fc@tensorflow.org""},""message"":""Integrate LLVM at llvm/llvm-project@7789a68e5ab9\n\nUpdates LLVM usage to match\n[7789a68e5ab9](https://github.com/llvm/llvm-project/commit/7789a68e5ab9)\n\nPiperOrigin-RevId: 399257294\nChange-Id: I1f73679677f84c7a41fd4f68a6def20c5ba43dca"",""distinct"":true,""url"":""https://api.github.com/repos/tensorflow/tensorflow/commits/f63f4c0fb2b4ed0927b00c3c36c6b337f3bd6fd2""}]",,,,,,,,,,
18170172166,IssueCommentEvent,true,2021-09-27 19:01:13.000000 UTC,86464649,mohantym,45717250,tensorflow/tensorflow,,,,,,,,"""created""",,,,,,,,,
18170869488,IssueCommentEvent,true,2021-09-27 19:52:26.000000 UTC,2367858,dperny,7691631,moby/moby,,,,,,,,"""created""",,,,,,,,,
18170907137,IssueCommentEvent,true,2021-09-27 19:55:22.000000 UTC,2231415,sanfx,7691631,moby/moby,,,,,,,,"""created""",,,,,,,,,
18170159941,PushEvent,true,2021-09-27 19:00:24.000000 UTC,19616653,ArmageddonKnight,204371788,UofT-EcoSystem/tensorflow,"""refs/heads/master""",,,8025313836,6,6,"[{""sha"":""561efb4ae2f03a271e1660f3f1e1c3edd550ef2c"",""author"":{""name"":""Sagun Bajra"",""email"":""8e269ab859de84ffd69b56346bf76b0e8ce1bd3b@google.com""},""message"":""Internal change\n\nPiperOrigin-RevId: 399230779\nChange-Id: I6ea36aff343a3ee245dd568576dfbf076b00e45e"",""distinct"":true,""url"":""https://api.github.com/repos/UofT-EcoSystem/tensorflow/commits/561efb4ae2f03a271e1660f3f1e1c3edd550ef2c""},{""sha"":""65037ce1570cefd34040f241af3d095a8ce6c1a3"",""author"":{""name"":""Lu Wang"",""email"":""bb4ea195588a4447f4ab0d60d396369d687bcd9e@google.com""},""message"":""Move Task QA into the root dir of task/text\n\nMatching the directory structure of other domains, such as vision and audio\n\nPiperOrigin-RevId: 399232179\nChange-Id: I7b913f760fd3e22a036f4fcc2ece47c725496f98"",""distinct"":true,""url"":""https://api.github.com/repos/UofT-EcoSystem/tensorflow/commits/65037ce1570cefd34040f241af3d095a8ce6c1a3""},{""sha"":""9403b5da995d7528a81e222c6bf37539d9542187"",""author"":{""name"":""Martin Wicke"",""email"":""36423fe978b4ea954bc241157f471a64241e0f1c@google.com""},""message"":""Change example in segment_sum to use canonical name.\n\nPiperOrigin-RevId: 399233082\nChange-Id: I61b40b9a37394887180ac5b70059a2c8f84c7363"",""distinct"":true,""url"":""https://api.github.com/repos/UofT-EcoSystem/tensorflow/commits/9403b5da995d7528a81e222c6bf37539d9542187""},{""sha"":""f1d8f8d1501af92b0fe1f1d37398b4dee6a4e7e2"",""author"":{""name"":""Paul Chiang"",""email"":""8a1cd9bb84400d75f9a00a3df619edad45158415@google.com""},""message"":""Collect slot variable restorations in a queue and restore them as a batch.\n\nPiperOrigin-RevId: 399236012\nChange-Id: Ia89a1037fdaae45fc48cb17a56e99cd4125e9054"",""distinct"":true,""url"":""https://api.github.com/repos/UofT-EcoSystem/tensorflow/commits/f1d8f8d1501af92b0fe1f1d37398b4dee6a4e7e2""},{""sha"":""04b3d08eb1edbb8f0f5eb64f9a4458ba482a6281"",""author"":{""name"":""A. Unique TensorFlower"",""email"":""746aced590a184ef4169166e753f7c211e32e5fc@tensorflow.org""},""message"":""Go: Update generated wrapper functions for TensorFlow ops.\n\nPiperOrigin-RevId: 399243642\nChange-Id: I634691a0a51bb6d2f48cf1435fc5cbcede3b776f"",""distinct"":true,""url"":""https://api.github.com/repos/UofT-EcoSystem/tensorflow/commits/04b3d08eb1edbb8f0f5eb64f9a4458ba482a6281""},{""sha"":""0e255e18310fd048dbf2bae9b39c1f8858c2a78d"",""author"":{""name"":""Dan Moldovan"",""email"":""02bd3f004a63c78990e4cfa97922eaaaa6d78ea5@google.com""},""message"":""Define type information for dataset producer ops.\nThis enables more robust treatment by placer (to follow in a future change).\n\nPiperOrigin-RevId: 399245156\nChange-Id: Icacb19d281045033f0976cdd5896c2d25efa99ba"",""distinct"":true,""url"":""https://api.github.com/repos/UofT-EcoSystem/tensorflow/commits/0e255e18310fd048dbf2bae9b39c1f8858c2a78d""}]",,,,,,,,,,
18170839031,PullRequestEvent,true,2021-09-27 19:50:06.000000 UTC,8150228,jstolwijk,248295170,geist-org/react,,,,,,,,"""opened""",634,,,,,,,,
18170961403,IssueCommentEvent,true,2021-09-27 19:59:24.000000 UTC,22429695,codecov[bot],248295170,geist-org/react,,,,,,,,"""created""",,,,,,,,,
18170520214,PullRequestReviewEvent,true,2021-09-27 19:25:53.000000 UTC,8875142,jumelloic,313146981,SiMDE-Projects/terraform,,,,,,,,"""created""",48,,,"""approved""","""NONE""",,,,
18170697208,PullRequestEvent,true,2021-09-27 19:39:20.000000 UTC,5199868,cesar-richard,313146981,SiMDE-Projects/terraform,,,,,,,,"""closed""",48,,,,,,,,
18170697278,DeleteEvent,true,2021-09-27 19:39:20.000000 UTC,5199868,cesar-richard,313146981,SiMDE-Projects/terraform,"""cesar/addLJumelAsAdmin""","""branch""","""user""",,,,,,,,,,,,,,
18171747586,IssueCommentEvent,true,2021-09-27 20:53:00.000000 UTC,335567,Carreau,658518,ipython/ipython,,,,,,,,"""created""",,,,,,,,,
18171201889,IssueCommentEvent,true,2021-09-27 20:15:50.000000 UTC,22042343,jeremylenz,4007018,Katello/katello,,,,,,,,"""created""",,,,,,,,,
18171303125,PullRequestReviewEvent,true,2021-09-27 20:22:39.000000 UTC,10107095,narendly,15861701,apache/helix,,,,,,,,"""created""",1881,,,"""approved""","""CONTRIBUTOR""",,,,
18171775970,PushEvent,true,2021-09-27 20:54:59.000000 UTC,5317912,wxinix,367511409,wxinix/tensorflow,"""refs/heads/master""",,,8026058250,30,30,"[{""sha"":""dca0a5b445ed7bb33996acbbc8764d5557b7d607"",""author"":{""name"":""lipracer"",""email"":""31d2c3d834a0a0b161098baaa2b965d81182ce69@gmail.com""},""message"":""[MHLO]: refine delete redundant specialization function\n\nusing c++ SFINAE auto select map template paramater"",""distinct"":true,""url"":""https://api.github.com/repos/wxinix/tensorflow/commits/dca0a5b445ed7bb33996acbbc8764d5557b7d607""},{""sha"":""c7ad6d72b79462bb01c86ce8f47ce2db1abb764a"",""author"":{""name"":""lipracer"",""email"":""31d2c3d834a0a0b161098baaa2b965d81182ce69@gmail.com""},""message"":""fix clang compile erroe with -std=c++14"",""distinct"":true,""url"":""https://api.github.com/repos/wxinix/tensorflow/commits/c7ad6d72b79462bb01c86ce8f47ce2db1abb764a""},{""sha"":""89363b5e083a5c9faa12660cd05c1d79c6ea9f36"",""author"":{""name"":""Chris Jones"",""email"":""44ec8a9a96520629f1de8b28e6ff976a9fe79756@google.com""},""message"":""[XLA:GPU] Add new compiler pass to concatenate all-reduce operands into a single, contiguous buffer.\n\nPiperOrigin-RevId: 399184237\nChange-Id: I15711e85c2f5460ebe9c965ae90d4802563c2f95"",""distinct"":true,""url"":""https://api.github.com/repos/wxinix/tensorflow/commits/89363b5e083a5c9faa12660cd05c1d79c6ea9f36""},{""sha"":""bd603378e951780e868ec8155ab4311eb635245b"",""author"":{""name"":""A. Unique TensorFlower"",""email"":""746aced590a184ef4169166e753f7c211e32e5fc@tensorflow.org""},""message"":""Go: Update generated wrapper functions for TensorFlow ops.\n\nPiperOrigin-RevId: 399188060\nChange-Id: I2735533093eedafd1832cf6577d6439650c7858c"",""distinct"":true,""url"":""https://api.github.com/repos/wxinix/tensorflow/commits/bd603378e951780e868ec8155ab4311eb635245b""},{""sha"":""707c5e821f126f55f4b83ed6990795bc5605c0d9"",""author"":{""name"":""A. Unique TensorFlower"",""email"":""746aced590a184ef4169166e753f7c211e32e5fc@tensorflow.org""},""message"":""Update TFRT dependency to use revision\nhttp://github.com/tensorflow/runtime/commit/e62088ed5996b46e92fa0887451802cf4e007d7d.\n\nPiperOrigin-RevId: 399189082\nChange-Id: I4805b982ee25cfde7026f590550fd4a174ec090a"",""distinct"":true,""url"":""https://api.github.com/repos/wxinix/tensorflow/commits/707c5e821f126f55f4b83ed6990795bc5605c0d9""},{""sha"":""fc5d6058e6e0dc097ce7e0b331bd48a33c45b383"",""author"":{""name"":""Itai Zukerman"",""email"":""926c149cc28b17036268aac28997d867b307ddaf@google.com""},""message"":""Internal change only.\n\nPiperOrigin-RevId: 399197401\nChange-Id: I594e48a585e95406fe3754c4cd339a3fd23eb5cf"",""distinct"":true,""url"":""https://api.github.com/repos/wxinix/tensorflow/commits/fc5d6058e6e0dc097ce7e0b331bd48a33c45b383""},{""sha"":""ec2cc392f3a78d5cda64a36c615572693a80c8d7"",""author"":{""name"":""Zachary Garrett"",""email"":""89ff30759f71dfd168a6c9a0c3bdb0e8a9ef2e27@google.com""},""message"":""Replace deprecated `absl::Status::error_message` call with `absl::Status::message`.\n\nPiperOrigin-RevId: 399198325\nChange-Id: Ib4a5e1d3a5e1447fefe9de428946341522a021a4"",""distinct"":true,""url"":""https://api.github.com/repos/wxinix/tensorflow/commits/ec2cc392f3a78d5cda64a36c615572693a80c8d7""},{""sha"":""730c91f4d78b835a8eb4fbe89fe4889d52eeb4bb"",""author"":{""name"":""George Karpenkov"",""email"":""bbf3fb1cea1ba929a95f09c9e20513124012c8d3@google.com""},""message"":""[XLA] Update a list of known issues for jit_compile=True\n\nPiperOrigin-RevId: 399214105\nChange-Id: Ia6b0d7a03384458f47277b8a9c1cc64d562fec5e"",""distinct"":true,""url"":""https://api.github.com/repos/wxinix/tensorflow/commits/730c91f4d78b835a8eb4fbe89fe4889d52eeb4bb""},{""sha"":""f66cb2e7f8272ccd8d83016b7c32f2375163be4e"",""author"":{""name"":""A. Unique TensorFlower"",""email"":""746aced590a184ef4169166e753f7c211e32e5fc@tensorflow.org""},""message"":""Propagate `unconditionally_use_set_output_shapes` for deferred functions as well\n\nPiperOrigin-RevId: 399219498\nChange-Id: I79e1ce2bbe402adaa641274901d171b92fa9b362"",""distinct"":true,""url"":""https://api.github.com/repos/wxinix/tensorflow/commits/f66cb2e7f8272ccd8d83016b7c32f2375163be4e""},{""sha"":""cde2ced5d4b58bad653e1b5868b2cfa5a1cf3dcc"",""author"":{""name"":""A. Unique TensorFlower"",""email"":""746aced590a184ef4169166e753f7c211e32e5fc@tensorflow.org""},""message"":""Rollback of rollback: Move responsibility for default algorithms to callers.\n\nThere are three instances of this pattern in the codebase (reduced from 8\nrecently), and the original CL didn't update all of them correctly.  In\nAutotuneFusedConv, it did the intended thing: when autotuning is /disabled/ and\nthe new API is enabled, choose a fallback algorithm.  Propagating this to\nAutotuneUnfusedConv went wrong: instead, it chose a fallback algorithm whenever\nautotuning was not performed, thus overruling cached autotuning decisions, and\nmaking things very slow.  In fused_conv, the code was not updated at all.\n\nPiperOrigin-RevId: 399220361\nChange-Id: Icea09a2e57010c03f5595c2681f8caa5ba544c7b"",""distinct"":true,""url"":""https://api.github.com/repos/wxinix/tensorflow/commits/cde2ced5d4b58bad653e1b5868b2cfa5a1cf3dcc""},{""sha"":""9f3428bf8fc5eaaea388a93e775521e80513bbaa"",""author"":{""name"":""Karim Nosir"",""email"":""b18ad2d0fce287112ab07dfc92c989dd2697c06d@google.com""},""message"":""[lite] Update analyze-variables pass to allow resource to be passed to TFLite control flow ops (If, While, CallOnce) these pass the resources for other ops inside the functions, if any of the other ops that use the resources are not supported we shouldn't enable variables. This should be handled since we inspect all ops in the graph.\n\nPiperOrigin-RevId: 399222824\nChange-Id: I0546d8abc9f72d3d9f0247e72910b6bfaf24f339"",""distinct"":true,""url"":""https://api.github.com/repos/wxinix/tensorflow/commits/9f3428bf8fc5eaaea388a93e775521e80513bbaa""},{""sha"":""8c624204eb686a91779149dc500e6c8c60096074"",""author"":{""name"":""TensorFlower Gardener"",""email"":""746aced590a184ef4169166e753f7c211e32e5fc@tensorflow.org""},""message"":""Merge pull request #52093 from lipracer:feature\n\nPiperOrigin-RevId: 399222945\nChange-Id: I325af2e5a88a560f9fa593a9fea8e6f562d9cdf2"",""distinct"":true,""url"":""https://api.github.com/repos/wxinix/tensorflow/commits/8c624204eb686a91779149dc500e6c8c60096074""},{""sha"":""3d8ec6b4caba1af7c4ee5955a9bb035296ac13f2"",""author"":{""name"":""Kuangyuan Chen"",""email"":""aa926aa014ad01d64759a4230e567ab87731ebc4@google.com""},""message"":""Internal TFRT change\n\nPiperOrigin-RevId: 399225347\nChange-Id: I5cfcbb6d5fd4723ef548320ca82cb0844422795b"",""distinct"":true,""url"":""https://api.github.com/repos/wxinix/tensorflow/commits/3d8ec6b4caba1af7c4ee5955a9bb035296ac13f2""},{""sha"":""b7ae5f28b4b55098ae64ed2bcab21f6e29d5abee"",""author"":{""name"":""Loren Maggiore"",""email"":""732e634f45d84bb523433be99816fb1504e48096@google.com""},""message"":""Simplify MemcpyRewritePattern by using the MemcpyOpAdaptor.\n\nPiperOrigin-RevId: 399226638\nChange-Id: Iebccf00cdce622d33e40f8a98704d09d8139dbed"",""distinct"":true,""url"":""https://api.github.com/repos/wxinix/tensorflow/commits/b7ae5f28b4b55098ae64ed2bcab21f6e29d5abee""},{""sha"":""561efb4ae2f03a271e1660f3f1e1c3edd550ef2c"",""author"":{""name"":""Sagun Bajra"",""email"":""8e269ab859de84ffd69b56346bf76b0e8ce1bd3b@google.com""},""message"":""Internal change\n\nPiperOrigin-RevId: 399230779\nChange-Id: I6ea36aff343a3ee245dd568576dfbf076b00e45e"",""distinct"":true,""url"":""https://api.github.com/repos/wxinix/tensorflow/commits/561efb4ae2f03a271e1660f3f1e1c3edd550ef2c""},{""sha"":""65037ce1570cefd34040f241af3d095a8ce6c1a3"",""author"":{""name"":""Lu Wang"",""email"":""bb4ea195588a4447f4ab0d60d396369d687bcd9e@google.com""},""message"":""Move Task QA into the root dir of task/text\n\nMatching the directory structure of other domains, such as vision and audio\n\nPiperOrigin-RevId: 399232179\nChange-Id: I7b913f760fd3e22a036f4fcc2ece47c725496f98"",""distinct"":true,""url"":""https://api.github.com/repos/wxinix/tensorflow/commits/65037ce1570cefd34040f241af3d095a8ce6c1a3""},{""sha"":""9403b5da995d7528a81e222c6bf37539d9542187"",""author"":{""name"":""Martin Wicke"",""email"":""36423fe978b4ea954bc241157f471a64241e0f1c@google.com""},""message"":""Change example in segment_sum to use canonical name.\n\nPiperOrigin-RevId: 399233082\nChange-Id: I61b40b9a37394887180ac5b70059a2c8f84c7363"",""distinct"":true,""url"":""https://api.github.com/repos/wxinix/tensorflow/commits/9403b5da995d7528a81e222c6bf37539d9542187""},{""sha"":""f1d8f8d1501af92b0fe1f1d37398b4dee6a4e7e2"",""author"":{""name"":""Paul Chiang"",""email"":""8a1cd9bb84400d75f9a00a3df619edad45158415@google.com""},""message"":""Collect slot variable restorations in a queue and restore them as a batch.\n\nPiperOrigin-RevId: 399236012\nChange-Id: Ia89a1037fdaae45fc48cb17a56e99cd4125e9054"",""distinct"":true,""url"":""https://api.github.com/repos/wxinix/tensorflow/commits/f1d8f8d1501af92b0fe1f1d37398b4dee6a4e7e2""},{""sha"":""04b3d08eb1edbb8f0f5eb64f9a4458ba482a6281"",""author"":{""name"":""A. Unique TensorFlower"",""email"":""746aced590a184ef4169166e753f7c211e32e5fc@tensorflow.org""},""message"":""Go: Update generated wrapper functions for TensorFlow ops.\n\nPiperOrigin-RevId: 399243642\nChange-Id: I634691a0a51bb6d2f48cf1435fc5cbcede3b776f"",""distinct"":true,""url"":""https://api.github.com/repos/wxinix/tensorflow/commits/04b3d08eb1edbb8f0f5eb64f9a4458ba482a6281""},{""sha"":""0e255e18310fd048dbf2bae9b39c1f8858c2a78d"",""author"":{""name"":""Dan Moldovan"",""email"":""02bd3f004a63c78990e4cfa97922eaaaa6d78ea5@google.com""},""message"":""Define type information for dataset producer ops.\nThis enables more robust treatment by placer (to follow in a future change).\n\nPiperOrigin-RevId: 399245156\nChange-Id: Icacb19d281045033f0976cdd5896c2d25efa99ba"",""distinct"":true,""url"":""https://api.github.com/repos/wxinix/tensorflow/commits/0e255e18310fd048dbf2bae9b39c1f8858c2a78d""}]",,,,,,,,,,
18171603561,IssueCommentEvent,true,2021-09-27 20:42:58.000000 UTC,630936,rth,843222,scikit-learn/scikit-learn,,,,,,,,"""created""",,,,,,,,,
18171579994,PullRequestEvent,true,2021-09-27 20:41:19.000000 UTC,3624098,acdlite,10270250,facebook/react,,,,,,,,"""opened""",22444,,,,,,,,
18171682918,IssueCommentEvent,true,2021-09-27 20:48:27.000000 UTC,266755,jjeffers,4007018,Katello/katello,,,,,,,,"""created""",,,,,,,,,
18171636189,IssueCommentEvent,true,2021-09-27 20:45:14.000000 UTC,56610014,google-ml-butler[bot],45717250,tensorflow/tensorflow,,,,,,,,"""created""",,,,,,,,,
18171667208,PullRequestReviewCommentEvent,true,2021-09-27 20:47:20.000000 UTC,395077,jlsherrill,4007018,Katello/katello,,,,,,,,"""created""",9663,,,,,,,,
18170992023,CreateEvent,true,2021-09-27 20:01:36.000000 UTC,45942572,SiarheiSakharevich,337402726,saby/react,"""21.5100/mergerator/270921_230124""","""branch""","""user""",,,,,,,,,,,,,,
18170978606,PushEvent,true,2021-09-27 20:00:41.000000 UTC,19616653,ArmageddonKnight,204371788,UofT-EcoSystem/tensorflow,"""refs/heads/master""",,,8025695576,4,4,"[{""sha"":""d4c9bbe60cfd67ea4afe252694fb1b51826657ad"",""author"":{""name"":""A. Unique TensorFlower"",""email"":""746aced590a184ef4169166e753f7c211e32e5fc@tensorflow.org""},""message"":""Update TFRT dependency to use revision\nhttp://github.com/tensorflow/runtime/commit/90a1aa9a01d8817b3454d67f7caa69c74e1da59f.\n\nPiperOrigin-RevId: 399246204\nChange-Id: Id1f1fbc7402829395fc6a9d587a610307407135e"",""distinct"":true,""url"":""https://api.github.com/repos/UofT-EcoSystem/tensorflow/commits/d4c9bbe60cfd67ea4afe252694fb1b51826657ad""},{""sha"":""813ef7df7cc3dcd795dfaf04112ed7f41ecc6db3"",""author"":{""name"":""Robert Suderman"",""email"":""9470f930a50588e234b4eac56c2b4e9bd1cb270c@google.com""},""message"":""Fix tfl.shape and tfl.pseudo_const lowering for dynamic shapes\n\nDynamic shapes cannot be converted to a constant during the lowering process.\nAlso, changed the rewriter to occur top down. This works better for shapes\ninference. Pseudo_const also requires a rewriter as they can be generated\nduring canonicalization.\n\nPiperOrigin-RevId: 399251025\nChange-Id: I57ca1ce4fdfd8c56f4c6a90d4fb969904d3dd29d"",""distinct"":true,""url"":""https://api.github.com/repos/UofT-EcoSystem/tensorflow/commits/813ef7df7cc3dcd795dfaf04112ed7f41ecc6db3""},{""sha"":""cbc6864b509e80d7c81722ac7808f55649c01e6b"",""author"":{""name"":""Aden Grue"",""email"":""8b97dad34e6e7244a74f1f2e40ee3b43517e9736@google.com""},""message"":""More clearly document how XLA CPU codegen for intra-op parallelism works\n\nPiperOrigin-RevId: 399254092\nChange-Id: I1eab5526b22b9fec71260e256486a0a4b196622f"",""distinct"":true,""url"":""https://api.github.com/repos/UofT-EcoSystem/tensorflow/commits/cbc6864b509e80d7c81722ac7808f55649c01e6b""},{""sha"":""f63f4c0fb2b4ed0927b00c3c36c6b337f3bd6fd2"",""author"":{""name"":""A. Unique TensorFlower"",""email"":""746aced590a184ef4169166e753f7c211e32e5fc@tensorflow.org""},""message"":""Integrate LLVM at llvm/llvm-project@7789a68e5ab9\n\nUpdates LLVM usage to match\n[7789a68e5ab9](https://github.com/llvm/llvm-project/commit/7789a68e5ab9)\n\nPiperOrigin-RevId: 399257294\nChange-Id: I1f73679677f84c7a41fd4f68a6def20c5ba43dca"",""distinct"":true,""url"":""https://api.github.com/repos/UofT-EcoSystem/tensorflow/commits/f63f4c0fb2b4ed0927b00c3c36c6b337f3bd6fd2""}]",,,,,,,,,,
18171727606,IssueCommentEvent,true,2021-09-27 20:51:33.000000 UTC,630936,rth,843222,scikit-learn/scikit-learn,,,,,,,,"""created""",,,,,,,,,
18171805604,PullRequestEvent,true,2021-09-27 20:57:01.000000 UTC,39814207,pull[bot],375839362,Mement-Mori/moby,,,,,,,,"""closed""",17,,,,,,,,
18171747646,IssueCommentEvent,true,2021-09-27 20:53:01.000000 UTC,4981219,alalek,5108051,opencv/opencv,,,,,,,,"""created""",,,,,,,,,
18171480629,CreateEvent,true,2021-09-27 20:34:19.000000 UTC,1663864,adrinjalali,43740145,adrinjalali/scikit-learn,"""release-update""","""branch""","""user""",,,,,,,,,,,,,,
18171402367,IssueCommentEvent,true,2021-09-27 20:28:52.000000 UTC,3234522,DimitriPapadopoulos,843222,scikit-learn/scikit-learn,,,,,,,,"""created""",,,,,,,,,
18171017034,DeleteEvent,true,2021-09-27 20:03:14.000000 UTC,34700,milmazz,410142064,milmazz/phoenix,"""guides/directory-structure""","""branch""","""user""",,,,,,,,,,,,,,
18171248040,IssueCommentEvent,true,2021-09-27 20:19:01.000000 UTC,117260,seanm,5108051,opencv/opencv,,,,,,,,"""created""",,,,,,,,,
18171436176,PushEvent,true,2021-09-27 20:31:12.000000 UTC,1069779,parthaa,4150075,parthaa/katello,"""refs/heads/refresh""",,,8025902449,1,1,"[{""sha"":""4c0c06e53a9d411970331fd0f0a5b3f68138278a"",""author"":{""name"":""Partha Aji"",""email"":""f1580ee59435d07680e08f585e6382b2c892386d@redhat.com""},""message"":""Fixes #33572 - Refreshes the host statuses on 'built'\n\nDuring a global registration\n1) System is registered to host\n2) The build mode is set to true\n3) Another script runs to set the build mode to false if nothing fails\n\nThis code tracks that time where the hosts' build mode goes from false\n-> true and refreshes the status appropriately."",""distinct"":true,""url"":""https://api.github.com/repos/parthaa/katello/commits/4c0c06e53a9d411970331fd0f0a5b3f68138278a""}]",,,,,,,,,,
18171210959,PushEvent,true,2021-09-27 20:16:28.000000 UTC,56741989,copybara-service[bot],45717250,tensorflow/tensorflow,"""refs/heads/master""",,,8025797586,1,1,"[{""sha"":""67872732c5cd254d2dec73de7f18e517068f4d79"",""author"":{""name"":""Christian Sigg"",""email"":""bf0bb771be8a27677291ada19f594af5450440c6@google.com""},""message"":""Switch to matchAndRewrite() with OpAdaptor.\n\nPiperOrigin-RevId: 399260115\nChange-Id: I171a5f667c44b48d1ee61d2049409b8f7e9a89e3"",""distinct"":true,""url"":""https://api.github.com/repos/tensorflow/tensorflow/commits/67872732c5cd254d2dec73de7f18e517068f4d79""}]",,,,,,,,,,
18171838176,PullRequestEvent,true,2021-09-27 20:59:18.000000 UTC,6425824,josephsavona,10270250,facebook/react,,,,,,,,"""opened""",22445,,,,,,,,
18171005945,DeleteEvent,true,2021-09-27 20:02:31.000000 UTC,34700,milmazz,410142064,milmazz/phoenix,"""guides/plug""","""branch""","""user""",,,,,,,,,,,,,,
18171667205,PullRequestReviewEvent,true,2021-09-27 20:47:21.000000 UTC,395077,jlsherrill,4007018,Katello/katello,,,,,,,,"""created""",9663,,,"""commented""","""MEMBER""",,,,
18171176835,PushEvent,true,2021-09-27 20:14:10.000000 UTC,75435970,danhdeng,377683067,danhdeng/react,"""refs/heads/main""",,,8025784167,1,1,"[{""sha"":""3e9ba8673df98182dfc9539e7a3d95a663979440"",""author"":{""name"":""Dan Deng"",""email"":""fc3db446c632754701a6d2dd03d9569ebf1cd6be@hotmail.com""},""message"":""add react table"",""distinct"":true,""url"":""https://api.github.com/repos/danhdeng/react/commits/3e9ba8673df98182dfc9539e7a3d95a663979440""}]",,,,,,,,,,
18171310774,CreateEvent,true,2021-09-27 20:23:06.000000 UTC,6425824,josephsavona,410969971,josephsavona/react,"""remove-usereducer-eager-bailout""","""branch""","""user""",,,,,,,,,,,,,,
18171454774,IssueCommentEvent,true,2021-09-27 20:32:30.000000 UTC,69426460,MaxmaxmaximusAWS,10270250,facebook/react,,,,,,,,"""created""",,,,,,,,,
18171069702,PullRequestEvent,true,2021-09-27 20:06:44.000000 UTC,39814207,pull[bot],398424265,r0ck3rt/terraform,,,,,,,,"""opened""",27,,,,,,,,
18171418028,IssueCommentEvent,true,2021-09-27 20:29:58.000000 UTC,208217,GaelVaroquaux,843222,scikit-learn/scikit-learn,,,,,,,,"""created""",,,,,,,,,
18171636752,DeleteEvent,true,2021-09-27 20:45:16.000000 UTC,49699333,dependabot[bot],33588858,rocknrollMarc/react,"""dependabot/bundler/nokogiri-1.11.4""","""branch""","""user""",,,,,,,,,,,,,,
18171548495,PushEvent,true,2021-09-27 20:39:04.000000 UTC,6425824,josephsavona,410969971,josephsavona/react,"""refs/heads/remove-usereducer-eager-bailout""",,,8025954937,1,1,"[{""sha"":""27048d2841085a9fd8491e52667ee75400ae58e1"",""author"":{""name"":""Joe Savona"",""email"":""6977263c73bf2ae00930eec9b50ebede3b695164@fb.com""},""message"":""Remove eager bailout from forked dispatchReducerAction, update tests"",""distinct"":true,""url"":""https://api.github.com/repos/josephsavona/react/commits/27048d2841085a9fd8491e52667ee75400ae58e1""}]",,,,,,,,,,
18171278556,CreateEvent,true,2021-09-27 20:21:05.000000 UTC,21195,jfuchs,121814210,primer/react,"""jfuchs/avatar-stack""","""branch""","""user""",,,,,,,,,,,,,,
18171524035,WatchEvent,true,2021-09-27 20:37:17.000000 UTC,190464,simondean,4576305,openzipkin/zipkin,,,,,,,,"""started""",,,,,,,,,
18171416848,CreateEvent,true,2021-09-27 20:29:53.000000 UTC,35934542,EvangelosKolimitras,291516832,EvangelosKolimitras/react,"""snyk-fix-ec7d9b411703f34a4145cdb8d220ee29""","""branch""","""user""",,,,,,,,,,,,,,
18171636585,PullRequestEvent,true,2021-09-27 20:45:15.000000 UTC,49699333,dependabot[bot],33588858,rocknrollMarc/react,,,,,,,,"""closed""",5,,,,,,,,
18171502579,WatchEvent,true,2021-09-27 20:35:49.000000 UTC,77934538,Mamta-9912,10270250,facebook/react,,,,,,,,"""started""",,,,,,,,,
18171675626,IssueCommentEvent,true,2021-09-27 20:47:56.000000 UTC,2223602,drcmda,10270250,facebook/react,,,,,,,,"""created""",,,,,,,,,
18171766543,PullRequestEvent,true,2021-09-27 20:54:21.000000 UTC,20180,apparentlymart,17728164,hashicorp/terraform,,,,,,,,"""opened""",29660,,,,,,,,
18171045563,DeleteEvent,true,2021-09-27 20:05:05.000000 UTC,49699333,dependabot[bot],369384070,dedsec-9/terraform,"""dependabot/go_modules/github.com/likexian/gokit-0.25.3""","""branch""","""user""",,,,,,,,,,,,,,
18171415052,PullRequestEvent,true,2021-09-27 20:29:45.000000 UTC,19733683,snyk-bot,291516832,EvangelosKolimitras/react,,,,,,,,"""opened""",42,,,,,,,,
18171669143,PushEvent,true,2021-09-27 20:47:29.000000 UTC,335567,Carreau,2344073,Carreau/ipython,"""refs/heads/pdbskip""",,,8026010368,1,1,"[{""sha"":""97b7cd0a9c8a8c20edd6d306dff2bdaa09287138"",""author"":{""name"":""Matthias Bussonnier"",""email"":""bc6ce7c050ee90e1f3b70c16cec57d4205e63b6c@gmail.com""},""message"":""Allow decorator frames to be marked as skippable.\n\nWhen done so, by default pdb will step over those frames and directly\ninto the decorated functions.\n\n    >>> def helper_1():\n    ...     print(\""don't step in me\"")\n    ...\n    ...\n    ... def helper_2():\n    ...     print(\""in me neither\"")\n    ...\n\nOne can define a decorator that wrap a function between the two helpers:\n\n    >>> def pdb_skipped_decorator(function):\n    ...\n    ...\n    ...     def wrapped_fn(*args, **kwargs):\n    ...         __debuggerskip__ = True\n    ...         helper_1()\n    ...         __debuggerskip__ = False\n    ...         result = function(*args, **kwargs)\n    ...         __debuggerskip__ = True\n    ...         helper_2()\n    ...         return result\n    ...\n    ...     return wrapped_fn\n\nWhen decorating a function, ipdb will directly step into ``bar()`` by\ndefault:\n\n    >>> @foo_decorator\n    ... def bar(x, y):\n    ...     return x * y\n\nYou can toggle the behavior with\n\n    ipdb> skip_predicates debuggerskip False\n\nor configure it in your ``.pdbrc``"",""distinct"":true,""url"":""https://api.github.com/repos/Carreau/ipython/commits/97b7cd0a9c8a8c20edd6d306dff2bdaa09287138""}]",,,,,,,,,,
18171371844,PullRequestEvent,true,2021-09-27 20:26:49.000000 UTC,39814207,pull[bot],109461673,next-stack/moby,,,,,,,,"""closed""",1300,,,,,,,,
18171433785,PullRequestEvent,true,2021-09-27 20:31:02.000000 UTC,21195,jfuchs,121814210,primer/react,,,,,,,,"""opened""",1468,,,,,,,,
18171100617,PushEvent,true,2021-09-27 20:08:50.000000 UTC,39814207,pull[bot],398424265,r0ck3rt/terraform,"""refs/heads/main""",,,8025749871,2,2,"[{""sha"":""cac1f5c2641bb21d3e14a570dc10ff01801cf459"",""author"":{""name"":""James Bardin"",""email"":""62973226c85cb5a1996aaed2ce372ac02dcad8b7@gmail.com""},""message"":""refactoring: exhaustive NestedWithin checks\n\nWhen checking dependencies between statements, we need to check all\ncombinations of To and From addresses."",""distinct"":true,""url"":""https://api.github.com/repos/r0ck3rt/terraform/commits/cac1f5c2641bb21d3e14a570dc10ff01801cf459""},{""sha"":""372814e49ad7d210eb5fb00a8764f1e8a7f3caa7"",""author"":{""name"":""James Bardin"",""email"":""62973226c85cb5a1996aaed2ce372ac02dcad8b7@gmail.com""},""message"":""Merge pull request #29659 from hashicorp/jbardin/really-nested-within\n\nrefactoring: exhaustive NestedWithin checks"",""distinct"":true,""url"":""https://api.github.com/repos/r0ck3rt/terraform/commits/372814e49ad7d210eb5fb00a8764f1e8a7f3caa7""}]",,,,,,,,,,
18171842703,PullRequestReviewEvent,true,2021-09-27 20:59:38.000000 UTC,3104489,smockle,121814210,primer/react,,,,,,,,"""created""",1468,,,"""approved""","""MEMBER""",,,,
18170991878,DeleteEvent,true,2021-09-27 20:01:35.000000 UTC,45942572,SiarheiSakharevich,337402726,saby/react,"""21.5100/mergerator/270921_230124""","""branch""","""user""",,,,,,,,,,,,,,
18171004720,PushEvent,true,2021-09-27 20:02:27.000000 UTC,56741989,copybara-service[bot],45717250,tensorflow/tensorflow,"""refs/heads/master""",,,8025705263,1,1,"[{""sha"":""5d4ceac29cdd2d11a79dc38ec444574a38c6b24a"",""author"":{""name"":""Alexander Belyaev"",""email"":""a33a2701f6790f0a44360bcc1a194138e928e0d3@google.com""},""message"":""[tfrt:jit] Add cwise codegen to TF CPURT pipeline.\n\nMerge `codegen_reduction` & `codegen_cwise` flags into one, because we are\nmoving towards using CodegenStrategy(Driver) that will drive IR transformations\nfor all Linalg-based ops.\n\nPiperOrigin-RevId: 399259676\nChange-Id: I524f47f4c5e1a63e915fad817a0016edef250743"",""distinct"":true,""url"":""https://api.github.com/repos/tensorflow/tensorflow/commits/5d4ceac29cdd2d11a79dc38ec444574a38c6b24a""}]",,,,,,,,,,
18171256527,PushEvent,true,2021-09-27 20:19:36.000000 UTC,29714803,FranklynVidal,410800869,FranklynVidal/terraform,"""refs/heads/master""",,,8025820489,1,1,"[{""sha"":""f29b9f67ffc5b95a2b9c5d5d57814fa477db729c"",""author"":{""name"":""Franklyn"",""email"":""22ccab1c00b1e84ae9537531a4a7ad30051a97e6@gmail.com""},""message"":""Update terraform.yml"",""distinct"":true,""url"":""https://api.github.com/repos/FranklynVidal/terraform/commits/f29b9f67ffc5b95a2b9c5d5d57814fa477db729c""}]",,,,,,,,,,
18171588817,PullRequestReviewCommentEvent,true,2021-09-27 20:41:56.000000 UTC,15324633,lorentzenchr,843222,scikit-learn/scikit-learn,,,,,,,,"""created""",21130,,,,,,,,
18171460563,PullRequestEvent,true,2021-09-27 20:32:55.000000 UTC,39814207,pull[bot],384158517,sanketshah19/react,,,,,,,,"""closed""",96,,,,,,,,
18171642431,IssueCommentEvent,true,2021-09-27 20:45:39.000000 UTC,43185848,sizebot,10270250,facebook/react,,,,,,,,"""created""",,,,,,,,,
18171045316,PullRequestEvent,true,2021-09-27 20:05:04.000000 UTC,49699333,dependabot[bot],369384070,dedsec-9/terraform,,,,,,,,"""closed""",7,,,,,,,,
18171636311,IssueCommentEvent,true,2021-09-27 20:45:14.000000 UTC,49699333,dependabot[bot],33588858,rocknrollMarc/react,,,,,,,,"""created""",,,,,,,,,
18171328413,PushEvent,true,2021-09-27 20:24:08.000000 UTC,1069779,parthaa,4150075,parthaa/katello,"""refs/heads/refresh""",,,8025852660,1,1,"[{""sha"":""017fff0cee9ece6f21d4b1ce21dc482e989fc2e6"",""author"":{""name"":""Partha Aji"",""email"":""f1580ee59435d07680e08f585e6382b2c892386d@redhat.com""},""message"":""Fixes #33572 - Refreshes the host statuses on 'built'\n\nDuring a global registration\n1) System is registered to host\n2) The build mode is set to true\n3) Another script runs to set the build mode to false if nothing fails\n\nThis code tracks that time where the hosts' build mode goes from false\n-> true and refreshes the status appropriately."",""distinct"":true,""url"":""https://api.github.com/repos/parthaa/katello/commits/017fff0cee9ece6f21d4b1ce21dc482e989fc2e6""}]",,,,,,,,,,
18171249429,PullRequestReviewEvent,true,2021-09-27 20:19:06.000000 UTC,2538739,cantonios,45717250,tensorflow/tensorflow,,,,,,,,"""created""",52111,,,"""approved""","""CONTRIBUTOR""",,,,
18171417842,IssueCommentEvent,true,2021-09-27 20:29:57.000000 UTC,69426460,MaxmaxmaximusAWS,10270250,facebook/react,,,,,,,,"""created""",,,,,,,,,
18171702847,PushEvent,true,2021-09-27 20:49:52.000000 UTC,17902018,ntayachi,355476235,ntayachi/terraform,"""refs/heads/main""",,,8026025403,1,1,"[{""sha"":""c763bf50c40e1c510e6b7c03420e4f5880347bc4"",""author"":{""name"":""ntayachi"",""email"":""8ed81416ec1adb2ee5a2a0140719d86c046478bb@gmail.com""},""message"":""add Lambda based on ECR image exposed via API Gateway"",""distinct"":true,""url"":""https://api.github.com/repos/ntayachi/terraform/commits/c763bf50c40e1c510e6b7c03420e4f5880347bc4""}]",,,,,,,,,,
18171351979,PushEvent,true,2021-09-27 20:25:32.000000 UTC,29714803,FranklynVidal,410800869,FranklynVidal/terraform,"""refs/heads/master""",,,8025863282,1,1,"[{""sha"":""278acb5318e14b1821e1d99a7b67cfd5454f24f3"",""author"":{""name"":""Franklyn"",""email"":""22ccab1c00b1e84ae9537531a4a7ad30051a97e6@gmail.com""},""message"":""Update terraform.yml"",""distinct"":true,""url"":""https://api.github.com/repos/FranklynVidal/terraform/commits/278acb5318e14b1821e1d99a7b67cfd5454f24f3""}]",,,,,,,,,,
18171460413,PushEvent,true,2021-09-27 20:32:55.000000 UTC,39814207,pull[bot],384158517,sanketshah19/react,"""refs/heads/main""",,,8025914074,5,5,"[{""sha"":""c9d64e5f4c2b7cc70a618eec78900dbfd6d201e8"",""author"":{""name"":""Behnam Mohammadi"",""email"":""e60bfd15efa0ef0d0b5be4cda8700dbcfca0b68a@live.com""},""message"":""add hasOwnProperty to devTools backend (#22437)"",""distinct"":true,""url"":""https://api.github.com/repos/sanketshah19/react/commits/c9d64e5f4c2b7cc70a618eec78900dbfd6d201e8""},{""sha"":""05726d72ccd3940a927462d520d0d2674012ad85"",""author"":{""name"":""Andrew Clark"",""email"":""46f1a0bd5592a2f9244ca321b129902a06b53e03@andrewclark.io""},""message"":""[Fix] Errors should not \""unsuspend\"" a transition (#22423)\n\nIf an error is thrown during a transition where we would have otherwise\r\nsuspended without showing a fallback (i.e. during a refresh), we should\r\nstill suspend.\r\n\r\nThe current behavior is that the error will force the fallback to\r\nappear, even if it's completely unrelated to the component that errored,\r\nwhich breaks the contract of `startTransition`."",""distinct"":true,""url"":""https://api.github.com/repos/sanketshah19/react/commits/05726d72ccd3940a927462d520d0d2674012ad85""},{""sha"":""c88fb49d37fd01024e0a254a37b7810d107bdd1d"",""author"":{""name"":""Justin Grant"",""email"":""8d98433eeba340cfbd8ad789949e75dfb0df2bb3@users.noreply.github.com""},""message"":""Improve DEV errors if string coercion throws (Temporal.*, Symbol, etc.) (#22064)\n\n* Revise ESLint rules for string coercion\r\n\r\nCurrently, react uses `'' + value` to coerce mixed values to strings.\r\nThis code will throw for Temporal objects or symbols.\r\n\r\nTo make string-coercion safer and to improve user-facing error messages,\r\nThis commit adds a new ESLint rule called `safe-string-coercion`.\r\n\r\nThis rule has two modes: a production mode and a non-production mode.\r\n* If the `isProductionUserAppCode` option is true, then `'' + value`\r\n  coercions are allowed (because they're faster, although they may\r\n  throw) and `String(value)` coercions are disallowed. Exception:\r\n  when building error messages or running DEV-only code in prod\r\n  files, `String()` should be used because it won't throw.\r\n* If the `isProductionUserAppCode` option is false, then `'' + value`\r\n  coercions are disallowed (because they may throw, and in non-prod\r\n  code it's not worth the risk) and `String(value)` are allowed.\r\n\r\nProduction mode is used for all files which will be bundled with\r\ndevelopers' userland apps. Non-prod mode is used for all other React\r\ncode: tests, DEV blocks, devtools extension, etc.\r\n\r\nIn production mode, in addiiton to flagging `String(value)` calls,\r\nthe rule will also flag `'' + value` or `value + ''` coercions that may\r\nthrow. The rule is smart enough to silence itself in the following\r\n\""will never throw\"" cases:\r\n* When the coercion is wrapped in a `typeof` test that restricts to safe\r\n  (non-symbol, non-object) types. Example:\r\n    if (typeof value === 'string' || typeof value === 'number') {\r\n      thisWontReport('' + value);\r\n    }\r\n* When what's being coerced is a unary function result, because unary\r\n   functions never return an object or a symbol.\r\n* When the coerced value is a commonly-used numeric identifier:\r\n  `i`, `idx`, or `lineNumber`.\r\n* When the statement immeidately before the coercion is a DEV-only\r\n  call to a function from shared/CheckStringCoercion.js. This call is a\r\n  no-op in production, but in DEV it will show a console error\r\n  explaining the problem, then will throw right after a long explanatory\r\n  code comment so that debugger users will have an idea what's going on.\r\n  The check function call must be in the following format:\r\n    if (__DEV__) {\r\n      checkXxxxxStringCoercion(value);\r\n    };\r\n\r\nManually disabling the rule is usually not necessary because almost all\r\nprod use of the `'' + value` pattern falls into one of the categories\r\nabove. But in the rare cases where the rule isn't smart enough to detect\r\nsafe usage (e.g. when a coercion is inside a nested ternary operator),\r\nmanually disabling the rule will be needed.\r\n\r\nThe rule should also be manually disabled in prod error handling code\r\nwhere `String(value)` should be used for coercions, because it'd be\r\nbad to throw while building an error message or stack trace!\r\n\r\nThe prod and non-prod modes have differentiated error messages to\r\nexplain how to do a proper coercion in that mode.\r\n\r\nIf a production check call is needed but is missing or incorrect\r\n(e.g. not in a DEV block or not immediately before the coercion), then\r\na context-sensitive error message will be reported so that developers\r\ncan figure out what's wrong and how to fix the problem.\r\n\r\nBecause string coercions are now handled by the `safe-string-coercion`\r\nrule, the `no-primitive-constructor` rule no longer flags `String()`\r\nusage. It still flags `new String(value)` because that usage is almost\r\nalways a bug.\r\n\r\n* Add DEV-only string coercion check functions\r\n\r\nThis commit adds DEV-only functions to check whether coercing\r\nvalues to strings using the `'' + value` pattern will throw. If it will\r\nthrow, these functions will:\r\n1. Display a console error with a friendly error message describing\r\n   the problem and the developer can fix it.\r\n2. Perform the coercion, which will throw. Right before the line where\r\n   the throwing happens, there's a long code comment that will help\r\n   debugger users (or others looking at the exception call stack) figure\r\n   out what happened and how to fix the problem.\r\n\r\nOne of these check functions should be called before all string coercion\r\nof user-provided values, except when the the coercion is guaranteed not\r\nto throw, e.g.\r\n* if inside a typeof check like `if (typeof value === 'string')`\r\n* if coercing the result of a unary function like `+value` or `value++`\r\n* if coercing a variable named in a whitelist of numeric identifiers:\r\n  `i`, `idx`, or `lineNumber`.\r\n\r\nThe new `safe-string-coercion` internal ESLint rule enforces that\r\nthese check functions are called when they are required.\r\n\r\nOnly use these check functions in production code that will be bundled\r\nwith user apps.  For non-prod code (and for production error-handling\r\ncode), use `String(value)` instead which may be a little slower but will\r\nnever throw.\r\n\r\n* Add failing tests for string coercion\r\n\r\nAdded failing tests to verify:\r\n* That input, select, and textarea elements with value and defaultValue\r\n  set to Temporal-like objects which will throw when coerced to string\r\n  using the `'' + value` pattern.\r\n* That text elements will throw for Temporal-like objects\r\n* That dangerouslySetInnerHTML will *not* throw for Temporal-like\r\n  objects because this value is not cast to a string before passing to\r\n  the DOM.\r\n* That keys that are Temporal-like objects will throw\r\n\r\nAll tests above validate the friendly error messages thrown.\r\n\r\n* Use `String(value)` for coercion in non-prod files\r\n\r\nThis commit switches non-production code from `'' + value` (which\r\nthrows for Temporal objects and symbols) to instead use `String(value)`\r\nwhich won't throw for these or other future plus-phobic types.\r\n\r\n\""Non-produciton code\"" includes anything not bundled into user apps:\r\n* Tests and test utilities. Note that I didn't change legacy React\r\n  test fixtures because I assumed it was good for those files to\r\n  act just like old React, including coercion behavior.\r\n* Build scripts\r\n* Dev tools package - In addition to switching to `String`, I also\r\n  removed special-case code for coercing symbols which is now\r\n  unnecessary.\r\n\r\n* Add DEV-only string coercion checks to prod files\r\n\r\nThis commit adds DEV-only function calls to to check if string coercion\r\nusing `'' + value` will throw, which it will if the value is a Temporal\r\nobject or a symbol because those types can't be added with `+`.\r\n\r\nIf it will throw, then in DEV these checks will show a console error\r\nto help the user undertsand what went wrong and how to fix the\r\nproblem. After emitting the console error, the check functions will\r\nretry the coercion which will throw with a call stack that's easy (or\r\nat least easier!) to troubleshoot because the exception happens right\r\nafter a long comment explaining the issue. So whether the user is in\r\na debugger, looking at the browser console, or viewing the in-browser\r\nDEV call stack, it should be easy to understand and fix the problem.\r\n\r\nIn most cases, the safe-string-coercion ESLint rule is smart enough to\r\ndetect when a coercion is safe. But in rare cases (e.g. when a coercion\r\nis inside a ternary) this rule will have to be manually disabled.\r\n\r\nThis commit also switches error-handling code to use `String(value)`\r\nfor coercion, because it's bad to crash when you're trying to build\r\nan error message or a call stack!  Because `String()` is usually\r\ndisallowed by the `safe-string-coercion` ESLint rule in production\r\ncode, the rule must be disabled when `String()` is used."",""distinct"":true,""url"":""https://api.github.com/repos/sanketshah19/react/commits/c88fb49d37fd01024e0a254a37b7810d107bdd1d""},{""sha"":""2e41568313620ab564425be7e5d777581e2db5d4"",""author"":{""name"":""Brian Vaughn"",""email"":""59942a8ec08225673b377c556396ca24baabd1b2@fb.com""},""message"":""DevTools encoding supports multibyte characters (e.g. \""🟩\"") (#22424)\n\nChanges our text encoding approach to properly support multibyte characters following this algorithm. Based on benchmarking, this new approach is roughly equivalent in terms of performance (sometimes slightly faster, sometimes slightly slower).\r\n\r\nI also considered using TextEncoder/TextDecoder for this, but it was much slower (~85%)."",""distinct"":true,""url"":""https://api.github.com/repos/sanketshah19/react/commits/2e41568313620ab564425be7e5d777581e2db5d4""},{""sha"":""2cc6d79c98bcd1b17b83c47de29895342db5caeb"",""author"":{""name"":""Sebastian Markbåge"",""email"":""8a279ae1320350359ecfec7a379763633f1edc4c@fb.com""},""message"":""Rename onReadyToStream to onCompleteShell (#22443)"",""distinct"":true,""url"":""https://api.github.com/repos/sanketshah19/react/commits/2cc6d79c98bcd1b17b83c47de29895342db5caeb""}]",,,,,,,,,,
18171636106,CreateEvent,true,2021-09-27 20:45:14.000000 UTC,49699333,dependabot[bot],33588858,rocknrollMarc/react,"""dependabot/bundler/nokogiri-1.12.5""","""branch""","""user""",,,,,,,,,,,,,,
18171044835,PullRequestEvent,true,2021-09-27 20:05:02.000000 UTC,49699333,dependabot[bot],369384070,dedsec-9/terraform,,,,,,,,"""opened""",8,,,,,,,,
18171414483,PushEvent,true,2021-09-27 20:29:43.000000 UTC,33287473,yanlilong,409739219,yanlilong/moby,"""refs/heads/moby-test""",,,8025892405,1,1,"[{""sha"":""1ae7a89d7b7a25a839b07f5344ea8bb767794e29"",""author"":{""name"":""yan li"",""email"":""b9058252a59808e69eb5c6d1397c38aa16500f6f@outlook.com""},""message"":""first commit"",""distinct"":true,""url"":""https://api.github.com/repos/yanlilong/moby/commits/1ae7a89d7b7a25a839b07f5344ea8bb767794e29""}]",,,,,,,,,,
18171620446,PullRequestReviewEvent,true,2021-09-27 20:44:08.000000 UTC,63648,sebmarkbage,10270250,facebook/react,,,,,,,,"""created""",22444,,,"""approved""","""MEMBER""",,,,
18171815950,PushEvent,true,2021-09-27 20:57:42.000000 UTC,3624098,acdlite,45281256,acdlite/react,"""refs/heads/unmount-sync""",,,8026076521,1,1,"[{""sha"":""8cb21aa32487d430dd8a7f1d5df7d470b8a84163"",""author"":{""name"":""Andrew Clark"",""email"":""46f1a0bd5592a2f9244ca321b129902a06b53e03@andrewclark.io""},""message"":""Make root.unmount() synchronous\n\nWhen you unmount a root, the internal state that React stores on the\nDOM node is immediately cleared. So, we should also synchronously\ndelete the React tree. You should be able to create a new root using\nthe same container."",""distinct"":true,""url"":""https://api.github.com/repos/acdlite/react/commits/8cb21aa32487d430dd8a7f1d5df7d470b8a84163""}]",,,,,,,,,,
18171431420,PullRequestEvent,true,2021-09-27 20:30:52.000000 UTC,39814207,pull[bot],384158517,sanketshah19/react,,,,,,,,"""opened""",96,,,,,,,,
18171769025,WatchEvent,true,2021-09-27 20:54:32.000000 UTC,15796607,maxie7,16072585,phoenixframework/phoenix,,,,,,,,"""started""",,,,,,,,,
18171096537,PushEvent,true,2021-09-27 20:08:34.000000 UTC,41898282,github-actions[bot],159692533,smalltalkman/tensorflow,"""refs/heads/master""",,,8025748149,5,5,"[{""sha"":""d4c9bbe60cfd67ea4afe252694fb1b51826657ad"",""author"":{""name"":""A. Unique TensorFlower"",""email"":""746aced590a184ef4169166e753f7c211e32e5fc@tensorflow.org""},""message"":""Update TFRT dependency to use revision\nhttp://github.com/tensorflow/runtime/commit/90a1aa9a01d8817b3454d67f7caa69c74e1da59f.\n\nPiperOrigin-RevId: 399246204\nChange-Id: Id1f1fbc7402829395fc6a9d587a610307407135e"",""distinct"":true,""url"":""https://api.github.com/repos/smalltalkman/tensorflow/commits/d4c9bbe60cfd67ea4afe252694fb1b51826657ad""},{""sha"":""813ef7df7cc3dcd795dfaf04112ed7f41ecc6db3"",""author"":{""name"":""Robert Suderman"",""email"":""9470f930a50588e234b4eac56c2b4e9bd1cb270c@google.com""},""message"":""Fix tfl.shape and tfl.pseudo_const lowering for dynamic shapes\n\nDynamic shapes cannot be converted to a constant during the lowering process.\nAlso, changed the rewriter to occur top down. This works better for shapes\ninference. Pseudo_const also requires a rewriter as they can be generated\nduring canonicalization.\n\nPiperOrigin-RevId: 399251025\nChange-Id: I57ca1ce4fdfd8c56f4c6a90d4fb969904d3dd29d"",""distinct"":true,""url"":""https://api.github.com/repos/smalltalkman/tensorflow/commits/813ef7df7cc3dcd795dfaf04112ed7f41ecc6db3""},{""sha"":""cbc6864b509e80d7c81722ac7808f55649c01e6b"",""author"":{""name"":""Aden Grue"",""email"":""8b97dad34e6e7244a74f1f2e40ee3b43517e9736@google.com""},""message"":""More clearly document how XLA CPU codegen for intra-op parallelism works\n\nPiperOrigin-RevId: 399254092\nChange-Id: I1eab5526b22b9fec71260e256486a0a4b196622f"",""distinct"":true,""url"":""https://api.github.com/repos/smalltalkman/tensorflow/commits/cbc6864b509e80d7c81722ac7808f55649c01e6b""},{""sha"":""f63f4c0fb2b4ed0927b00c3c36c6b337f3bd6fd2"",""author"":{""name"":""A. Unique TensorFlower"",""email"":""746aced590a184ef4169166e753f7c211e32e5fc@tensorflow.org""},""message"":""Integrate LLVM at llvm/llvm-project@7789a68e5ab9\n\nUpdates LLVM usage to match\n[7789a68e5ab9](https://github.com/llvm/llvm-project/commit/7789a68e5ab9)\n\nPiperOrigin-RevId: 399257294\nChange-Id: I1f73679677f84c7a41fd4f68a6def20c5ba43dca"",""distinct"":true,""url"":""https://api.github.com/repos/smalltalkman/tensorflow/commits/f63f4c0fb2b4ed0927b00c3c36c6b337f3bd6fd2""},{""sha"":""5d4ceac29cdd2d11a79dc38ec444574a38c6b24a"",""author"":{""name"":""Alexander Belyaev"",""email"":""a33a2701f6790f0a44360bcc1a194138e928e0d3@google.com""},""message"":""[tfrt:jit] Add cwise codegen to TF CPURT pipeline.\n\nMerge `codegen_reduction` & `codegen_cwise` flags into one, because we are\nmoving towards using CodegenStrategy(Driver) that will drive IR transformations\nfor all Linalg-based ops.\n\nPiperOrigin-RevId: 399259676\nChange-Id: I524f47f4c5e1a63e915fad817a0016edef250743"",""distinct"":true,""url"":""https://api.github.com/repos/smalltalkman/tensorflow/commits/5d4ceac29cdd2d11a79dc38ec444574a38c6b24a""}]",,,,,,,,,,
18171045157,CreateEvent,true,2021-09-27 20:05:03.000000 UTC,49699333,dependabot[bot],369384070,dedsec-9/terraform,"""dependabot/go_modules/github.com/likexian/gokit-0.25.4""","""branch""","""user""",,,,,,,,,,,,,,
18171274618,WatchEvent,true,2021-09-27 20:20:49.000000 UTC,2378274,monsieurnebo,135786093,typescript-cheatsheets/react,,,,,,,,"""started""",,,,,,,,,
18171106686,PushEvent,true,2021-09-27 20:09:15.000000 UTC,56741989,copybara-service[bot],45717250,tensorflow/tensorflow,"""refs/heads/master""",,,8025750730,1,1,"[{""sha"":""f7e71772dd037fec7170de0bfc9df7021ddbd734"",""author"":{""name"":""A. Unique TensorFlower"",""email"":""746aced590a184ef4169166e753f7c211e32e5fc@tensorflow.org""},""message"":""Update TFRT dependency to use revision\nhttp://github.com/tensorflow/runtime/commit/71ea641a6e589dff7adbf52b1bc93e1b2cffab83.\n\nPiperOrigin-RevId: 399259790\nChange-Id: I175f9c8dea175042b2735669a0c01aa1b920bb37"",""distinct"":true,""url"":""https://api.github.com/repos/tensorflow/tensorflow/commits/f7e71772dd037fec7170de0bfc9df7021ddbd734""}]",,,,,,,,,,
18171467185,CreateEvent,true,2021-09-27 20:33:24.000000 UTC,49699333,dependabot[bot],25396906,dunyakirkali/kuma,"""dependabot/bundler/nokogiri-1.12.5""","""branch""","""user""",,,,,,,,,,,,,,
18171412257,PushEvent,true,2021-09-27 20:29:33.000000 UTC,335567,Carreau,2344073,Carreau/ipython,"""refs/heads/pdbskip""",,,8025891350,1,1,"[{""sha"":""30c97e6a3eba8e21aa1784b1faec5b078bb8bf4b"",""author"":{""name"":""Matthias Bussonnier"",""email"":""bc6ce7c050ee90e1f3b70c16cec57d4205e63b6c@gmail.com""},""message"":""dont import ipdb"",""distinct"":true,""url"":""https://api.github.com/repos/Carreau/ipython/commits/30c97e6a3eba8e21aa1784b1faec5b078bb8bf4b""}]",,,,,,,,,,
18171778455,IssueCommentEvent,true,2021-09-27 20:55:09.000000 UTC,208217,GaelVaroquaux,843222,scikit-learn/scikit-learn,,,,,,,,"""created""",,,,,,,,,
18171089871,PushEvent,true,2021-09-27 20:08:07.000000 UTC,7650812,brunosantanati,410933274,brunosantanati/terraform,"""refs/heads/main""",,,8025745195,1,1,"[{""sha"":""21c7fe69a9259c59afc24b73249b2949648135b8"",""author"":{""name"":""Bruno Rafael Sant Ana"",""email"":""98185e55ca25190d3f323410552f777fdfe5c2b4@gmail.com""},""message"":""Quebrar em 2 arquivos (security group em arquivo separado)."",""distinct"":true,""url"":""https://api.github.com/repos/brunosantanati/terraform/commits/21c7fe69a9259c59afc24b73249b2949648135b8""}]",,,,,,,,,,
18171502794,PullRequestEvent,true,2021-09-27 20:35:50.000000 UTC,1663864,adrinjalali,843222,scikit-learn/scikit-learn,,,,,,,,"""opened""",21172,,,,,,,,
18171011830,DeleteEvent,true,2021-09-27 20:02:53.000000 UTC,34700,milmazz,410142064,milmazz/phoenix,"""guides/request_lifecycle""","""branch""","""user""",,,,,,,,,,,,,,
18171527385,ForkEvent,true,2021-09-27 20:37:32.000000 UTC,999431,Devon-Olivier,16072585,phoenixframework/phoenix,,,,,,,,,,"""Devon-Olivier/phoenix""",,,,,,,
18171588798,PullRequestReviewEvent,true,2021-09-27 20:41:57.000000 UTC,15324633,lorentzenchr,843222,scikit-learn/scikit-learn,,,,,,,,"""created""",21130,,,"""commented""","""MEMBER""",,,,
18171805412,PushEvent,true,2021-09-27 20:57:00.000000 UTC,39814207,pull[bot],375839362,Mement-Mori/moby,"""refs/heads/master""",,,8026071731,5,5,"[{""sha"":""ec9c8545f8408e747f283a33d4552187f6cec13f"",""author"":{""name"":""Sebastiaan van Stijn"",""email"":""64b2b6d12bfe4baae7dad3d018f8cbf6b0e7a044@gone.nl""},""message"":""Makefile: remove passing proxy env-vars\n\nDocker 17.07 and up allow the CLI to be configured to set default proxy\nenv-vars to be used (both as build-arg and as env for docker run), see\ndocker/cli#93, so setting these here should be redundant. If someone\nneeds these env-vars set, they should be configured in the cli's\n`~/.docker/config.json` instead.\n\nSigned-off-by: Sebastiaan van Stijn <github@gone.nl>"",""distinct"":true,""url"":""https://api.github.com/repos/Mement-Mori/moby/commits/ec9c8545f8408e747f283a33d4552187f6cec13f""},{""sha"":""b954e4793bd204c847b271545af4f19f145d4e54"",""author"":{""name"":""Sebastiaan van Stijn"",""email"":""64b2b6d12bfe4baae7dad3d018f8cbf6b0e7a044@gone.nl""},""message"":""Dockerfile: move installers into Dockerfile\n\nThis moves installers that are only used during CI into the Dockerfile. Some\ninstallers are still used in the release-pipeline, so keeping thos for now.\n\nSigned-off-by: Sebastiaan van Stijn <github@gone.nl>"",""distinct"":true,""url"":""https://api.github.com/repos/Mement-Mori/moby/commits/b954e4793bd204c847b271545af4f19f145d4e54""},{""sha"":""ce715505bd4bf52a6c0f934672e872d70e892f5b"",""author"":{""name"":""Sebastiaan van Stijn"",""email"":""64b2b6d12bfe4baae7dad3d018f8cbf6b0e7a044@gone.nl""},""message"":""Dockerfile: update test-registries to released versions\n\n- using v2.1.0 for the \""v1\"" registry (last release with only v1)\n- using v2.3.0 as \""current\"" version (was v2.3.0-rc.0)\n\nSigned-off-by: Sebastiaan van Stijn <github@gone.nl>"",""distinct"":true,""url"":""https://api.github.com/repos/Mement-Mori/moby/commits/ce715505bd4bf52a6c0f934672e872d70e892f5b""},{""sha"":""4145c81d8271eceab65e4600ebdce7d1421b337e"",""author"":{""name"":""Sebastiaan van Stijn"",""email"":""2b34a3e3e055981c6c83bcd4f9afd06751b4ac0e@users.noreply.github.com""},""message"":""Merge pull request #42880 from thaJeztah/makefile_proxy_vars\n\nMakefile: remove passing proxy env-vars"",""distinct"":true,""url"":""https://api.github.com/repos/Mement-Mori/moby/commits/4145c81d8271eceab65e4600ebdce7d1421b337e""},{""sha"":""306fa44b7ca59282dc8695e6d169c5b25698d0cb"",""author"":{""name"":""Akihiro Suda"",""email"":""10ddef0dea2a66ab193b07198faa879adcb213d8@hco.ntt.co.jp""},""message"":""Merge pull request #42881 from thaJeztah/dockerfile_rewrite\n\nDockerfile: move installers into Dockerfile, and update registry versions"",""distinct"":true,""url"":""https://api.github.com/repos/Mement-Mori/moby/commits/306fa44b7ca59282dc8695e6d169c5b25698d0cb""}]",,,,,,,,,,
18171507826,IssueCommentEvent,true,2021-09-27 20:36:11.000000 UTC,4981219,alalek,5108051,opencv/opencv,,,,,,,,"""created""",,,,,,,,,
18171100812,PullRequestEvent,true,2021-09-27 20:08:51.000000 UTC,39814207,pull[bot],398424265,r0ck3rt/terraform,,,,,,,,"""closed""",27,,,,,,,,
18171558358,PushEvent,true,2021-09-27 20:39:46.000000 UTC,21195,jfuchs,121814210,primer/react,"""refs/heads/jfuchs/avatar-stack""",,,8025959483,1,1,"[{""sha"":""5769abd1fdaa62c6ff29f81d3c0f681814ea57f8"",""author"":{""name"":""Jonathan Fuchs"",""email"":""90953393b00a913928ea80c24abf4ec53baa1a46@github.com""},""message"":""fixup"",""distinct"":true,""url"":""https://api.github.com/repos/primer/react/commits/5769abd1fdaa62c6ff29f81d3c0f681814ea57f8""}]",,,,,,,,,,
18171378183,IssuesEvent,true,2021-09-27 20:27:14.000000 UTC,1663864,adrinjalali,843222,scikit-learn/scikit-learn,,,,,,,,"""opened""",,,,,,,,,
18171680859,PushEvent,true,2021-09-27 20:48:19.000000 UTC,6425824,josephsavona,410969971,josephsavona/react,"""refs/heads/remove-usereducer-eager-bailout""",,,8026015649,1,1,"[{""sha"":""882bbadefc50d763d3bf6c427e861f3f76c9948f"",""author"":{""name"":""Joe Savona"",""email"":""6977263c73bf2ae00930eec9b50ebede3b695164@fb.com""},""message"":""Update eager reducer/state logic to handle state case only"",""distinct"":true,""url"":""https://api.github.com/repos/josephsavona/react/commits/882bbadefc50d763d3bf6c427e861f3f76c9948f""}]",,,,,,,,,,
18171781230,PullRequestReviewEvent,true,2021-09-27 20:55:20.000000 UTC,4981219,alalek,5108051,opencv/opencv,,,,,,,,"""created""",20290,,,"""approved""","""CONTRIBUTOR""",,,,
18171151932,IssueCommentEvent,true,2021-09-27 20:12:24.000000 UTC,5402633,thomasjpfan,843222,scikit-learn/scikit-learn,,,,,,,,"""created""",,,,,,,,,
18171467389,PullRequestEvent,true,2021-09-27 20:33:25.000000 UTC,49699333,dependabot[bot],25396906,dunyakirkali/kuma,,,,,,,,"""opened""",3,,,,,,,,
18171566818,CreateEvent,true,2021-09-27 20:40:23.000000 UTC,3624098,acdlite,45281256,acdlite/react,"""unmount-sync""","""branch""","""user""",,,,,,,,,,,,,,
18171635549,IssuesEvent,true,2021-09-27 20:45:13.000000 UTC,25092866,ammarsalman94,45717250,tensorflow/tensorflow,,,,,,,,"""closed""",,,,,,,,,
18171541183,PushEvent,true,2021-09-27 20:38:32.000000 UTC,56741989,copybara-service[bot],45717250,tensorflow/tensorflow,"""refs/heads/master""",,,8025949649,1,1,"[{""sha"":""94917801452c642e75ce051773c8c72412d7e414"",""author"":{""name"":""A. Unique TensorFlower"",""email"":""746aced590a184ef4169166e753f7c211e32e5fc@tensorflow.org""},""message"":""Update ops-related pbtxt files.\n\nPiperOrigin-RevId: 399266874\nChange-Id: Ibf290804801a8cdd552ebb3c6ed6b2b4f0508f55"",""distinct"":true,""url"":""https://api.github.com/repos/tensorflow/tensorflow/commits/94917801452c642e75ce051773c8c72412d7e414""}]",,,,,,,,,,
18171315853,PullRequestEvent,true,2021-09-27 20:23:24.000000 UTC,6695617,junkaixue,15861701,apache/helix,,,,,,,,"""closed""",1881,,,,,,,,
18171781049,IssueCommentEvent,true,2021-09-27 20:55:19.000000 UTC,335567,Carreau,658518,ipython/ipython,,,,,,,,"""created""",,,,,,,,,
18171044190,PushEvent,true,2021-09-27 20:04:59.000000 UTC,266755,jjeffers,175842148,jjeffers/katello,"""refs/heads/33557_create_ostree_repository""",,,8025724661,1,1,"[{""sha"":""56c2464abf059d73d711e2c36da9da5be3060456"",""author"":{""name"":""James Jeffers"",""email"":""7e66d8e7404d9fb110ca3890d2026fc5a28e215f@redhat.com""},""message"":""Fixes #33557 - rubocop errors"",""distinct"":true,""url"":""https://api.github.com/repos/jjeffers/katello/commits/56c2464abf059d73d711e2c36da9da5be3060456""}]",,,,,,,,,,
18171045149,IssueCommentEvent,true,2021-09-27 20:05:03.000000 UTC,49699333,dependabot[bot],369384070,dedsec-9/terraform,,,,,,,,"""created""",,,,,,,,,
18171648675,CreateEvent,true,2021-09-27 20:46:05.000000 UTC,20180,apparentlymart,17728164,hashicorp/terraform,"""b-destroy-plan-double-warnings""","""branch""","""user""",,,,,,,,,,,,,,
18171316130,PushEvent,true,2021-09-27 20:23:25.000000 UTC,6695617,junkaixue,15861701,apache/helix,"""refs/heads/master""",,,8025847225,1,1,"[{""sha"":""d82fa8a7177427ac4ed07d6f58a774eb46d3c0b9"",""author"":{""name"":""Junkai Xue"",""email"":""c436d397d480eb19b462cc993e72e587d56e8087@linkedin.com""},""message"":""Fix test failure TestInstancesAccessor (#1881)"",""distinct"":true,""url"":""https://api.github.com/repos/apache/helix/commits/d82fa8a7177427ac4ed07d6f58a774eb46d3c0b9""}]",,,,,,,,,,
18171341810,PullRequestEvent,true,2021-09-27 20:24:53.000000 UTC,39814207,pull[bot],109461673,next-stack/moby,,,,,,,,"""opened""",1300,,,,,,,,
18171434121,IssueCommentEvent,true,2021-09-27 20:31:04.000000 UTC,49419645,changeset-bot[bot],121814210,primer/react,,,,,,,,"""created""",,,,,,,,,
18171462973,WatchEvent,true,2021-09-27 20:33:05.000000 UTC,31737554,bhati47,10270250,facebook/react,,,,,,,,"""started""",,,,,,,,,
18171416858,PushEvent,true,2021-09-27 20:29:53.000000 UTC,35934542,EvangelosKolimitras,291516832,EvangelosKolimitras/react,"""refs/heads/snyk-fix-ec7d9b411703f34a4145cdb8d220ee29""",,,8025893481,1,1,"[{""sha"":""0d140feff7505e977ccfeb31fc2f97560e8d02f3"",""author"":{""name"":""snyk-bot"",""email"":""6524ae312692b75c8ed05087d0aa3c757ac39348@snyk.io""},""message"":""fix: scripts/bench/package.json & scripts/bench/yarn.lock to reduce vulnerabilities\n\nThe following vulnerabilities are fixed with an upgrade:\n- https://snyk.io/vuln/SNYK-JS-ANSIREGEX-1583908"",""distinct"":true,""url"":""https://api.github.com/repos/EvangelosKolimitras/react/commits/0d140feff7505e977ccfeb31fc2f97560e8d02f3""}]",,,,,,,,,,
18171431337,PushEvent,true,2021-09-27 20:30:51.000000 UTC,21195,jfuchs,121814210,primer/react,"""refs/heads/jfuchs/avatar-stack""",,,8025900201,1,1,"[{""sha"":""142d5f6142466b92a365a6e31d0dd703d0d49915"",""author"":{""name"":""Jonathan Fuchs"",""email"":""90953393b00a913928ea80c24abf4ec53baa1a46@github.com""},""message"":""Removes styled system props from AvatarStack."",""distinct"":true,""url"":""https://api.github.com/repos/primer/react/commits/142d5f6142466b92a365a6e31d0dd703d0d49915""}]",,,,,,,,,,
18171461435,ForkEvent,true,2021-09-27 20:32:59.000000 UTC,30456535,groverjatin17,10270250,facebook/react,,,,,,,,,,"""groverjatin17/react""",,,,,,,
18171539621,CreateEvent,true,2021-09-27 20:38:24.000000 UTC,21195,jfuchs,121814210,primer/react,"""jfuchs/breadcrumbs-props""","""branch""","""user""",,,,,,,,,,,,,,
18171403041,PushEvent,true,2021-09-27 20:28:54.000000 UTC,56741989,copybara-service[bot],45717250,tensorflow/tensorflow,"""refs/heads/master""",,,8025885123,1,1,"[{""sha"":""e68627b71767f451dea9fdff2b581fdc61992ee5"",""author"":{""name"":""Jacques Pienaar"",""email"":""8b5f536c3e2f2b8ae266b27bc9085a584b5bd904@google.com""},""message"":""Update usage of tensorflow::int64 to int64_t\n\nPiperOrigin-RevId: 399265895\nChange-Id: I7ec805999811074e39e5f60f1719f193986c5901"",""distinct"":true,""url"":""https://api.github.com/repos/tensorflow/tensorflow/commits/e68627b71767f451dea9fdff2b581fdc61992ee5""}]",,,,,,,,,,
18171262906,PushEvent,true,2021-09-27 20:20:02.000000 UTC,5880386,PatriceVignola,370875074,PatriceVignola/tensorflow,"""refs/heads/master""",,,8025823310,1000,156,"[{""sha"":""5e4adb9583a5b1652e33c18ce73c16cfbdab958f"",""author"":{""name"":""Reed Wanderman-Milne"",""email"":""75734eae9db3e4fb4d6c671d22722b468d1a389b@google.com""},""message"":""Rewrite ParallelMapDataset in make_deterministic.\n\nThis makes calling Dataset.map deterministic when stateful ops are in the map_fn (assuming the user doesn't pass deterministic=False to map or tf.data.Options).\n\nUnfortunately, this can make a model's input pipeline very very slow when determinism is enabled. For example, on the official resnet50 model with 8 V100s, performance drops from 5199 images/sec to 331 images/sec, making performance only 6% of what it is without determinism. The input pipeline is probably even slower than 6% of it's original speed, as the model is bottlenecked by the GPU without determinism and by the input pipeline with determinism. In the future, I hope to improve performance when determinism is enabled.\n\nPiperOrigin-RevId: 395542882\nChange-Id: If76a3d6b2508717cf72bb2f410b100df462f6105"",""distinct"":false,""url"":""https://api.github.com/repos/PatriceVignola/tensorflow/commits/5e4adb9583a5b1652e33c18ce73c16cfbdab958f""},{""sha"":""3e1ed682f70f90506d46c2399dcdad3bae58c260"",""author"":{""name"":""Peter Hawkins"",""email"":""34b19541630131950b5f204f2c5f2c647a3a7475@google.com""},""message"":""[JAX] Include the function name in the error message when hash/equality of a static argument fails.\n\nPiperOrigin-RevId: 395550728\nChange-Id: Ibb33eb766f0016e29536154e9d1fce3b17595dc9"",""distinct"":false,""url"":""https://api.github.com/repos/PatriceVignola/tensorflow/commits/3e1ed682f70f90506d46c2399dcdad3bae58c260""},{""sha"":""d518f6936a4b418bb9ec23c0f1cf9e50c4fe8196"",""author"":{""name"":""A. Unique TensorFlower"",""email"":""746aced590a184ef4169166e753f7c211e32e5fc@tensorflow.org""},""message"":""[tf.data] Implement random access for the shard dataset.\n\nPiperOrigin-RevId: 395551189\nChange-Id: I3ba36db01bd611bf085cfc44f005d0ed5602988a"",""distinct"":false,""url"":""https://api.github.com/repos/PatriceVignola/tensorflow/commits/d518f6936a4b418bb9ec23c0f1cf9e50c4fe8196""},{""sha"":""e5381f1ce570c6e85f9d73e574573f4923d48c18"",""author"":{""name"":""Edward Loper"",""email"":""4e70de59cddd527517e9ce09eb7412beeffcbd1a@google.com""},""message"":""ExtensionType: Allow user customization of nested TypeSpec.\n\nAlso, update _check_field_annotations to check annotations in addition to __dict__, and add a test that using reserved names raises an exception.\n\nPiperOrigin-RevId: 395555627\nChange-Id: I54da07fcb559df49edc4693bb88333019ed4ba48"",""distinct"":false,""url"":""https://api.github.com/repos/PatriceVignola/tensorflow/commits/e5381f1ce570c6e85f9d73e574573f4923d48c18""},{""sha"":""cc0620d64e3c6b3d1abbfc86644eb874b61e0b9b"",""author"":{""name"":""A. Unique TensorFlower"",""email"":""746aced590a184ef4169166e753f7c211e32e5fc@tensorflow.org""},""message"":""[tf.data] Fix a bug caused by cached ctx in ParallelInterleaveDataset.\n\nPiperOrigin-RevId: 395556124\nChange-Id: Ie4a757ea6ce0631f5e86d1e99329e10bc772a1aa"",""distinct"":false,""url"":""https://api.github.com/repos/PatriceVignola/tensorflow/commits/cc0620d64e3c6b3d1abbfc86644eb874b61e0b9b""},{""sha"":""7ac0e011a0c40cab85d9721ed97031e06ee1dd55"",""author"":{""name"":""A. Unique TensorFlower"",""email"":""746aced590a184ef4169166e753f7c211e32e5fc@tensorflow.org""},""message"":""Revert change to constant folding that would cause an invalid NodeMap to be used\nwhen shape inference fails.\n\nPiperOrigin-RevId: 395558064\nChange-Id: I8eb6094477295f44f4789ffb505012b6f50fe217"",""distinct"":false,""url"":""https://api.github.com/repos/PatriceVignola/tensorflow/commits/7ac0e011a0c40cab85d9721ed97031e06ee1dd55""},{""sha"":""07fdb20d53090450fb8ba3662405f9628244544f"",""author"":{""name"":""Edward Loper"",""email"":""4e70de59cddd527517e9ce09eb7412beeffcbd1a@google.com""},""message"":""Update the docstrings for the decorators `@dispatch_for`, `@dispatch_for_unary_elementwise_apis`, and `@dispatch_for_binary_elementwise_apis` to include lists of the TensorFlow APIs that have been registered for each decorator.  These API lists are added by tensorflow/python/__init__.py after all other modules have been imported.\n\nE.g., the docstring for the @dispatch_for_binary_elementwise_apis decorator is updated with a list that begins with:\n\n====================================================\n  The binary elementwise APIs are:\n\n  * `tf.bitwise.bitwise_and(x, y, name=None)`\n  * `tf.bitwise.bitwise_or(x, y, name=None)`\n  * `tf.bitwise.bitwise_xor(x, y, name=None)`\n  * `tf.bitwise.left_shift(x, y, name=None)`\n  * `tf.bitwise.right_shift(x, y, name=None)`\n  * `tf.dtypes.complex(real, imag, name=None)`\n  * `tf.math.add(x, y, name=None)`\n  ... etc. ...\n====================================================\n\nPiperOrigin-RevId: 395563732\nChange-Id: Ia1a29033c4557a8e811480e07f1f197029ac863a"",""distinct"":false,""url"":""https://api.github.com/repos/PatriceVignola/tensorflow/commits/07fdb20d53090450fb8ba3662405f9628244544f""},{""sha"":""67a80685a5fd9fab33e3d68d938b05b22080cc27"",""author"":{""name"":""Allen Lavoie"",""email"":""eb65be0597eb1f51f240bbfc00f1cd10ccd2547c@google.com""},""message"":""Fix copy.deepcopy(tf.train.Checkpoint())\n\nIt uses a weakref, which deepcopy doesn't copy by default. It didn't throw an error previously, it just silently referenced the old object.\n\nThis will potentially be useful when checkpointing with low-level distribution APIs (basically making a non-distributed host copy of the model to checkpoint).\n\nPiperOrigin-RevId: 395564933\nChange-Id: Ie9aa7dc2b6bdbb08af70693875b945da355863ad"",""distinct"":false,""url"":""https://api.github.com/repos/PatriceVignola/tensorflow/commits/67a80685a5fd9fab33e3d68d938b05b22080cc27""},{""sha"":""9115419f1410ee5761873a01f657f153d144cc23"",""author"":{""name"":""A. Unique TensorFlower"",""email"":""746aced590a184ef4169166e753f7c211e32e5fc@tensorflow.org""},""message"":""Update TFRT dependency to use revision\nhttp://github.com/tensorflow/runtime/commit/b7ee6e4cf4229fe6f8010f7fcb5d4e6d7d51e87a.\n\nPiperOrigin-RevId: 395565156\nChange-Id: I15a3f7ebaa5749e318934610698cfcb413979706"",""distinct"":false,""url"":""https://api.github.com/repos/PatriceVignola/tensorflow/commits/9115419f1410ee5761873a01f657f153d144cc23""},{""sha"":""64387f4e027a4e4980a4203cf78a87c3c402c659"",""author"":{""name"":""Austin Anderson"",""email"":""3151abf3c4c3b9378c98ede6ff5f755099ce0bdc@google.com""},""message"":""Fix buggy original implementation of the sizetracker git version workaround\n\nMy original version of this fix last week was a bit buggy; I forgot that the\ngit_pretty function can be given a range of commits, and that the CL would be\ndifferent for each result. This new fix is much simpler, and does not act\ndifferently for different versions of git, so I'm not going to miss it again.\n\nThe data is still correct, but results with the original fix do not correctly\ninclude a full range of CLs, and they instead repeat the same one many times.\n\nPiperOrigin-RevId: 395577412\nChange-Id: I6e014343761b2f7ee4f72682183ab46d5e2eccfd"",""distinct"":false,""url"":""https://api.github.com/repos/PatriceVignola/tensorflow/commits/64387f4e027a4e4980a4203cf78a87c3c402c659""},{""sha"":""c8fd27c3a7d633187d53d2c7f240a54391e2e317"",""author"":{""name"":""A. Unique TensorFlower"",""email"":""746aced590a184ef4169166e753f7c211e32e5fc@tensorflow.org""},""message"":""xla debug info manager capture both running and compile time metadata.\n\nPiperOrigin-RevId: 395578297\nChange-Id: Ia45a31c20d4537991bd0472f96c1bc2455f8030f"",""distinct"":false,""url"":""https://api.github.com/repos/PatriceVignola/tensorflow/commits/c8fd27c3a7d633187d53d2c7f240a54391e2e317""},{""sha"":""d26815040130669dc1b7175b40925d32a5bcda97"",""author"":{""name"":""HanBin Yoon"",""email"":""024f177e31598ae518222a68ff45c86a00c86bd8@google.com""},""message"":""Simplify XLIR kernels using the TFRT_KERNEL_WITH_CHAIN_RESULT macro.\n\nPiperOrigin-RevId: 395578420\nChange-Id: Ibe0eca423461d2b2511214bdf02a15376a458b75"",""distinct"":false,""url"":""https://api.github.com/repos/PatriceVignola/tensorflow/commits/d26815040130669dc1b7175b40925d32a5bcda97""},{""sha"":""52de01e8cdfd89701b4cdd591fe82122f98e25be"",""author"":{""name"":""Marat Dukhan"",""email"":""c43d6c752720d378dbe370061dcb158d82e02389@google.com""},""message"":""[XNNPACK] Fix quantized ADD/SUB tests with -1 to 1 activations\n\nAdjust output scale so that output min != output max when -1 to 1 activation is\nused\n\nPiperOrigin-RevId: 395579056\nChange-Id: I0e72173f24a6ef92431608552bc9310530fca5af"",""distinct"":false,""url"":""https://api.github.com/repos/PatriceVignola/tensorflow/commits/52de01e8cdfd89701b4cdd591fe82122f98e25be""},{""sha"":""3442af44e867b2aebee156d9a31fedd3ef41c33c"",""author"":{""name"":""Andrew Audibert"",""email"":""23f2b5dd93c922fa4b806faa35ad0644038a966e@google.com""},""message"":""[tf.data service] Fix compression handling when \""grpc\"" protocol is explicitly set.\n\nPreviously we would see a non-`None` protocol and decide that compression should be disabled.\n\nPiperOrigin-RevId: 395581777\nChange-Id: I0b69660fff1dfb319b469566f1009cc7d81e3f2f"",""distinct"":false,""url"":""https://api.github.com/repos/PatriceVignola/tensorflow/commits/3442af44e867b2aebee156d9a31fedd3ef41c33c""},{""sha"":""8aa3c44f6d4bd0d51af03c6fa9e3a8222af495ba"",""author"":{""name"":""Jiri Simsa"",""email"":""b53bfee97ac78a1d2afd0ef6138945f352c1fa9d@google.com""},""message"":""[tf.data] Increase verbosity of logging active tf.data experiments.\n\nPiperOrigin-RevId: 395585092\nChange-Id: If6162b61e80933fcc1832b7dfa383e7ff5637a47"",""distinct"":false,""url"":""https://api.github.com/repos/PatriceVignola/tensorflow/commits/8aa3c44f6d4bd0d51af03c6fa9e3a8222af495ba""},{""sha"":""3b9f82ecd122352c65a26b9b8943e8da73f3e77c"",""author"":{""name"":""George Karpenkov"",""email"":""bbf3fb1cea1ba929a95f09c9e20513124012c8d3@google.com""},""message"":""[XLA:GPU] [NFC] Remove unused function, simplify some checks\n\nPiperOrigin-RevId: 395585703\nChange-Id: I8cffec344febccd0f1f5fe339e8521908ebfa2e1"",""distinct"":false,""url"":""https://api.github.com/repos/PatriceVignola/tensorflow/commits/3b9f82ecd122352c65a26b9b8943e8da73f3e77c""},{""sha"":""7f31e56453d8d0ce0fcfee92d850814a16c4ffbd"",""author"":{""name"":""Yang Chen"",""email"":""b1c859b0203793580f6fafdc9e88d8c10428cc59@google.com""},""message"":""[tf.data service] Add utils to parse the deployment mode.\n\nThis is useful for the clients to deploy tf.data service accordingly.\n\nPiperOrigin-RevId: 395588537\nChange-Id: I31fd5418c5fc78459f7d90528cba53dfded46758"",""distinct"":false,""url"":""https://api.github.com/repos/PatriceVignola/tensorflow/commits/7f31e56453d8d0ce0fcfee92d850814a16c4ffbd""},{""sha"":""b21e114d27c7dc67c6484958d1d206e8aa74eec7"",""author"":{""name"":""George Karpenkov"",""email"":""bbf3fb1cea1ba929a95f09c9e20513124012c8d3@google.com""},""message"":""[XLA:GPU] [NFC] Correct old incorrect comment\n\nPiperOrigin-RevId: 395591520\nChange-Id: I0dbd944b99594df870430fab79e947ce4a755d09"",""distinct"":false,""url"":""https://api.github.com/repos/PatriceVignola/tensorflow/commits/b21e114d27c7dc67c6484958d1d206e8aa74eec7""},{""sha"":""cf7f0f8737f289794a81e3bbd0bfdb21fedee3c6"",""author"":{""name"":""Andrew Audibert"",""email"":""23f2b5dd93c922fa4b806faa35ad0644038a966e@google.com""},""message"":""Disable failing conv2d test.\n\nPiperOrigin-RevId: 395592432\nChange-Id: I8e269ad310d84c90b9cec841f09fdc9cb80a9bb9"",""distinct"":false,""url"":""https://api.github.com/repos/PatriceVignola/tensorflow/commits/cf7f0f8737f289794a81e3bbd0bfdb21fedee3c6""},{""sha"":""a22b8be90b296c2633d6e29926bbd16e7d7e522d"",""author"":{""name"":""Hongmin Fan"",""email"":""0a373bbfe4146258a7195754119999b49b5dc163@google.com""},""message"":""Run inliner pass to expose more merge opportunities for the \""tfrt-merge-tf-if-ops\"" pass\n\nPiperOrigin-RevId: 395596182\nChange-Id: Ia573ee873f930e0a7845465f51e6f9fee20dbbbf"",""distinct"":false,""url"":""https://api.github.com/repos/PatriceVignola/tensorflow/commits/a22b8be90b296c2633d6e29926bbd16e7d7e522d""}]",,,,,,,,,,
18171495984,IssueCommentEvent,true,2021-09-27 20:35:22.000000 UTC,41898282,github-actions[bot],121814210,primer/react,,,,,,,,"""created""",,,,,,,,,
18171535401,PushEvent,true,2021-09-27 20:38:06.000000 UTC,7650812,brunosantanati,410933274,brunosantanati/terraform,"""refs/heads/main""",,,8025948766,1,1,"[{""sha"":""edf64e9c092e5c8a61a51d251af18a3fb4cf4c58"",""author"":{""name"":""Bruno Rafael Sant Ana"",""email"":""98185e55ca25190d3f323410552f777fdfe5c2b4@gmail.com""},""message"":""Criando recursos em outra region (us-east-2)."",""distinct"":true,""url"":""https://api.github.com/repos/brunosantanati/terraform/commits/edf64e9c092e5c8a61a51d251af18a3fb4cf4c58""}]",,,,,,,,,,